packet_rate,msg_interval_mean,msg_interval_std,packet_size_mean,traffic_volume,protocol_deviation_score,power_consumption_rate,voltage_fluctuation,energy_usage_index,comm_load_factor,anomaly_composite_score,meter_behavior_index,comm_attr_01,comm_attr_02,comm_attr_03,comm_attr_04,comm_attr_05,comm_attr_06,comm_attr_07,comm_attr_08,comm_attr_09,comm_attr_10,comm_attr_11,comm_attr_12,comm_attr_13,comm_attr_14,comm_attr_15,comm_attr_16,comm_attr_17,comm_attr_18,comm_attr_19,comm_attr_20,comm_attr_21,comm_attr_22,comm_attr_23,comm_attr_24,comm_attr_25,comm_attr_26,comm_attr_27,comm_attr_28,label,meter_status
-0.451207774,-1.238696161,1.181577414,0.317001649,-0.527904709,0.891416337,-1.543435026,0.222386859,-2.941840151,-3.646769179,0.070934602,-0.660358266,1.720394823,1.073624312,0.324763703,0.897033667,-1.471971481,0.564103229,0.332602229,0.592688183,-2.028962838,1.456245096,-3.348600813,-0.732155512,-0.45757558,2.176289674,1.084939536,-0.39693426,0.237849291,0.175696066,0.20726872,-0.208117865,2.686253025,0.619245336,-0.424052828,-0.235773769,0.717944675,0.70319489,-1.463406959,0.143294224,0,Normal
0.227818542,-0.305519032,0.870210783,-0.747784818,-0.966299036,-1.279106387,-0.533756605,0.358295491,-6.243357921,-4.470186915,-0.495210428,-0.587005544,1.497366897,-0.739220911,-1.221105445,0.363015204,0.685658277,-0.962066076,1.473137322,-1.234043385,-1.181390313,0.205904443,3.415822228,-0.780004238,1.331184017,3.177956885,2.737864174,0.828983994,-4.658906657,-1.77429659,0.4421373,-1.567853205,1.299551923,-1.068758371,1.724469446,-1.032455223,-0.365186971,-0.624790351,0.568806658,1.499817002,0,Normal
0.74718334,-0.944823298,-0.57794247,0.103677244,-0.774230285,0.521552164,-0.187800341,-1.408889524,-2.761759359,-3.299108518,-1.610813821,-0.291376468,2.792535352,0.370061604,-1.061530233,-1.127033263,1.028953371,-0.044970841,1.075644831,-2.598793341,1.842670068,3.519437489,4.437218428,1.651340617,-1.439689681,1.307049958,-1.501529811,0.222942145,-4.737195956,-1.575283738,0.886326298,-0.541951628,1.518710855,-1.292088416,-1.410847048,-0.616596644,0.302787012,0.880307917,-0.658142874,0.277353359,0,Normal
4.616679651,-1.013385477,1.164290517,0.170939754,0.197023361,-1.220137862,-0.231151211,0.05201959,-0.680177327,2.095475438,0.78057688,0.21888241,-1.041449183,0.294899632,1.415994443,-1.164641164,1.263789992,0.738714736,-1.53620335,0.125391023,0.734502098,0.760000255,-2.413625707,2.041137693,-0.278173923,-0.328826595,0.009142816,0.649817808,-0.982692573,-3.002595284,0.438589927,3.53086126,2.491736363,-0.658583333,-0.575057012,-0.482530986,-2.297526796,-1.17317106,-0.591456866,0.96693176,0,Normal
-0.370767702,-0.803994385,-0.953865691,0.023761537,0.522036886,-2.280334795,0.01729422,0.354679962,0.120322719,-1.576321761,0.388817796,-0.74337273,-0.535230515,1.100101674,-1.37164595,-0.452342911,1.568182031,1.582098725,2.213693574,-0.66051428,0.145517162,3.201969802,-3.328473229,0.86766391,2.283825607,1.040057559,0.956901968,-0.17410201,-2.066238024,-0.077460418,0.008921015,0.419931726,0.696926285,0.790525324,0.321447025,1.012387146,-1.362267503,-0.621450848,2.148564765,1.473035971,0,Normal
-0.207874253,-0.940824887,-0.818507271,-0.384858923,-1.334511811,-0.133668831,0.048493397,0.860190478,-4.585512919,-3.435505432,0.701744691,-0.176515672,2.0537972,-0.288419447,-1.798666554,-0.248460949,-0.237716152,-0.983072807,-0.669707559,-0.941046883,-0.586492748,-1.2070871,1.517439731,1.718639998,2.04944593,2.956014264,0.040463097,-1.001339391,-0.999032475,0.942883749,0.632227246,-3.601429423,-0.359347679,1.000227636,1.075719452,0.06901681,-0.582570591,2.119249378,-0.034581794,-0.330902053,0,Normal
1.495609685,-0.116745755,-0.146196515,-0.817533411,1.288662285,1.555584956,-0.142462121,0.476326286,0.190142916,-0.437597685,1.515769691,0.774820748,-2.408648247,-0.777592074,-0.877506595,-0.366545693,0.086238734,-0.003970403,2.476282852,0.22237993,0.001939234,3.028340135,-2.001232789,0.258817849,-2.714701985,1.179421912,-0.882320425,1.666170172,-3.096148943,-1.822787555,-0.169015701,2.601047812,0.686767577,0.422666815,-0.496523669,0.836711609,1.751417134,0.415608525,-1.10465448,-0.108957191,0,Normal
-1.393747899,-0.524988245,0.739226514,0.690363141,2.045648533,0.565068466,-0.305092166,-0.711214247,-2.514123022,-2.166378111,0.154776169,-0.417735689,1.396263804,0.142920042,-0.221062219,2.199323121,0.396545565,-0.084656144,0.581634347,-0.700246883,0.535939434,0.875283529,1.617840146,-0.767403951,0.45275525,1.432595534,0.101349956,0.376078297,-2.337517722,0.407966189,-1.752997582,-2.065830951,1.018022252,0.085553064,1.06027581,-0.220349619,-0.419928173,0.143115249,-2.457857008,-2.457101796,0,Normal
-0.170383169,-0.495112296,-1.332546895,1.09853192,-1.193453958,-1.058363685,-0.626094874,1.109279743,-6.014891672,-5.565465353,-1.383277628,0.488792861,-2.402416426,0.746610825,-1.096704159,0.913177627,-0.589542007,0.037655206,1.747650872,0.271178779,0.656472117,2.747637273,3.293003602,-0.927553559,-0.466248847,5.854228392,0.937663246,-0.292143,-6.190776025,-2.800103459,0.073059198,2.073808151,2.97505553,1.255660921,-1.372931187,0.004867879,-1.276861513,0.517622786,-1.875869853,1.164059411,0,Normal
-1.165850593,-0.098860969,-0.003661289,0.852354687,0.127694577,1.04915244,-0.150730929,1.877100585,-1.475914489,-0.345477017,-1.498998973,-0.371677834,1.496102701,-0.249096923,-1.097810112,1.2449616,-0.57395779,-1.184737999,-0.267060085,-0.197071551,-0.72624333,0.966372982,0.135838035,0.150309981,-1.05436561,-0.435309602,-0.050423296,0.654731739,-2.149845795,-0.267080503,0.402354192,-1.038407967,2.262021412,0.818220373,2.179703718,-0.166523062,0.243169068,1.845948437,0.366307374,-0.363565576,0,Normal
-2.492090624,2.20907167,0.36846664,-1.924792924,-1.092479143,-1.287058173,-0.231587473,-0.289600719,2.355778328,-1.690149832,0.584989716,-0.627676401,2.77562548,-0.195013102,0.216842607,1.552480724,-1.026156209,-1.814580491,1.11537039,-1.186894196,-2.12752216,4.433032306,1.118909938,0.190237018,-1.189140495,-2.478787344,-0.955348213,0.02071277,-3.425169783,-0.047357191,0.522189102,-1.01657474,-0.734053255,0.480304838,1.00335781,0.054220518,0.035939332,-0.176021403,1.958311577,-0.112477559,0,Normal
0.644459869,-0.427970837,-2.041405023,-0.291866922,-0.43352766,-1.43910217,-1.056608182,0.37855353,-4.63431708,-2.713419422,1.152194893,1.850940473,2.441191067,-0.410535655,1.647416571,0.406710881,0.267303802,0.525929363,-0.754369368,-1.534665431,0.067069135,0.039054074,4.693062246,-0.257325189,-0.776995555,3.74156366,0.926246022,-1.016351131,-1.616511021,1.187597168,-0.561265377,-3.495643836,1.058155377,-1.654118429,-1.858921848,1.831871828,0.114049419,-1.886923351,-0.368634112,0.953011992,0,Normal
0.65077324,3.19898021,-0.550155543,-0.012286161,-0.060554617,-0.667800139,-0.631212458,-0.209618494,-1.64094408,-2.343331315,0.709190164,1.133901569,0.482349261,-1.47943686,-2.267588733,1.206197226,-1.945213059,-1.895324229,-1.154100325,-0.658448023,1.067348313,-0.010142445,-2.695684688,-1.103848777,-1.774883985,2.743860687,0.690582994,-0.562008103,2.938215105,1.165086136,0.029129083,0.117804501,1.183795066,-0.456967376,-2.969925522,-0.529840109,-0.904006456,-1.377239108,0.672360808,-0.020515833,0,Normal
-0.366402926,-0.377004541,0.791177261,-0.51552199,-0.066864822,0.591314639,0.201098165,1.24805139,-5.051304726,-0.314882437,-0.365673855,2.229476418,0.075404917,-0.14165841,-0.702154989,-0.038320636,2.178997246,0.667161833,0.494184047,2.51911168,0.260018255,0.179919268,1.322861235,-0.091506015,-2.043616102,2.487979311,0.645013393,0.463086798,-3.634791851,-0.661721906,1.073221644,-1.090769315,4.995451688,0.741617578,2.136958326,0.39547985,-0.337446678,0.588404694,2.349891147,0.616445116,0,Normal
-0.571995727,-3.366911643,-0.031518292,1.010588679,-0.736085554,1.38525558,-0.857065468,0.758909606,-1.237190459,0.046764772,1.439123746,-0.786584111,-3.192126333,-1.98807549,-1.239334496,-0.030767553,1.599253543,0.071729244,1.364354566,-1.424639324,-1.345162939,2.781979458,0.140660682,-0.097445815,0.160495236,4.577638965,-0.764097015,-0.022366011,-4.970829146,2.370848508,-0.169603798,-3.378295004,-0.59692867,0.35380932,0.770747269,0.256782168,0.037162114,-1.057196671,1.221423965,-0.815073792,1,Intrusion
-2.288259936,-0.120186528,0.437473827,-1.386649787,0.855267746,-0.275947007,0.761798728,0.822053626,-1.282406498,-1.387690641,-1.378294167,0.388260356,1.374879265,1.115303821,0.58594662,-0.286231586,-0.4482322,-0.260766432,1.492751809,-0.760589135,1.516488512,1.000099264,0.672900238,0.755754175,1.246197076,0.142424483,-0.038268389,0.950989251,-2.252275984,0.586828724,-0.132672387,-2.102762579,0.817811413,1.016729297,2.250313017,1.892361515,-1.017026222,0.075314952,-0.590742092,1.198376999,0,Normal
0.439271039,2.688788752,-0.209088832,-0.701718869,2.319509816,-0.773254302,0.296087068,0.266890879,-5.162590842,-4.22716166,1.2438504,0.844601617,-1.293028934,-0.698052328,1.341536242,1.171277928,-0.533071698,0.55112908,-1.348566403,-0.003580606,1.555765042,0.421369053,0.545081767,-1.071604698,0.156232818,4.83774872,-1.793450184,-1.717096817,-1.147505193,-1.537807396,0.38935284,2.080322044,3.421234027,-0.320453543,-2.401890571,1.709439668,-1.042359292,-0.645920083,1.021469255,0.416011688,0,Normal
1.047668953,-1.1836465,0.498454207,0.757055594,-0.088284656,0.685380618,0.805201357,-1.611860319,-4.443348992,-3.446227908,1.496935193,-0.389890999,-4.749076939,-0.622272182,0.120858809,-1.70691152,0.434622117,2.069361282,0.470226963,0.806885179,0.696483734,1.708983894,-0.011910757,0.190077844,0.474686434,7.649951418,0.931961832,0.182320352,-3.433457872,0.007315832,-0.370910283,0.592290745,0.937770154,0.493272158,-2.575462392,-0.236451363,-0.544734021,1.083853845,0.342607542,0.722355862,0,Normal
-0.978134423,-1.488677961,0.228487,-0.017038054,-0.992788659,-0.642744889,-1.393735041,-0.56772084,-0.637306099,0.116375367,-0.270055968,1.894618337,2.211632398,-1.360534349,-1.082994675,1.111708739,-1.120493551,1.19663935,-0.182730714,1.442531564,-1.189219303,-0.150655007,-0.334352943,-1.08513611,2.1336765,-1.615088672,0.549338907,-1.430903215,-0.306064094,-0.101389212,0.104537327,-1.014347736,1.456659958,-0.510183039,2.170164456,0.729432581,0.299857963,-0.519117629,1.24940584,-2.269095522,0,Normal
2.596229414,-1.204941451,1.055655324,-0.958478495,1.024340743,0.729249829,-0.190996674,1.584043236,-0.675165004,0.114461198,-0.269221868,0.391744099,-4.452653673,1.714167329,0.138069141,-0.886194552,0.103273973,0.531161421,-0.562542041,-1.53654892,0.54154593,1.547710619,-2.514144049,-1.523433976,-0.540690206,5.358274149,1.632703987,-0.566744272,-1.488832953,1.693972873,0.436839769,-0.830510251,-1.660388762,-1.227784512,-2.22177503,-0.187926469,-0.555099078,0.835772781,1.13584599,-1.419615304,0,Normal
2.327943289,1.194935165,1.250089474,0.790155568,-1.181623152,0.211567528,1.15617288,2.007938739,-0.613911952,0.653140099,-0.010220493,1.594137978,-1.856499545,-0.944471515,-0.811332706,0.933313004,0.310141673,-1.637911984,0.016240014,1.590063812,-0.646819613,2.282090343,-1.328904423,-0.506950861,1.116781067,0.354682391,0.399268024,-1.408498635,-3.57365119,-2.7288822,-0.345197218,2.815934362,1.814014799,0.496959194,0.496953677,1.216364741,-3.636996051,-0.231083051,-0.983685251,0.71761927,0,Normal
-2.546195026,-1.052931761,-1.000016231,-1.960894608,-0.730840477,1.876873292,-0.609263693,0.986483594,1.473000996,-2.416930637,0.003871026,-1.392430176,-5.336423595,-0.271080083,-0.927395266,1.337996462,-0.442687486,-0.774727679,1.483052914,-0.130314899,-0.023439737,3.365479495,-3.128694687,-1.084635401,-0.777158805,3.97883608,-0.630847203,0.481520258,-3.129517729,1.651647363,-0.166382732,-0.194280892,-3.053445661,0.43256255,0.084759544,1.319238926,-0.566417337,0.380176379,-0.882142565,1.970402635,1,Intrusion
1.786359984,1.341659908,0.411931005,-0.784012994,0.213326153,1.797210554,0.545921683,-0.553057522,-2.935165972,-1.58503641,0.109457274,0.457991818,-1.19757475,0.581966547,1.909082712,0.913395873,-1.507592977,-0.333177892,1.222586685,-0.739698897,-0.024502189,0.405503012,-1.977920789,-0.664741347,1.552136538,3.044246959,-0.718855474,-1.003768112,-0.289132559,-0.96788513,-1.441384983,1.570347163,2.327458788,-0.949716545,-1.408976468,-0.269234982,-0.436714123,-1.713452311,0.402044532,-1.215078677,0,Normal
-2.470549508,-0.065605728,-1.273329206,0.492797271,0.188600412,-1.546029614,-0.766160392,0.146946995,0.825791968,1.344241886,-1.610050558,-1.17736261,-0.496992596,-1.840562269,0.165493057,0.843601213,1.455259271,-0.147190958,1.146685756,0.307346211,0.341234291,-0.814191508,-1.914069991,-0.048098799,2.363486186,0.143704529,-1.32888686,-0.345624585,-0.18826934,3.200454177,1.305806191,-4.312292345,-1.890679858,0.700681503,3.603918469,-0.584598022,-1.187430324,0.493171017,-0.130273594,0.70154751,1,Intrusion
4.72288529,0.229652958,-0.26886831,-0.476171152,-0.297866734,0.196315138,-0.460186397,-0.90646833,-1.803178742,1.536342489,0.290518807,0.504062556,-3.120707733,-0.781960202,1.152185854,2.744852246,0.866913627,0.814414146,-0.341310122,0.679008041,-0.233163193,-0.972731631,-3.046768215,-0.276566129,0.135101611,3.200515488,0.28517608,-0.264342,1.155927075,-0.769989951,-0.272006466,2.117878137,1.259022754,-0.205064476,-2.322453295,0.821779676,0.89427822,-0.613767953,-0.258631723,0.095641702,0,Normal
-0.583586289,0.787294725,-0.073269381,-0.656439971,-0.300058327,-0.481776231,-1.171457595,1.638396891,-3.107529709,-3.581328388,0.277013965,-0.953461601,1.349196881,-0.391195487,0.710064319,0.914378474,-0.888642489,-1.145771056,-0.331041393,-0.404630945,-0.222689999,3.797521442,2.271646745,0.092429612,-1.110899401,0.993973631,0.772885306,-0.551879135,-6.83049548,-2.459669765,-0.307745144,-0.114338411,1.662669406,0.145700219,2.006115038,-0.152628578,0.495136249,-1.260957561,-0.334991557,0.341882365,0,Normal
-1.479860711,-0.821080339,-0.286231714,1.588628865,-0.338878146,-0.378479598,1.167875992,-0.837378585,-1.344350597,-2.600678832,-0.190994575,-0.731316272,1.658210887,-0.11358657,-0.375362426,0.559439101,-1.032942341,0.319609635,1.272866288,0.877834093,2.539897763,3.545561961,1.563175489,-0.71427646,0.603751447,0.724859954,-0.18837192,1.029519663,-4.532085535,-0.292316919,-0.269081922,-1.422846875,0.958078075,-1.406841646,0.974130607,-0.191830233,0.727261356,0.642156455,-0.39062754,-0.895123324,0,Normal
-0.727344358,-2.179713005,0.681527033,-0.278048266,-0.297936545,-0.513324046,0.639147916,0.238364488,-3.291106271,0.889278259,0.697008217,0.395810964,-0.288292513,-0.489744017,-0.707472194,0.112363058,-0.139623261,0.840855148,1.423033119,-1.993666591,0.417086377,1.57574072,-2.459106632,1.056163921,0.45898278,-0.153695781,0.806661838,-0.657371641,-4.793894251,-2.146121022,-0.169041809,0.744734882,5.924736344,-0.513975223,4.951906926,0.132214299,1.066036113,-0.579859433,-1.004875453,-1.602961255,0,Normal
-0.026241165,-1.204942835,-0.34973057,-0.205754023,0.22100461,0.480850324,0.168220957,0.107138834,-5.15990111,-5.200283674,1.050364023,-0.425855961,-1.564853522,0.244189646,-1.030338982,-0.276658729,1.909006866,0.407872757,-0.074107353,2.155570424,1.14325837,1.79058152,3.380069858,-1.876923422,1.206474414,5.625692252,1.530846568,-0.135406574,-2.925142514,-1.740325156,0.423096261,2.174579194,3.062857071,0.141046494,-3.729938286,0.795241086,-3.193224008,2.201549285,0.230044628,-0.443919827,0,Normal
2.227579634,-1.068846367,-0.413058757,0.930375827,0.928282742,-0.471629088,1.540036176,-0.501670767,-8.278900485,-2.675694898,-0.847368711,1.341658525,-3.038936602,0.168122481,-0.75088439,0.32879871,0.511632627,0.749056256,0.200194365,1.680971743,0.178593611,-0.755182347,1.062761177,0.181812392,0.28618512,6.575086901,-0.529058415,1.601626123,-6.428387945,-1.829958722,-1.492363053,-1.416668007,1.795924615,-2.447448614,3.080196267,-0.435513017,1.172583399,1.477008145,-0.034978645,-0.720515053,1,Intrusion
5.028306513,-0.957908163,1.733806777,0.11757213,-2.189306713,-1.460208345,-0.292818408,-0.448372548,-6.055140204,-1.294266393,-0.616885966,0.169705408,-1.024326466,-0.055565686,1.01010702,1.246239497,-0.099971278,-0.207224114,-1.251206911,1.179815152,-1.134572435,-0.429904075,4.301861509,0.37384607,1.505427451,0.096862339,0.208561577,-1.088239241,-7.866744181,-8.16071521,-0.412048585,4.659072701,2.182250628,0.34741441,3.474128973,-0.110026008,-0.101081495,0.788481612,-0.41365774,-0.56705633,1,Intrusion
1.40457449,-0.749910432,-0.840508291,-1.264702611,-0.445718393,-0.292654645,-0.196606799,1.442281089,-4.958188127,-2.860674198,-0.184487573,-0.664168916,0.032171461,-0.455730719,1.714460815,-0.907461971,1.554182382,-0.817725625,-1.312430966,-0.118439875,-0.268030678,-0.561547227,1.110858692,0.892361644,-1.900843957,4.588804979,-0.364849491,0.830571802,1.2690279,-0.4317087,-1.208766965,1.315313946,4.158146135,0.012197764,-4.137103911,0.12939485,-1.499563218,0.21880896,0.6349109,-0.316620739,0,Normal
-2.532862998,0.937606125,2.035606525,0.823091549,-1.298108914,0.802448724,0.047371795,-0.668001732,0.455966703,0.039746373,-0.309011266,0.362392435,1.348636601,-1.397290229,-0.266474335,0.058105094,1.292047179,-0.031154072,-1.096920266,-0.151882961,-0.568832991,1.97437316,0.902500582,-1.526640679,-1.897480109,-0.753711635,-0.513523866,-0.138860892,-1.310149234,0.875265378,0.570262499,-0.973161573,2.216491617,0.620545715,0.455312428,-1.48728774,-0.878869528,-0.597913852,0.485040287,1.67305624,0,Normal
4.052342647,1.159930022,-1.7131976,-1.232479811,0.290232122,0.539916901,-0.631989157,0.191456427,-9.291564563,-2.505272887,0.036555767,0.206592559,-2.822376949,1.033029986,1.446672356,-0.520262547,-1.690246613,0.280154793,0.575760551,0.913502662,-1.070797256,1.189490791,2.708591948,1.028597571,-0.109807243,7.418804212,0.121231337,1.736208107,-8.945306253,-2.897442161,-1.150962467,-0.829489693,3.375620349,-0.610280918,1.804549651,1.366367334,-0.12305986,-0.824772397,-0.254969423,-0.084643367,1,Intrusion
2.053844839,0.486336112,0.617256392,0.974527015,0.848816086,0.139700769,-2.511753544,-0.145654903,-1.411413721,-1.322975158,1.617379531,-0.360311541,-1.15374951,-0.44833819,-0.676755891,1.296420708,0.689638127,0.687792738,-0.693583578,-0.405216482,1.585722443,1.925216311,-2.251479376,-0.209387793,0.627141511,1.587066283,-0.743594898,-0.455976641,-2.107235442,-1.850613732,-1.042331662,2.028178154,1.100558869,0.217605609,-0.402952696,-1.322946071,-0.692202266,0.186365919,-0.82103467,0.764527662,0,Normal
0.254399163,-2.288680254,-0.485550946,-0.94101029,0.269189504,0.378706968,-1.022798685,-1.144686486,-0.23254338,-1.138533224,0.024138981,0.327125626,-1.537265443,0.3324684,0.85693522,0.910915416,-1.349398956,-0.656656185,0.38303274,0.701307204,-1.952233841,3.984549322,-0.074713765,-0.966219407,0.264637209,0.685770609,0.811661839,-0.721950071,-4.439940351,-2.434947006,1.172399138,2.931327052,2.106823773,1.807704463,-0.434359142,-0.519349692,0.06857592,-0.26427752,-1.53565572,-0.05387327,0,Normal
2.958567761,-0.286939985,-0.597942067,0.790542607,-0.339099879,-0.951177836,0.040364094,0.82971871,-3.463810205,-0.932628591,-1.011477713,-0.749449791,-2.016403485,-0.63142387,-0.222803998,-0.462180401,-1.467044263,0.625862608,-0.657129358,0.589682867,0.295798057,1.725285029,-1.551758083,-1.109523556,-1.303062858,1.377576043,0.009155611,2.535267555,-4.320418152,-4.67968384,0.30574022,4.50450075,3.920990085,-2.152732621,0.92969574,1.316393837,-0.080896213,-0.353128062,-1.904466347,0.724432942,0,Normal
0.187739335,-1.124959294,1.135599381,0.934999274,-0.755618303,0.597811891,1.803718728,0.602999891,-4.217960588,-0.044634447,0.082401184,-0.288379532,-2.186761776,1.054087833,-0.96526087,-0.387845083,1.928497786,-1.268359386,1.268747298,-1.857603971,-1.451246069,0.837519919,1.16784056,1.391099457,0.26048849,5.126665145,0.168615379,-1.553544137,-4.28001725,1.524704187,0.713148895,-3.162542612,2.004173735,0.524190816,1.006092084,-1.287478798,0.763059286,1.362072474,-0.861499983,-0.847948675,1,Intrusion
-0.450378449,-0.145955658,-0.06374976,1.535052676,-0.999046075,0.14281227,0.508616868,-1.468323326,-7.288409891,-4.682701438,-0.338873783,1.224463829,-0.012144219,-1.566636185,-0.532944186,0.187301552,2.266724141,0.809374387,1.117228678,-1.230312209,0.297812017,2.512869777,3.769148723,0.254827535,-1.558020969,5.788621231,1.79482249,1.410481037,-7.469824393,-0.893368567,-0.598074436,-2.385048218,3.000164942,-1.303561426,1.221959959,-0.809832834,-0.887465485,0.522884866,-0.498303132,1.296569222,0,Normal
0.697739162,0.113461145,-1.434497648,-0.446307834,0.347048786,0.394986279,0.719758789,-1.537067585,-4.480464768,-2.10699292,0.96444348,-0.040776415,1.657808827,-0.160960374,0.153569392,-0.883840486,0.243165009,0.70139168,-1.214178788,-0.982994419,-0.458708167,0.707242797,2.306054621,-0.361627093,0.760776362,2.05560391,0.104654346,-1.084247506,-3.251691345,-1.09401308,1.551927391,-1.11142803,2.626071639,-0.49689173,0.678542861,-0.727840794,-0.590209886,-0.116293845,0.820908959,-0.201169828,0,Normal
-2.37371238,0.19369213,-0.555197753,-0.815017552,-0.797553018,1.341695152,1.426454778,0.637749933,1.595092103,0.302131935,0.173803668,0.019187586,0.306129731,-1.637401929,0.278830216,-1.631137228,0.099141762,-0.084963865,-0.590384254,0.332251755,-0.75431647,1.057925688,-2.128580441,-0.073158524,0.018161733,-1.103375609,0.060766227,-1.405633154,-1.458246367,1.71260404,1.756275051,-2.783770895,-1.764350353,-0.203562947,3.499991667,-0.88484896,-0.109848864,1.489043506,-0.209625098,-1.368979151,1,Intrusion
-0.220573343,1.584661198,1.217313505,0.079366131,0.603614926,0.79098343,-1.05938122,0.115853964,-6.207346737,-2.40852717,0.160582276,0.039689689,0.131343839,-0.00745288,-0.431277743,-1.049205201,-0.051457163,-0.61567089,0.465501256,0.889022653,-0.272980272,1.156742224,2.791382274,-0.600953924,2.096676208,3.772337308,0.658093641,0.213661457,-5.399047638,-1.277255693,1.707123501,-1.126895328,4.330397814,1.937951045,1.566981936,0.160166352,-1.146154219,-2.690130409,-0.470352594,-1.817849584,0,Normal
1.583465153,-0.882111897,-0.737601771,2.578949952,2.092284911,0.110999797,0.530764831,1.000019243,-0.159518408,-1.093316801,-0.178281256,-0.188806438,-1.868545164,0.238906956,-1.222915709,-0.715184435,-0.717532522,-0.300527222,0.930130489,-0.951310613,0.281239374,0.937400424,-2.537905788,-0.215466463,0.217398985,3.363738603,1.164583637,1.029501363,1.864720914,1.129997628,-0.123127442,0.900977821,-0.057085891,0.6686325,-3.898016882,-0.026953079,0.365062921,0.40591861,-0.370425336,1.444609896,0,Normal
0.319829599,0.043701858,-0.666459995,-2.085060002,0.027853464,-0.916302373,-0.411233174,-0.626358139,-1.695837991,-3.212714752,0.230246001,-0.251147515,-2.960751856,-0.85721939,0.680361455,0.205842639,-1.134889465,-0.078733448,0.560199676,0.744051807,-0.085978022,3.785298308,-2.591417051,-0.528059028,0.517574776,2.942611971,0.278210096,0.135867141,-5.567967029,-2.043533185,-0.713960159,1.678750301,-0.088666792,0.167260532,1.343376169,-0.823235414,1.435240064,-2.391806052,-0.860338632,0.332947926,0,Normal
-0.818456622,0.766329579,-2.27227731,-0.183904588,0.306662507,-0.240637179,-0.248670202,-1.553947935,-4.769476468,-2.817468339,-0.987473212,0.495211092,0.830483106,2.284644164,-0.027559025,-1.208680204,0.06378553,1.025418218,-1.214098236,-0.616854402,-1.048445323,0.496807415,0.722420357,0.467569128,0.411348788,1.294801156,0.742927185,-1.149769217,-5.205296016,-1.954261511,-0.03946424,-1.236299382,1.722826912,-0.062575884,4.546114674,1.01272139,-1.652579003,-0.24406906,0.039356078,-0.495730511,0,Normal
0.88369095,-1.236584575,0.045522312,-0.462800843,-1.372534884,0.768586428,-0.956772771,-0.230035523,-4.211880766,-1.115099682,0.594708316,0.419373184,-3.72193212,-0.132802513,-0.676031536,1.058057706,0.200950061,-0.387606716,0.72406231,0.600023945,0.661249457,1.654733184,1.213196967,-0.671673527,-0.711142791,6.104434899,0.450240303,1.885103773,-6.046778573,0.666321468,-1.117084998,-2.466917586,0.215465803,-1.375320985,1.001436605,0.904267431,-0.408753337,0.491871033,-0.618992173,1.611049645,1,Intrusion
-2.01408698,0.400160069,-1.276568867,-1.417623806,-0.961280879,-1.914700041,0.568600562,-1.523412663,0.899028349,-0.22503277,0.231080071,1.370107948,2.278052138,-0.933913521,0.425040961,-0.634035621,0.262576113,-1.678629111,1.426632397,0.793613612,1.049396486,1.701980657,0.70211541,0.871835184,1.460585621,-1.311427968,0.254564239,1.026543704,-0.870935932,1.12995856,-1.382516535,-1.828742051,0.596903296,-1.023862628,0.722798376,-0.379226518,0.281126945,0.911688486,-1.600808803,-1.461370156,0,Normal
1.784014682,1.382750992,-0.500849382,-0.685094084,0.374511995,-0.020333016,0.206672258,1.536610496,-1.501480706,-0.759229194,-0.035549802,-0.38765106,-0.258779021,-0.400606548,-1.238186737,1.005511313,1.553322641,-1.995211477,-0.070247407,-0.760869262,-1.211741515,1.014049101,-2.76925482,0.709856035,-1.564058819,0.612471178,-0.309036188,-1.098037931,-0.185459661,-2.020620312,-0.507886232,2.867728475,2.937059159,-0.850598496,-0.732421898,0.431130356,-0.211818707,-0.464676335,-0.885849428,0.154142838,0,Normal
2.682994651,1.256869994,-2.268697482,-0.231122245,1.674237536,0.262800324,-1.039471159,1.322190594,-3.758256492,-2.284773817,0.459534144,-1.514152772,-4.26793452,-1.066859436,0.825077983,1.542059295,1.713871316,-0.038981908,-0.384215726,0.095698659,-0.098234851,1.363103462,-1.119727635,0.799597385,0.968337851,6.366320997,-0.768459466,-1.260806135,-2.617250653,-0.731439668,1.799082482,1.424002572,0.881156611,-1.853977076,-2.539784633,1.378476908,-0.987329221,-0.625822044,-1.543145967,0.354894532,0,Normal
-0.523121007,-0.188413896,0.254479479,-1.791779917,-0.992296248,-0.236520357,0.075917252,1.488051832,0.301051243,-0.5425571,0.183640382,0.250459186,3.706961035,-1.372380052,1.496576105,0.201805194,-0.403729168,-4.100292941,-0.492887644,0.713282444,-0.823588026,-0.553553082,2.442317847,-1.514530402,-0.38864742,0.290112048,0.816025703,0.772583492,3.322120863,3.237830333,-1.95803252,-3.567089523,-0.707595226,-0.598866611,-3.067311229,-0.218292335,-1.54508098,0.493465999,0.054756112,0.582163199,0,Normal
0.537711038,0.729458671,0.770889217,0.980281533,-1.972600935,0.018357742,-1.461637121,1.701954332,-5.944768775,-1.525526857,0.101671561,-0.285284976,0.842298411,-1.519808002,-0.612087487,1.706853286,0.013016053,0.572240123,1.5900484,-1.170848637,0.119907479,-0.741737966,-0.223816927,-0.896037266,1.454591512,1.215271527,1.984740697,1.502782036,-4.376432007,-2.580444602,-0.59268578,-0.564367284,3.603243171,0.925286799,4.907683701,-0.587074535,-1.856498008,-0.552162719,-1.536189241,-0.32003013,0,Normal
-2.050518988,-0.581754066,-0.198227513,0.523705462,0.183152776,0.240155249,0.497789439,0.1965122,-0.9786973,-0.750313838,-0.327513211,0.960351801,1.577898913,1.525762812,0.681649225,-1.314846994,-0.86784822,0.318510098,-1.184917093,-0.522471395,0.481282012,0.969069053,1.496077045,0.326208381,-1.383930226,-0.443046314,0.009347502,0.352247019,-2.080398098,0.226351108,0.234899018,-1.518606236,1.40241848,-0.742398905,1.747692246,0.623105531,-0.298157895,-1.156860051,0.25367594,-0.05354863,0,Normal
0.68915142,-0.090145943,-0.44656906,-1.107743764,2.84148783,-0.155735829,0.362830084,1.421636284,-4.287092934,-3.188466593,-0.659156515,-0.494921333,1.611534934,-0.599506479,1.044399788,0.046279898,1.241206241,0.114921157,-0.388661275,0.202169607,1.087360905,3.732489505,3.470717103,-0.481922614,1.380868383,2.432592959,-1.066289202,-0.36545062,-6.464739154,-1.979066994,0.035446215,-0.520730245,2.929238512,-0.96422259,0.089107432,1.363150186,1.137211549,0.006992571,-0.46261476,-0.924532829,0,Normal
-1.575875385,-0.642371513,-0.191389601,0.344668106,0.373200996,-0.477401274,-0.468746056,1.379253029,-3.072771594,-0.162910071,-1.133053102,0.058055552,0.608422828,-0.819795304,0.003586148,0.24271442,1.04275734,0.586067501,-2.132753621,1.431043256,0.175034899,-1.031421433,-0.944451125,-0.584047718,-0.143912265,1.367948732,1.230883508,-0.97149772,-1.006679711,1.232527477,-0.656041661,-2.803464226,2.26067848,-0.404983186,3.140814497,0.311577085,0.440041415,1.074704261,0.680906112,-0.669321308,0,Normal
-0.807483731,1.140715398,0.345143588,-0.579519391,-1.013325742,0.806607492,0.140034483,0.173623141,-4.358673244,-4.013708485,-0.43737323,0.314670395,1.145398503,0.964967555,-1.257571399,1.680586403,1.155500705,0.046164106,-0.92680231,2.431096205,0.382032186,2.224142023,2.483005479,0.356416904,-0.393435287,2.436046082,0.798349858,2.234222601,-5.719411542,-1.334703972,0.303021669,-1.518828907,1.178204891,-0.269604828,1.970040528,-0.591579959,1.086185201,0.769961119,-0.844866041,0.615481378,0,Normal
3.82361776,1.256089548,-0.218452542,1.266228989,0.579967492,0.863113403,-3.258691398,0.321490718,1.431491293,2.082175446,0.072913915,0.158060838,-1.323462378,-1.392424696,2.42719616,-0.329266474,-0.23510077,-1.020461894,-1.664603425,0.948882714,-0.727914327,1.117600874,-3.996515256,-2.566019318,1.274882021,-0.431171404,-0.649306089,-0.266254908,0.488981208,-1.274720199,-1.299319064,2.523966475,0.305652445,0.187356599,-1.124626066,-1.546323687,0.632518737,0.193696751,0.416614136,1.557956411,0,Normal
-0.384489042,-1.911388332,0.937364083,0.645029758,0.653598917,1.410654113,-1.704377359,-1.460232013,-4.368577207,-3.159425765,0.112573553,-0.095091995,1.327838083,-0.367746834,1.776607008,1.025007388,-2.087460407,1.11793883,1.503828576,-0.970308859,-0.439070613,1.654225247,2.429041223,0.788924387,0.549721817,1.99149832,0.056265012,2.033164957,-5.027608988,-1.466815297,0.241012451,-1.212223904,1.890482234,0.100738653,1.874608465,-0.198637686,-0.621693084,-0.207631509,5.68E-05,0.46599699,0,Normal
2.927660404,-0.716290799,0.565056777,0.202976994,-0.56489441,-1.700511095,-0.512960955,-0.276111854,-0.106250928,0.344582438,-0.371078159,-0.329550243,-0.97945703,-2.999353841,0.401873976,-0.161963131,0.663373646,-0.616556627,-0.02597346,0.262162675,-0.568150456,0.890680862,-3.103179653,-3.090382477,-0.858999831,1.511264457,1.325480439,1.584073243,0.923976517,-0.198502227,-0.134034833,1.33636856,0.580991946,0.887280986,-2.148377549,-1.035956876,-0.256050801,-1.093570124,-0.42051602,0.384315041,0,Normal
0.56665353,0.354385807,0.759727584,0.430913605,-1.122660196,-0.775359724,0.776797293,-0.496230499,-3.850082637,-3.334735899,-1.657383625,-1.356227883,-3.260630648,1.131198618,-1.341203157,0.72472244,-1.820596642,-0.787940353,-2.54176342,0.402732621,-0.933556194,3.340613287,-0.325518868,-0.300351344,-1.320704505,3.916484657,-0.302195121,-0.038404569,-6.306486225,-3.214647517,-0.519515608,2.925742976,2.640785064,-1.920246713,0.519263473,-0.241949639,0.394283322,1.50175682,0.567475977,0.450068853,0,Normal
2.886096378,-1.174608017,0.373000682,-0.279545849,-1.341405171,-0.724193166,1.253241631,0.612415888,0.67836945,0.397520578,-0.992890911,0.163080525,-4.71483177,-1.064019972,0.179059261,0.562488539,0.537022677,-0.047051973,1.526044342,-0.265810744,1.306183534,1.817457002,-3.077604308,-1.064014892,-1.193658324,4.329600882,0.117620731,-0.030167355,-0.785585296,1.040690158,0.198913376,0.658162625,-2.022278861,0.256984262,-2.872338941,0.602982779,-0.761977102,1.657174556,0.554433901,0.93333777,0,Normal
-0.173191695,1.367862077,-0.025008353,-0.43073177,-0.916397632,0.59114508,-0.783305148,0.045112774,-2.546512477,-2.243217522,-0.422725887,-1.010158936,-0.890371216,-0.429865487,-0.731939645,-3.155166452,-0.227115469,-0.554764805,0.572116267,0.456390934,1.210252147,2.492624112,-0.927363361,0.024172488,1.926475923,2.027879281,-0.874875226,0.652473564,-3.56801146,-1.678364061,-0.62489723,1.460479958,2.783003818,-0.904809286,0.513394988,0.073376112,1.885614474,-0.712578028,-0.364920122,-0.237713434,0,Normal
2.549523835,1.561700886,-1.571564371,-0.913509456,-1.575162477,-0.469902321,-0.800093904,0.389476119,0.078391793,1.0103381,-1.06473392,0.13541998,-1.812133499,-0.492501637,1.017714474,0.272152633,0.222390054,-0.169156365,-0.689642445,-1.461010532,2.210784989,1.984087151,-3.354197576,-0.36398571,0.74040285,-0.235940422,0.242522596,0.669237587,-2.265301327,-2.590934425,0.930593768,3.199997527,1.702850142,0.245275661,0.670242238,1.891162644,0.132777515,0.286428854,0.305332749,1.642429742,0,Normal
0.310148967,1.101093375,1.725570978,0.222853756,0.024487583,-0.422067004,-0.658284251,0.645029137,-5.30023764,-1.425209002,0.130040852,-0.082719793,0.448288797,-0.445690097,0.432166279,0.485406052,-1.19827903,0.52765466,0.311516604,0.859791104,1.919580074,0.407744561,-0.762919332,-0.738799657,-0.345105718,1.274274041,1.709183074,-0.462677222,-4.91716093,-2.499132975,0.771711576,-0.199359159,3.939913172,1.047323731,4.563122144,1.393461922,2.346702645,0.368624259,-1.887221793,0.077788465,0,Normal
-1.952547416,1.173761208,-1.146173647,0.325475427,-0.645927109,-0.025429005,-0.73083865,-0.067235361,2.131679234,1.183167637,-0.331650685,1.751749536,-3.652234883,2.265068804,-0.664108404,-1.055358616,0.215810871,-0.518802498,-1.141041741,-1.189913916,-0.533757621,0.596031774,-4.815174135,-0.4606196,-2.039032745,1.731191057,0.936225868,-1.426260933,-0.55307093,3.284107997,0.443294283,-2.788747848,-3.043709348,0.331743213,2.62291037,0.527143902,-0.651750668,1.693521393,0.049415389,-0.180761223,1,Intrusion
0.062455596,1.003194538,-0.636938104,1.520854426,-0.104084563,-1.132104994,-1.019339477,-0.566502914,2.027440024,-0.862696527,-0.833810289,0.80796685,0.77442534,-0.207435215,-1.214398219,-1.462416719,-0.815390866,0.105952684,1.540003989,-1.492424335,-0.156601791,2.451195367,-3.483020153,0.816494429,1.012823824,-1.385210753,-1.327205911,1.687348444,-1.390213755,-0.021014771,-0.331366028,-0.544517991,-2.276793402,0.54477669,1.716502762,1.303671704,1.112288218,0.774672451,-0.41377848,1.715548326,1,Intrusion
1.870093121,0.51134639,-2.08021008,-1.080233805,-1.632729208,0.809518159,-2.22240479,0.890322815,-1.620502416,-0.713456399,-0.643127574,-0.586447084,-1.478366122,1.617493242,-0.333232738,-0.110500541,0.328314381,1.284732284,0.956352047,0.921906342,0.856874889,1.326977157,-3.727477772,1.513225092,-0.211035022,2.536777075,1.087735711,-0.71691879,-1.042230699,-0.285828291,-0.387452104,0.602178188,1.16713935,1.322351949,-0.217310663,-1.177473885,-0.910285595,-0.331276761,-0.773123044,-0.036581735,0,Normal
0.098619549,-1.495095736,0.96862778,-2.076981346,0.493122735,-0.173607199,0.480746445,-0.006966165,0.177064772,-1.268417583,0.704644996,0.369660156,-1.948158028,1.049139539,-0.334759622,0.067162119,0.542356641,0.959066968,-0.403903638,1.720249726,-0.079500395,3.537791083,-0.870204112,-0.358268708,0.456496977,1.824445655,-0.476027002,-0.494588707,-3.264435546,-0.664642496,-0.34311751,1.308832006,0.457273605,-0.532452732,-0.970323698,-1.601489128,-1.077156932,0.295765484,2.71460322,0.101985494,0,Normal
1.406669249,0.338054928,0.595636838,-0.682320349,0.058117613,0.825812644,1.165507892,-0.003132855,-1.479345907,-1.056300936,1.945246896,0.863178692,-0.793408794,0.520325626,0.461718067,0.338797516,-1.451827462,1.433513425,0.191982105,1.11021432,-0.64543729,-0.000879403,-1.821267035,-1.08672513,1.564362569,2.370389855,-0.999343112,-0.003071767,1.444809565,0.031231602,0.141321946,1.138292852,1.345030393,-0.470929656,-2.337433957,0.546845574,-0.629123354,0.436510917,1.270261573,0.55189685,0,Normal
1.989538398,0.108410041,-0.701624421,1.30393589,-0.413292482,-0.117705017,-0.872277559,-1.655468292,-1.503154105,-0.208042826,-1.318158343,-0.286131049,-0.909374161,-0.506172124,0.548110309,0.341596684,0.00781159,0.332671416,-0.156678955,0.043447037,0.601499764,1.960537556,-0.214497033,0.635204298,1.16153258,0.870705895,-0.806100856,0.609077291,-2.663299047,-2.472277239,1.264379603,2.698674295,2.749126447,-0.731089652,-0.72740561,-1.590417464,1.522086467,-0.760779714,1.051236619,0.448000532,0,Normal
-0.912357968,0.192808108,-0.302261933,1.044120405,-1.073357263,0.126308907,-1.526675758,2.35771386,-5.104920036,-2.329633856,0.631182175,3.028965692,0.569014396,-0.213926213,-1.210334202,-2.12791799,-1.010666683,1.082384093,0.718993694,-1.174257972,-1.0873169,-0.016745574,1.17099227,-1.578422954,0.416813308,2.943650801,0.73553025,0.233776744,-3.964778732,-0.006258409,0.438937122,-2.841601073,1.838320921,-1.192530622,3.105432926,-1.034355223,-1.744523214,-0.064294189,1.812246405,-0.189172791,0,Normal
2.396486853,0.905302156,0.294179709,1.506391828,-0.601867626,1.211469291,1.15753044,1.682435268,-3.293718045,-1.515811322,1.355847998,0.153144306,-2.230717227,0.776308463,0.449604221,-1.281667084,0.217283584,1.192189245,-0.653200622,-1.295941042,0.48607397,0.71494911,-2.449434648,-0.213694874,1.629095397,3.821092827,-0.101773775,0.438554765,-1.059279316,-1.315588401,0.9026903,2.022392425,2.421421882,-1.58088856,-1.414793209,0.356859549,-0.105574313,0.331756029,-0.573428909,-0.637455846,0,Normal
1.494442716,-0.353106896,-0.405445257,-0.565160414,0.050865416,-0.887394664,0.45000048,-0.415599987,-6.947363398,-3.416915339,0.940983056,1.068664046,0.678366883,-0.959370722,-1.051913763,1.003261239,0.845312267,-0.249756156,-0.939163782,1.19431582,1.040113509,2.728298158,3.314102698,-1.304245547,0.960008036,4.643829096,0.95502007,-0.52801022,-6.621706147,-2.129152595,0.614092398,-0.505737227,4.691620849,1.678107203,-0.025191376,-0.885435965,-0.796209318,0.538420512,-1.621422887,-0.179261421,0,Normal
4.373824814,-1.858194405,0.035933212,0.936920088,0.287275106,0.819560118,-1.712740265,-1.436932381,-6.938995084,-2.179113862,-0.363487026,-2.081895553,-1.718707493,0.539283576,-0.657640178,-0.883512261,0.528955844,0.70897097,-0.255592509,-0.259493958,0.405641147,-2.161017268,0.639338423,0.995109906,-0.660571739,6.595993345,0.818661009,-0.6257468,-1.425130838,-0.424781976,-0.577887439,-1.397608325,0.509062044,1.789524897,-1.066192033,0.849953208,0.87156199,-1.145330505,0.362515004,-0.649476248,1,Intrusion
0.986928521,0.58979963,-0.962183283,0.972395546,-0.104460679,-0.95287919,-0.685194221,0.262597811,-1.312976257,-1.315984741,-0.131633783,0.147302361,0.282871485,0.818487795,-0.302815221,-0.039222467,0.94450201,0.193683832,-0.139085235,-0.0927551,0.184523891,1.496789233,-3.711707433,0.745185742,-0.384906534,1.291180224,-0.717725389,-1.628364232,0.107600057,-0.385476551,1.058488632,0.971502003,2.192088916,-0.19873351,-0.60160129,-0.557953064,-0.03163473,-0.868328183,-0.197619362,0.398197049,0,Normal
1.166936064,1.005532636,0.362472087,-0.766111512,-0.629048243,-1.1441884,-0.521871009,-1.170724628,-1.325305682,-1.655123076,0.514573528,1.518545555,-1.890984945,-1.276990842,0.364370543,0.066314304,-0.953390297,0.982619658,-0.172090581,1.454664714,-0.753791425,1.922009727,-1.274903626,1.527769146,-0.733552313,2.47240298,-0.355485335,-1.201944586,-1.475785194,-1.310690964,-0.491379607,2.383403143,1.517246673,1.022648263,-1.852609317,-1.127048213,1.422435981,-1.743968171,-0.798440825,-0.089900912,0,Normal
1.452898879,-1.316244209,-0.06401165,0.861226527,0.051293686,-0.000301367,1.069307465,0.39380997,-0.621819379,-1.281217412,-0.721495678,-0.672719393,-0.18165138,-0.617271616,1.478121704,0.856468349,-1.220240115,0.276012657,2.669368827,0.268682589,0.344894433,0.196636712,-3.745720005,0.692223767,0.57341396,2.053997508,-0.646981208,0.390323143,2.105601308,0.976295166,1.509487494,-0.082955394,-0.229436001,1.687627475,-1.729601591,0.620406559,1.008221299,-1.118316384,-2.451779437,-0.475543342,0,Normal
-1.391318074,1.147980465,1.534831866,1.494475058,-0.810236414,-0.371899381,-0.14626412,0.434457643,0.424887938,-0.351781405,-0.087040201,1.827537558,1.270734159,0.589021621,-0.654873998,-0.196052371,1.670281313,0.79503251,0.133836376,-0.851845469,-0.867757542,4.447060496,-2.000075243,-0.55215148,1.680573008,-1.90342207,0.738612964,-0.025767313,-4.901352334,-1.471649997,1.01399092,0.422327873,2.63982438,0.282297258,3.18978668,1.013493709,-0.5696577,-0.717818615,0.096416872,-0.023798623,0,Normal
-3.680180169,-1.070168015,-0.847778692,-0.259192485,-1.162234564,1.645550753,-0.528141874,-0.120054265,3.147623268,0.799165674,-2.645718513,1.394292278,-3.508374853,0.510763734,-0.821865344,0.644805624,-2.072272183,0.316985934,-1.253708973,-1.683823983,-0.627754808,1.065372587,-5.082460444,-0.54570791,-1.029200161,0.994713214,0.143409907,1.537623787,-0.492663825,3.732062422,2.425917049,-2.972639279,-3.37013549,1.535073967,3.193125826,-0.876761485,0.849436347,0.511626281,0.272256508,0.841110608,1,Intrusion
1.45157402,-1.783607463,-0.347110442,-0.096419627,0.190354943,0.72771224,0.537050863,1.257150359,-0.469583075,0.764312594,-0.710857691,1.664721826,-2.129675486,-0.029850811,0.063641375,0.807535038,-0.432476698,-0.162331597,0.108751534,2.0723512,1.459838846,0.533478739,1.386544588,1.340620723,0.229383204,0.25003426,-0.342868008,0.133075412,-3.511398808,-2.079330567,-0.224265736,1.320094228,-0.552500464,-1.040199116,1.249860206,-0.389853737,1.677508067,0.725610057,0.632978213,-0.415368823,1,Intrusion
-1.972210824,0.303018315,0.602524215,-0.642718118,-2.859798643,0.153409708,0.244121958,0.398053931,-1.940400124,-0.327560872,-0.148511975,-1.210851561,0.705036417,1.128388231,-0.715818129,0.096079677,0.51072793,0.009091737,0.595297924,-0.933065307,1.279662267,0.619404874,-0.274057943,0.124180657,-1.085343264,-0.334409867,1.639879497,0.003491113,-2.703554794,-0.542957876,-0.982861809,-0.789092882,2.788805389,0.178195794,3.406495094,0.862887046,0.072509279,0.446688403,-0.244944541,0.073423703,0,Normal
0.588623234,0.280347364,0.449131872,0.138457265,-0.099375116,1.025482012,-1.234939628,-0.064449865,-3.741463513,-0.717715235,-0.07695351,0.122491406,-1.942635581,-1.227383679,-0.95628144,-0.02705308,-0.095261422,-1.337712145,0.640995486,-1.750975381,0.062416937,0.679989223,0.924222919,0.434279762,0.821443059,3.781745013,0.582909842,-0.989293266,-4.363819741,-0.05392245,-1.98229943,-1.658295284,1.10316545,2.415677317,1.569761879,-1.400543804,0.7523637,0.417070456,0.457067723,1.852845325,1,Intrusion
-0.597717446,-0.278933717,0.377655201,1.028342667,0.693124399,-0.291878955,0.443411283,0.6070038,-2.968692962,-0.697875894,1.084603968,-0.890343559,1.155204064,-0.648001133,0.679228917,0.472129608,0.933589255,-0.079978758,0.401056079,-0.43982707,1.886064782,1.107795022,1.072540349,0.957150411,-1.091941707,0.363864749,-0.454321666,0.098213729,-3.429346059,-1.250993213,0.384175971,-0.375043443,3.486300693,-1.658963781,2.141405431,-0.332825704,-0.566728347,1.028370849,0.311346303,-0.154506814,0,Normal
-1.070004019,-1.043565382,-0.410216784,0.791769291,1.27217758,1.235796123,-0.024875945,0.651125022,3.56952871,-0.579588774,0.835752448,1.390077601,-0.667931533,0.45626537,1.729549273,-0.215708059,1.143336831,-1.803517601,-0.235142904,1.541129581,-0.310673247,2.678063296,-0.391546174,-0.2283143,0.212031671,-1.155280907,0.031803323,-0.470503964,-1.610065186,0.417246816,-0.465190337,-0.132220763,-3.595417203,-1.284951677,0.028789981,0.585383874,-2.573269077,0.127443904,-0.362119554,0.769587889,1,Intrusion
-2.302993758,1.686451619,-0.943585049,-0.075434401,0.12411698,-0.515199841,-0.041229273,0.966963768,-4.11578051,-3.938463549,0.126240883,-0.539223836,2.550022661,-0.441211123,0.110722227,-0.047848979,0.299604201,0.151066286,-0.730891298,0.912152164,0.103889902,2.631932798,1.827908439,0.381794247,1.58894097,0.470134229,-0.364550956,-0.149133004,-3.708397504,-2.566329773,1.136240619,1.583285972,5.828160317,-1.36116958,0.79523007,-0.823479362,0.449951106,2.061691426,-2.666560644,-1.265955042,0,Normal
-0.456693331,1.547877209,-0.842987442,-1.921330067,-1.140929369,0.348921999,0.842342232,1.776535206,-1.317862534,-2.401378488,0.256715576,0.379087545,-2.287520287,0.153372401,0.206764826,-1.557971776,-0.476621453,-2.015368106,-0.217864762,-0.514062582,0.62284135,2.271698367,-2.241948824,1.46221237,-0.180088443,3.172789993,-0.271484297,1.809492971,-3.230090409,0.211262224,1.9744035,-0.522502062,-0.766879183,0.023766834,0.89125945,0.267776175,-0.337244839,-0.30022645,-0.084766051,-0.771221132,1,Intrusion
2.585051703,-0.42808651,-0.2966831,-0.818861118,2.314431704,-0.273255651,-1.448148029,1.256593653,-1.094019656,-0.585107071,-0.541040637,1.441577776,-3.135806233,1.195013202,-2.324357719,-0.35622152,1.771728586,-1.115603864,-0.058109029,1.449696562,-1.041606456,1.154201088,-3.861863554,-0.067215682,0.112756088,3.890451196,0.121691989,-0.061648911,-0.084082539,0.192177058,-1.742662135,1.22342201,0.260777102,-1.190636607,-2.133489372,1.056295264,-0.829026947,-0.787199869,1.644272075,0.171309099,0,Normal
-2.016129361,0.855380649,0.64471026,-0.245244411,-0.112944382,0.791093253,-1.016663418,1.914347564,0.01717746,-0.244146985,-1.067631829,-0.095578811,2.710772062,-0.800513167,0.712074882,0.138989422,-0.349492105,-1.121081389,-1.561133621,0.097364737,0.678491892,-1.053240478,3.275630643,-0.537063755,-0.913504239,0.528595159,0.380822661,-1.116121967,2.734683366,3.439311588,-0.35046599,-3.718150654,-0.185658953,-0.876478288,-2.116734066,-1.283365254,-0.218747438,-1.145866315,-0.791057568,-0.892018104,0,Normal
1.354270788,1.00058374,-0.197210571,-0.563754543,0.716941655,-1.3503719,-0.94410003,-0.361993434,-8.271530286,-3.788920017,-2.041523051,-0.171163129,0.213950592,0.002839419,0.582736334,1.046871815,0.08121173,1.137880171,1.139973649,0.643194539,-0.920108036,0.285173097,-0.104344282,0.310844358,-1.32917466,4.115721335,-0.458346912,-0.277482917,-6.287648766,-2.779314512,-0.853736353,-1.007084225,3.562536658,1.581373117,4.244102066,0.995929643,0.473857237,0.082463097,0.486669676,-0.782256953,0,Normal
2.053955581,1.390698444,-0.204181961,-1.191399683,-0.784247756,-1.030254766,0.600674843,-0.983095214,-2.077663864,-2.032274954,-0.743633245,-1.489261875,-2.813071278,0.184674569,-0.28880523,0.075374436,-2.157112565,-0.032112251,0.218905714,1.109512431,0.809683802,1.258851734,-2.546335309,0.181410774,-0.062392383,4.394591042,0.585382349,0.673272918,-0.937182726,-0.243728367,0.055856871,1.153894815,0.157667338,-2.198230847,-2.084138389,0.050510233,-1.535809192,-0.465893298,-0.241293014,0.51668671,0,Normal
2.634602003,1.004561281,-0.014436926,-1.195395255,-0.087355702,-2.64340413,0.37260925,1.257536271,0.747096419,1.936460385,1.197332467,0.225438361,-1.004305922,-0.525124955,-1.120986046,1.420260263,-0.627268027,1.406322399,0.397561697,1.193712184,-0.158161967,2.366057985,-2.005656683,-2.675248967,-1.858426358,-1.14344792,1.712787216,1.135436334,-2.493434293,-2.494804544,0.138655159,2.91805778,2.011478927,1.280666257,0.323133499,1.042617282,-3.592746831,1.287555988,0.010388002,1.67260196,0,Normal
3.290707078,-0.356947629,0.353615856,-0.26299884,-0.670892644,-2.05014402,-0.339452716,0.551542804,0.103890039,1.005661992,-0.962276975,1.491898062,-1.943526529,-0.049127207,-0.85163273,-0.916951171,0.053930651,0.512595873,-0.433122626,0.487056565,1.031869874,1.800651809,-3.545188301,0.322829295,1.796847344,1.113227887,-0.732092343,-1.162133019,-2.035424576,-0.977532695,-0.716562582,1.015630131,-0.349005038,0.485212832,0.274490573,-1.947902895,1.040475799,2.604410032,0.766320894,0.555389711,0,Normal
3.046068274,-2.163120363,-1.475330285,-1.618103534,0.291326116,0.073906872,0.305816176,-0.102841124,-1.483959816,0.653248574,0.034488265,-0.374769158,-2.806774176,-0.169355357,0.001743864,-0.687967229,0.812739779,0.34274738,-0.231090081,0.007192567,0.601267026,0.855791149,-2.885075054,0.271729441,-1.201332968,2.804607475,-0.939235829,-0.572919444,-1.478594207,-0.724138823,-0.110049421,1.185611443,0.93376233,0.709543251,-0.537016645,1.958685717,-0.117821827,1.403039692,-0.142249789,0.144367645,0,Normal
1.798524917,-0.127273236,-0.159031932,-0.556783956,-1.154954584,0.188018586,-0.045288261,1.521235401,-1.307780484,-1.807094369,-0.185567964,0.826480709,-5.095579239,-0.21220809,0.645352435,-0.275781358,0.060527694,1.097495078,-0.410534688,-1.627392345,-1.707637824,0.819843168,-0.617713705,-1.453883722,-0.350826834,5.939082309,0.995568843,1.140245065,-2.297422376,1.043059525,-0.120045554,-0.725753048,-3.6740457,-0.644499151,-1.827353104,0.256010331,-0.102892046,0.109197224,0.164629033,-0.42310563,1,Intrusion
0.224616582,-0.576176471,1.557714384,-0.027265514,0.793463046,0.652160272,-0.996394303,-0.732835817,-0.89866839,-2.440863289,-1.51191051,0.242598774,-2.949956326,0.99207808,0.230159846,0.755005761,0.170696982,0.242240845,-1.053146437,0.273272965,-1.022831919,2.714943955,-2.645388826,1.173402328,-1.299685598,4.676265283,-0.005975006,0.057756792,-2.343625969,1.423198748,-0.055238945,-1.009613037,-1.476856011,-1.093712702,-1.128713378,0.135936156,-0.618804479,0.296249624,-0.444976843,0.608272945,0,Normal
0.993713689,1.729740178,1.461129032,1.026683245,0.580111589,-0.446487941,-0.262184193,-1.487942384,-7.470699371,-3.343289448,-1.053903378,-0.74884144,-0.204895462,1.486463354,-0.608436754,-1.70685457,1.236878723,0.0707789,0.073097197,1.972476512,-1.64787534,3.537684348,2.010522013,-1.455472796,-0.50601315,3.760607604,1.187605639,2.054205103,-9.417597527,-3.972271962,0.896236517,0.717746508,5.78942078,1.307871849,3.017829526,-2.343838347,0.347575301,-0.158907759,0.493840304,1.338772693,0,Normal
-2.774210744,-1.201454716,0.410248651,1.235043595,1.203634832,0.62789637,-0.958512997,-1.038574007,4.519125488,-0.709697612,-0.217639027,-0.608609002,1.961911396,-0.422182227,-0.89228939,0.702020155,1.948380305,1.210899099,1.424161614,1.236672386,0.675477806,2.841110625,-3.232207949,-0.739813695,0.20574296,-4.133213547,-1.173816764,0.447397707,-0.480809349,0.437252185,-0.883022606,-0.480228145,-2.613137083,-1.017295586,2.540848768,1.101979071,0.440369537,1.254154619,0.574186734,-0.50483744,1,Intrusion
2.363406162,1.120529151,0.440159217,-0.560670742,0.629400504,-0.308510796,-0.332439351,-0.99500346,-11.48017687,-2.917935781,1.791144377,0.390816884,-0.716891814,-0.510162365,0.468870669,-0.150719984,-0.200152249,1.294395896,0.886431904,1.42825304,-1.585264496,-0.55918268,4.014519294,1.789205913,0.150123888,7.544641402,1.384124396,1.103965883,-7.448041953,-1.929837994,1.749831362,-2.414055103,5.90063674,0.599465513,2.340095225,0.57524268,0.938335597,-0.867096936,0.793815649,-0.411951364,1,Intrusion
-0.249589144,1.163097048,1.382135379,-0.351795254,-0.063617751,0.279387379,-0.744061838,-0.074250738,-6.77527201,-3.355330933,1.728468046,0.453059572,0.091690418,-0.677247365,0.935661109,1.368704286,0.145754268,-1.511244683,-1.830592749,0.741486374,0.906358621,1.47516675,3.742108047,1.804813714,0.002202909,4.033590078,-0.306119481,-0.631370447,-6.670195872,-1.937937924,-0.492579956,-1.028969952,3.831893639,0.848364293,1.906997808,-0.331134568,-0.08446284,-0.556308789,-1.470285168,0.042977363,0,Normal
-2.591267197,0.356221576,-1.409417661,0.68758367,-0.864650637,0.56003469,-0.508729878,-0.186416224,0.349114565,-2.23210083,-0.572796653,1.910520842,1.797689161,0.965438559,-0.243939092,0.968432683,0.829508836,0.557149217,0.243602461,1.020171568,-1.543139664,3.480884105,1.714829891,0.441503518,-0.73647457,-0.709232686,1.779324965,-1.069227922,-3.85072129,-0.068090433,0.356598727,-1.240576376,0.048594011,-0.95118824,1.231540174,1.321812716,-0.509321721,-1.395413026,0.683690514,-0.404256076,0,Normal
-1.913657202,0.267347098,-0.738430709,-0.30510951,2.12044859,-1.740789593,-0.739038917,-0.031412225,1.343060062,1.266410808,-0.734458097,1.130512921,0.244877844,-0.993146987,0.292421547,1.680590571,-0.338286983,-0.361610688,0.654297931,-1.084277407,1.132828666,1.89993402,0.719476152,0.590429112,0.229923642,-0.09047144,0.080723035,0.593092883,-1.597948017,2.102398401,0.471541559,-2.424751074,0.354020161,-0.232849083,0.580898547,0.682389222,-0.697922567,0.663793355,1.117799083,0.181453404,1,Intrusion
3.505357098,0.926184377,-1.039210813,1.166741849,-1.449448866,-0.268498041,0.893440481,1.086188842,-10.63247491,-3.545593726,0.079584551,0.366818831,-1.093047496,1.078005022,0.663952305,-0.157673768,-0.162113839,1.03915957,-0.112425082,-1.436357662,1.8506599,0.683575368,5.678798332,-0.224603394,-0.85602813,6.629745067,0.277833464,-0.041553362,-9.562485008,-4.047725897,-1.828290227,-0.597554096,4.362618886,0.245659036,1.999615019,-0.289895639,0.904872799,-0.345159704,-0.567472651,0.463045602,1,Intrusion
-0.207975937,-1.075495087,-0.699473166,0.059755261,-0.888410854,-1.331578464,1.658147037,0.784750746,-1.961634463,-2.056825765,-1.713961551,-1.891026439,2.116941576,0.781999055,-0.11745631,1.844639632,0.232586424,-0.876462372,-0.370722045,-0.108406964,0.584998993,4.137938115,4.542079807,-0.688409814,0.245002064,0.520961595,0.146605548,-1.598383268,-5.735850476,-1.678297564,0.935319774,-0.177194296,2.505016991,1.44948545,-0.51253693,-0.059220799,-0.039245579,-1.742474674,1.418111919,0.978692622,0,Normal
1.742961552,1.264208088,0.692842251,-1.685966895,1.494479573,0.265652722,-0.588955477,-0.387913769,-2.242901922,-1.143057814,1.57281684,0.942248797,-0.72511318,0.833632293,-1.435529487,-1.305176106,-0.333781875,-0.466358809,1.34483074,0.801028189,2.237283383,0.407205053,0.159179728,0.546356026,-0.446189141,2.334070397,2.05577361,-0.025451093,0.175371235,-1.180984789,0.404677524,2.173314083,2.568586621,-0.741053883,-2.799121337,0.020593666,0.317495124,0.176195499,1.754600174,0.490849539,0,Normal
0.335218978,-0.22365997,-0.11307453,0.917888525,0.208809114,-0.90732801,0.629725643,0.377670368,-4.099718159,-3.720439066,1.992523658,-0.022903683,1.822542393,0.822646416,-0.854856572,-0.778005469,0.794347738,-0.279847961,-0.092616069,-1.632868671,-0.863482045,3.071014795,3.441574832,0.434998334,-0.519662171,0.722366174,1.308148534,-0.380476224,-6.768768265,-3.690745863,-0.488004057,0.877597755,2.405750548,0.109516132,1.695238286,1.906216524,-0.12583679,-1.869298384,1.020202182,0.07950948,0,Normal
1.647558786,0.892073978,-0.63980078,-0.018110384,1.424271859,0.517471621,-1.278499872,0.821497839,-2.082579268,-0.73184902,-1.880442758,0.666851036,-3.010586294,-0.264270299,0.742187542,0.23882881,-0.049377006,1.215824692,1.074023594,-1.385125581,0.983858861,3.666180934,0.429930282,1.171747058,0.54981737,4.003647216,0.199900745,0.944570864,-7.288844304,-0.420259977,0.143242792,-1.462135512,-0.734789565,0.57348915,1.300062523,-0.047194384,-1.615464096,-0.507441958,1.88886029,1.119261365,1,Intrusion
-2.952936043,-0.2130738,-0.834083257,0.551445532,0.686529669,-0.726764489,-0.50439447,0.632809694,3.814911501,0.792794124,-0.477482443,1.694770302,3.202083576,0.761571585,0.37687279,0.851733074,-0.101174825,1.116714851,2.014914446,-1.178456314,1.20558336,2.084258042,2.397124086,0.536906963,0.660621631,-2.577987569,-0.246778203,1.049823946,1.652910549,2.722350024,1.932119832,-1.988905808,-0.085709638,-1.057772954,-2.191085139,0.041623307,1.570201882,0.713809969,-0.438155237,0.118136617,0,Normal
-3.212611355,0.231510766,0.460371456,-0.174790381,0.559095793,0.296582139,-2.044948667,0.440437953,1.277058035,-0.261019034,1.715825639,3.225030718,1.572661118,-0.640694824,1.162591695,-0.395134828,0.084707183,1.206523655,0.691867721,0.011009195,-0.65710189,0.965223998,-1.440195026,0.653982161,-0.568850189,-1.645198518,0.214141403,0.691447939,-0.381979949,1.572531771,0.32099228,-2.210563675,-0.135578162,0.353675112,2.657443762,2.65460178,0.821858319,-0.714314071,-0.768568694,-0.004187585,0,Normal
-0.992902166,0.454913179,-0.205683666,0.764146838,-0.387126842,-0.493032651,-0.061657131,0.370381504,-3.477653685,-2.978618364,0.918466264,-1.576448461,-1.700942049,0.711877673,0.574140937,-0.147440306,-0.060171558,-0.124742978,0.972798264,0.821498482,0.861874762,0.390689846,-0.834703336,-0.085580672,-0.246290394,4.628979081,-0.404887065,-0.752158325,-2.797906305,1.432510243,-0.100139063,-2.925708968,-0.941815801,0.540013631,1.595257959,-0.377190327,-0.72639115,-0.518069142,-1.506087071,0.686183339,1,Intrusion
-3.71285773,-1.164883882,-1.362794064,0.661209123,0.108138926,-1.598899722,0.760131169,-0.082162064,1.512713417,1.948328192,-0.872088022,1.171675403,0.580452905,-0.787183009,0.416298953,-1.443129503,0.875947826,2.059227246,0.46777366,-0.969055948,-1.083490899,1.705405693,-0.022155129,-0.241792942,0.940809629,-0.560241141,-0.799225142,-0.423669796,-0.365526021,2.951565905,0.909078081,-2.45909515,2.622321322,0.231058413,0.774854999,-0.2192265,-0.005978845,-0.220455575,0.176360122,-0.302181949,0,Normal
-3.339826923,-0.848015026,0.726043788,-0.096924471,-0.090360753,0.624372282,-1.486504113,-0.983937519,0.828992089,-0.748178033,-1.555364084,1.002925111,1.825625447,1.75530209,1.589383651,1.548409213,-0.129606311,-0.106645898,1.596664002,0.967219827,0.783519503,1.436552394,1.542709834,0.402683019,-0.765188728,-1.986033871,0.960697279,-0.236655584,-2.169545929,0.35111428,-0.205034923,-1.566692271,0.065814802,-0.426337117,2.497732516,2.044320702,0.27532002,1.152930447,-0.035727176,-0.618312961,0,Normal
2.962673961,-0.642318203,-0.644074417,-0.505966441,0.418257964,1.207578805,-0.828625269,-0.262358206,-0.932802432,1.466330727,0.398452495,0.444773974,-0.440531582,-1.84611786,-0.339259415,-0.344675287,1.575011094,0.838437797,0.82663619,1.602834881,1.27590712,1.313088309,-1.069601082,-0.336038316,1.535432514,-0.739030798,-0.008321786,-0.021900725,-1.775183844,-3.172019298,0.677502388,3.589080944,3.640579585,1.195300823,-0.24565925,-1.534652213,-0.066668489,0.290430492,0.233658046,0.448590791,0,Normal
0.948814917,0.054298519,0.296281833,-1.15939029,0.645387369,-1.665078954,1.264619423,1.948057297,-7.297947488,-0.514611835,1.277118194,0.289499591,0.134783523,-0.051501527,1.657065457,1.805455399,-1.227475801,0.353489211,1.034787566,1.350371709,2.158437287,-2.310594175,1.725772891,-0.942923004,-0.346624597,4.536216042,1.400330445,2.402153586,-0.990146963,0.082579942,0.053304634,-1.603794506,5.720837091,0.406263108,0.392950763,0.241480905,-0.166672712,-0.350094354,0.370166372,0.705458033,0,Normal
0.782871665,1.909099102,-0.972125802,0.036844704,0.455298718,-0.905548461,-0.991698464,-0.977516008,-5.010126033,-1.456473188,-1.750075316,-0.926768626,-2.355619311,0.387707203,-1.632507311,1.107501681,1.308067382,-0.051618437,0.771755931,-0.50360834,-1.41510205,0.583499444,-0.240639775,-0.652783785,0.745919547,5.132343875,-0.022803017,0.224898223,-4.963459389,0.27438573,1.2935446,-2.52286408,0.953129964,-0.007131854,2.379689547,-1.561803864,0.358371948,-1.003492588,0.345266384,-0.340131149,1,Intrusion
-3.329995926,-0.69894628,0.454395639,0.365609756,1.377555802,0.616694866,1.070010124,0.281899354,2.521438549,-2.177702455,-0.536748349,0.088991849,2.802200437,1.658735957,-0.051161663,-0.113629504,0.200509449,0.626682217,1.267728438,1.222916748,1.071925072,3.217924871,2.436876831,-0.585672431,-0.051543821,-2.955166352,-0.26249336,0.732853014,-2.525762322,-0.198095555,-0.749190557,-0.770840146,-1.603261613,0.337449714,0.978849326,-0.824904794,1.076035288,0.740425397,-0.036765496,-1.651545187,0,Normal
-2.818444869,0.658379539,0.187412635,-0.038289874,-2.872841579,-1.382952812,0.084037428,0.428285299,1.766608744,0.786223908,0.040205995,0.150884439,1.959303654,0.35040423,1.034778981,-0.46980948,-0.569778697,-0.058478184,1.20273017,1.151616932,-0.457166274,1.30915476,1.011550338,1.43933661,-2.073941195,-0.327068312,-1.013517531,-0.48999635,1.306711224,3.50869223,1.159037572,-3.092913347,0.810144604,-0.210188656,-1.272106811,1.802453668,1.078512633,1.587026246,0.558520896,-1.39564352,0,Normal
3.317045938,1.854158048,-0.150151625,0.503570995,-0.746982087,2.137596979,-0.581810222,0.856437505,-4.826516895,-1.78518394,-1.218319333,-0.11409596,-3.192233324,0.085759186,0.17616234,-0.062867727,0.005869675,-0.787753337,-0.650853308,-0.278624404,-1.732859949,0.601575934,-0.523105802,0.184690603,-0.294257141,5.317732341,-2.751884405,0.370889282,-2.731274109,-1.980244654,-0.084136195,2.101271907,2.508142719,1.459775517,-1.731913512,-0.797855884,0.033444281,0.510869377,-1.426864886,0.279063831,0,Normal
-2.439049607,0.853811818,0.516046996,-0.919954024,-0.57880508,0.325193054,-0.851852707,0.147736744,1.305387115,-1.47305529,-0.369133937,-1.966584919,2.166640165,-0.016139114,-0.494020183,-0.12024178,0.827408858,-0.354629389,-1.967612066,-1.686846587,-1.825558093,3.03865502,-0.921278359,0.212602572,-1.935895591,-2.538741658,0.319246917,-0.3272752,-3.07953613,-0.586398873,-0.699985504,-0.702916142,-0.185756422,1.031244845,3.027826291,-0.324777826,0.175272606,0.416333877,0.536458998,0.372354323,0,Normal
0.033743788,0.549282419,-0.825302334,0.65412293,-0.888937485,0.557072368,0.238034829,1.355677444,-1.246949025,-1.140277466,0.25349768,0.876496912,2.882170147,-0.704842673,2.151897682,-0.821745641,0.247277273,-1.922805079,0.178403565,0.332345404,-1.499836658,1.713260321,3.196530352,0.414135986,-0.283036939,-0.211950334,0.581711572,2.042377346,-1.851096603,-0.390513527,-0.106303146,-0.906765258,1.620006266,-0.344073184,-0.925603394,-1.326855935,-1.375393881,0.654490894,-0.508315815,3.404965758,0,Normal
0.863829253,-0.963297757,-1.355935847,0.808077344,-1.18250229,2.007573384,2.25569539,0.877104147,1.442800195,-0.428571435,0.316513078,0.610423756,-1.275165968,-1.575932101,-0.022284336,-1.35253881,1.932798447,-1.727437733,0.351387319,1.105902557,-0.64393035,3.430937333,-3.421929524,-0.603890183,0.388357118,-0.105960738,0.57679082,0.163346792,-2.452748957,-1.188719781,-0.830073085,1.827242498,-0.112031022,0.149069741,0.285851562,-0.227851549,-1.463620879,-1.971744153,0.01721493,-0.785421708,0,Normal
-0.214835159,-0.949436367,-0.393083606,-0.100575265,-0.316281879,1.336261861,0.295212278,-0.994285292,-6.084264093,-2.240819759,1.05855685,-2.831649356,0.439663622,0.24814631,-1.164647722,1.894768911,1.152766155,1.963051165,0.218387888,-0.358198254,0.580053691,-0.284475212,2.676777751,-0.406764894,-1.238713507,4.539294675,-1.948720465,-0.911626961,-2.871179083,0.493997224,-0.049503278,-2.568898061,3.338973097,-1.752954145,0.402487395,0.175296255,0.401712772,0.282581675,-0.601007496,1.036074378,0,Normal
0.713515929,-0.241037139,-0.314718666,-1.483049887,1.931704712,-1.787635143,0.515611356,2.263131261,-0.445675492,-1.539270524,1.106852513,1.369743724,0.108378444,-0.594082857,-0.040548354,-0.334819908,0.200861369,-0.593863617,0.154010451,0.312445411,-0.142125552,0.164933184,-3.040976466,0.329629322,-1.681376031,2.982545375,0.347877425,-1.00545176,3.591092366,2.468489426,0.068707809,-0.86309063,0.049374423,0.86295261,-3.609709673,0.844652051,0.023914549,-0.790096449,0.289143801,1.2814496,0,Normal
0.469525669,0.68123597,-1.298730383,-0.446323792,-0.642129123,-0.652422656,-1.48004926,0.12053423,-3.065830939,-1.722546309,-1.09057852,0.37094355,0.383880507,-0.087340261,0.055729538,1.762225994,-0.511355848,0.432131333,-0.705732038,0.968354063,0.18289802,2.502507912,-0.668959229,2.499538383,-0.261088831,-0.398803741,-0.182078182,-0.124863514,-5.177727842,-4.153813698,-0.399740002,2.86933553,4.156689014,-0.382047212,2.787304821,-1.317592069,-0.234458165,-0.15169683,-1.016764055,0.900792566,0,Normal
0.887721207,0.597081816,0.279846361,-0.090734214,-0.69198005,-0.323021696,1.13888873,0.045153339,-2.339560004,-2.396594888,1.321209697,-0.755681013,-1.804027379,0.147564543,-0.882711336,-0.016212295,-0.195081386,1.355842759,-0.722973831,-1.262423602,0.290812135,-0.860249328,-2.498730896,-1.438929212,-0.05800379,5.879810268,1.025420092,-0.147870131,3.66335627,2.939745801,0.27172935,-1.057396692,0.045559778,0.314427544,-4.514794365,0.71687783,-0.492156146,1.380758549,-0.388492176,-0.889322266,0,Normal
-2.1334354,-0.298369466,-1.013940099,-1.446516338,0.01987486,-1.296631089,0.491481069,-0.086421764,3.259635988,0.009783695,0.613434109,1.042631583,3.21914895,0.036497638,0.408572461,0.154344327,0.7521145,-0.858381576,-0.276716184,0.391225819,1.454445395,1.939583362,0.531331922,1.189338386,0.793199512,-3.020154651,0.307764236,1.452297335,0.862820459,1.479981958,-1.295301674,-1.47831787,-0.898406756,-1.048675223,-0.383428766,0.866544117,0.128130484,0.825371088,-0.981312277,-1.193812814,0,Normal
-0.146864951,-0.205350372,1.246460859,0.368115771,0.020155226,-0.233052688,0.522005052,-1.025966789,-0.790556321,-1.967714225,0.780653264,0.470076675,-1.098296087,0.162826081,1.369550028,1.214985515,0.921275417,-0.250775587,-0.297304556,0.036469848,0.330023762,3.646732931,-1.020914175,-0.850088135,0.227483175,1.716911939,-0.706539709,-1.041459167,-3.759840687,-1.065504934,-0.153387801,1.166444755,1.305101261,-0.23771099,-0.221215605,1.895209127,-1.418817147,0.128869663,0.416223301,-1.005459199,0,Normal
0.977084983,0.265637564,-1.080376434,-0.484524848,1.347610242,0.224296429,0.41228047,2.416443072,-10.21738452,-5.133919055,0.579069372,0.202304027,-2.408631333,2.101956806,-1.922090982,1.54449968,0.294735886,-1.644222441,-0.949490917,1.67520709,-0.979600284,0.217356774,2.404713199,-0.554282132,-0.136087238,9.926880069,0.284358175,-0.321361963,-6.739650773,0.435114106,-0.706611163,-4.030428858,2.121346387,-0.431937255,1.199312852,0.240413745,-0.636270447,-0.542093149,-0.957940822,-2.647212163,1,Intrusion
-4.752087832,0.379169902,-0.743786766,-0.284263209,-0.683786063,0.164139658,0.021147237,1.071416126,1.095459352,0.397446626,-1.154000537,0.35089977,0.803007107,-0.038887469,-0.046997225,-0.526019827,-0.826112271,0.679871902,-0.901097191,-1.018897683,1.02630891,-0.98686245,-1.124231431,0.626418141,-0.701645083,-0.991427801,0.639868646,-0.33507493,1.365766213,3.182630773,-0.716522201,-3.440131652,-0.222893341,-1.027801729,2.973122467,-0.294212435,1.321323174,0.549509697,-1.832302873,2.161148697,0,Normal
-1.842770154,-1.781309165,-0.958412564,0.895935595,-0.039566077,-2.010384074,0.09920404,-0.605599164,-1.007771529,-2.479049318,-1.644726422,2.017760353,1.819860868,-1.021679106,-1.018566048,-0.773803277,-0.311312835,1.483287648,0.046608214,1.322441967,1.095248671,3.040227131,1.838663894,-0.074826091,0.004979758,-0.876869924,-0.647860562,-1.370069433,-5.129616472,-1.506770804,-0.395335649,-0.674713796,0.521838162,-1.132111305,2.645807594,1.03472951,0.614851824,-1.336707961,0.980969178,-0.879668123,0,Normal
1.913514872,0.378738649,-0.957548246,0.661385093,-1.697797655,0.99288219,0.116543401,1.317157144,1.531051766,1.051231419,-0.658826031,-0.69461264,-1.328118055,0.139023836,0.919897583,0.823750281,-1.169954921,0.366544646,2.006109493,-0.590635532,0.957637682,3.660171736,-1.740410832,-1.458402316,-0.172379446,-1.711395536,0.726778454,0.852199218,-4.720533223,-3.114740366,-0.332142723,2.88066558,0.380665395,0.074955775,1.654504779,-0.662433403,1.022933997,-1.036886335,-0.782464477,-1.038201096,0,Normal
-3.47164306,-1.264444965,-0.107405927,0.849181084,0.636285717,-0.687529391,-1.10484161,-1.703661932,2.113635384,0.062507644,-1.036569156,-0.985206899,1.472255632,-0.803068096,-0.744689574,-0.138181912,0.566157874,-0.589450532,0.379659102,0.033620735,-0.563411283,3.227903357,0.169159346,1.288461714,0.470474231,-3.504705438,0.76512699,-1.471210362,-3.572988469,-0.87822147,-0.043734503,0.184734494,1.305201978,-0.765558421,3.287798133,-1.323407343,-0.941959889,1.103700017,-0.545698353,0.937812951,0,Normal
0.173860729,-0.22579933,-1.964058767,-0.338488471,-1.017759748,0.274560079,-0.461938144,-0.50507536,-5.878277324,-4.672303201,0.324692575,-2.389727364,-0.996951933,-0.668190545,-0.179107638,-0.475957337,-0.172061406,-1.105260533,0.334726926,0.459663147,-1.525456075,1.077584183,0.588230826,0.772563621,-1.556292579,5.365540545,-0.175952279,0.124110952,-2.227403618,-1.364890299,-0.335984025,1.378329917,3.920858847,0.968034414,-1.925623037,0.087284083,0.090968242,-1.391769166,-1.464373976,0.875852689,0,Normal
2.717504403,-1.709141719,-0.507608827,-0.581109295,-0.60349019,-0.371726477,-0.416459214,0.466913457,-2.482780171,-0.865045537,0.746920209,1.129855782,-2.096401996,-0.282656921,0.345345989,0.074584727,0.148545834,0.14176019,0.85691801,0.45135692,0.310602057,0.09929022,0.069083696,-0.80261502,0.30877999,4.333722001,-0.187532739,-1.115820567,0.541187096,-0.05570675,-0.668098577,1.312737936,1.480327731,-1.542926506,-4.037247375,2.002465528,1.561680513,2.441582527,-0.193416406,-1.162332748,0,Normal
2.254921665,2.462405692,1.678456482,1.808285996,-0.802722233,0.227335542,1.666966516,-0.773880821,-0.432059232,-0.532941055,-0.155692602,0.259104335,-2.146207971,1.233949838,-0.786892583,1.752205633,0.012095552,0.604221959,0.190581815,-0.00414762,-0.808063009,-0.057188254,-5.687746486,1.117580743,-2.737882634,3.577161496,0.230087533,0.897249928,2.303608939,1.929886786,-0.75414916,-0.648496688,-1.313205868,-0.13488935,-1.681553181,-0.237298904,-0.365114624,0.741033479,1.589764032,0.021302816,0,Normal
1.350359507,-1.029444841,-1.085081925,-1.484782373,0.497566309,-0.983570406,-0.610542266,-1.383139079,-3.720018056,0.517859886,0.525947693,-1.386695611,-0.568243696,0.630106989,-0.103308173,-0.55016164,1.771296238,-1.685767639,-0.165222008,-0.104647029,-0.299537155,-0.562205628,2.802792699,-0.296288098,1.097543198,1.131580788,0.092734508,-0.67492528,-3.803982373,-2.141730546,0.316214377,0.242609435,2.558306845,-0.404558169,1.914892032,1.729184035,0.687490619,0.689464188,2.676026565,0.147369308,1,Intrusion
-3.847171646,2.649356724,-0.230792071,0.077655304,-0.912116373,-1.425505965,1.434545552,0.159958337,0.040905488,-1.47815633,0.863672438,0.090661859,1.30348608,-2.359968235,1.66548289,-0.874327662,0.190751858,-0.27482865,0.365533412,0.009927102,-0.268953795,0.148833479,-0.125173484,-0.957615305,1.084238687,-1.58205807,-1.049317264,-0.702626925,-1.74367126,0.498419028,0.526653337,-2.116829196,-0.838703735,0.546081884,4.271846871,0.87057022,-0.406885492,0.719941989,0.864357409,3.171938493,0,Normal
-1.710256503,-0.134215805,-1.277095513,0.580099927,0.139125764,0.031503523,-0.16692281,0.530153604,0.264473891,-0.639091727,1.186788721,-0.510039158,2.762402827,-2.599688895,-0.472686012,1.022035055,-0.091947434,-0.844800429,-1.580838474,-0.198061464,-0.748086717,0.089251984,2.424431665,0.661871219,0.060530085,-0.793740004,-0.227800004,-1.119735323,0.729162346,1.54966494,0.134520852,-2.321331723,-0.151099703,0.35842376,-0.478964105,1.357887194,1.538800041,0.297074823,-1.612139995,0.346910098,0,Normal
-1.422522109,0.257809356,0.550593012,2.847539774,0.085119116,0.702145493,-1.102200792,-0.745773549,-1.423330605,-1.325801514,0.050750869,0.183482957,1.056674234,1.080753846,-2.661679984,1.323990503,1.17232374,-0.531589704,-0.213363606,-0.226394647,-0.469643602,4.026401989,3.372062635,-0.162773428,1.544961478,0.927132845,0.127581665,-0.325436775,-4.789682183,-0.667902697,-0.04114365,-0.127788926,3.449950536,-0.150939914,-0.642443852,1.482822687,0.205381868,1.204954994,-1.39790527,1.005481982,0,Normal
0.71868534,1.185713029,-2.235817739,0.703244851,0.593184199,0.86742046,0.421805614,-0.473972064,-0.467137954,-2.212325324,0.959119037,0.653154799,-1.63744257,0.36669756,-0.47679,-0.869388857,-0.104986199,-1.994812727,-1.180574014,0.538193669,-0.300830324,2.555221156,-1.043141967,-0.599326473,0.083519768,2.910723869,-1.318761158,-0.144455403,-1.557093315,-0.008111014,1.42281422,0.798875254,-0.408946296,-0.440146666,-2.241626417,0.424132301,0.306500784,0.402253775,-0.159763118,0.685777514,0,Normal
0.537802525,1.043472288,0.301556787,-1.830387616,-1.032034793,-0.036474579,-0.707623602,-0.703421168,-3.63113743,-1.558316918,0.82101421,-0.217530451,-0.193222039,0.770312384,0.257445693,1.223001703,1.055580879,-0.422867652,1.666694787,2.432239036,-0.067772719,-0.440585264,-4.233968809,0.407801432,0.971988593,2.721236902,-0.108399173,0.981375141,0.414927612,0.161975731,1.488098974,-0.276068212,2.887431573,0.318270455,0.987524615,-0.00952743,-0.861395851,-0.593115561,-1.048094328,0.193581707,0,Normal
3.013657841,-0.294772157,1.240332234,0.71960567,-0.019402914,-0.161426512,-1.99915761,0.64024781,-3.236976684,-1.109062665,-0.249500938,0.454717388,-3.597736122,-0.583328756,-0.11924001,-0.962354549,-0.048053905,1.002391366,-0.293906018,0.692764556,-0.683136436,1.146556477,-0.282532359,-1.110525288,0.698727334,3.879750626,0.744442669,0.435495552,-2.956891297,-2.741063444,-0.719987142,3.453813203,2.288841151,-0.366561916,-1.740153293,-0.801381685,0.671603223,0.104413199,0.237635073,-0.447484151,0,Normal
0.011148297,-1.546169792,-1.044259002,1.248668407,2.040482003,0.16410147,-0.861175222,-0.802070002,-1.231481079,0.013522794,-0.703330082,0.727795491,-2.545319223,-0.684818712,-0.082693589,1.109453451,2.127611381,0.288762296,1.708180775,1.023191193,0.147343242,-1.803183061,-2.835918089,0.336634125,-0.401205511,3.546720816,1.220961239,-0.464380139,0.669170094,2.893687164,-0.516572914,-3.385824086,-2.591123532,-0.224233672,1.417875585,0.173023605,-0.431262063,-0.286830612,0.394437565,-0.238873391,1,Intrusion
-1.89050546,2.021640848,-1.167609491,0.103603582,0.944903186,-1.006520123,-1.241285095,-1.440970407,-2.42102309,1.197691632,0.40771761,-0.79675895,-0.412068149,0.160430778,0.999529402,-1.381147091,-1.357657862,1.688798352,-1.370249515,0.591557119,1.411169608,1.390107892,-0.078704136,-1.09217862,1.934816394,1.083166646,1.065998301,0.219793323,-3.017691457,0.219941563,-1.678761984,-0.639739488,5.545510645,-0.012231662,2.071383991,-0.221616544,1.65871656,-2.58408025,0.407656845,-0.929466189,0,Normal
-0.110680799,1.02970265,-0.669762223,0.157428805,0.990243284,-0.649244858,-0.943295954,-1.993456221,-2.27754307,-0.361130393,-0.371151842,2.188421173,2.138133226,-0.27071087,-0.553939345,-1.728696898,-0.554430791,1.25751777,2.356753657,2.620086053,-0.134482387,0.204862093,1.700268748,-1.027908883,0.908609358,-0.163143522,-1.937351141,-0.424963244,-1.359566258,-0.615834191,0.745444821,-0.724639159,2.727143188,0.814808719,0.794993574,0.100310889,-0.028607626,0.328263144,-1.375285933,-1.187553681,0,Normal
0.22143223,0.105540268,0.124614105,-0.576320752,0.873029797,0.940078663,-1.537072778,-2.543711514,-1.830107452,-2.179261712,-3.781026275,-0.422224947,-0.737611988,-0.370680858,-1.705954389,0.947342981,-0.384394865,-0.110843132,-0.022194808,-0.381207273,-0.686372853,2.565903651,0.958090353,-1.141405775,0.20484213,1.86398814,0.16763409,-1.827144117,-3.316678045,-1.684839646,-0.355560219,1.643636155,1.86641602,-0.890068085,-0.941424588,0.955352001,-1.432433536,-0.944916829,-0.114447695,0.634275563,0,Normal
0.712088208,1.307216078,-0.591531959,-0.901655205,0.295680583,0.242581804,0.713322632,-0.119399873,-1.34268157,-1.650657222,1.261369354,0.175257411,-0.22426901,0.680493664,-0.010508484,-0.337644068,-1.454897179,0.507195826,0.618169143,0.861026338,-0.870383681,1.12454587,-4.667806304,0.700043082,-0.012212245,2.176081387,1.074686147,-1.065262349,0.767677049,0.572885145,-1.341370515,0.144393049,1.336205685,1.715306692,-0.599945531,0.212954052,0.153258059,-0.497735049,0.70542221,-0.939732267,0,Normal
2.660941583,0.716749573,0.51687491,-0.298191978,-0.321904921,-0.172487813,0.125412187,0.248320793,-0.550538398,1.050330995,0.944974056,-0.494455944,0.348463695,-1.374852762,1.407876664,-0.037412909,1.198676729,-0.145187918,-0.379495148,0.639064193,-1.266814982,1.795449332,0.238962751,-0.299872528,-0.289807452,-1.793101675,-0.727506078,1.304163634,-3.052481806,-3.790748052,-0.422310307,3.367068446,2.716571634,0.066405847,0.581130051,-1.073540069,-1.801891194,2.487745688,-0.474495191,0.190822178,0,Normal
2.861348264,-0.729386946,0.460370588,0.324874298,-0.823708435,0.401724071,-1.909984598,-0.257797998,-4.282218001,-0.989561577,0.353216218,0.621236035,-3.729850437,-0.08391764,0.737714704,0.870642149,0.301086816,0.359305586,-0.468767774,-0.0366137,1.536441568,0.806431808,-0.520930242,-0.484073109,0.234030417,4.469521041,-0.744448224,1.402743261,-3.308971346,-2.584609999,2.659627777,2.972884789,3.198316732,-1.054129541,-1.032519426,-0.14786809,-0.455243112,0.673051332,1.134147798,-0.883980626,0,Normal
1.670630263,-0.024562398,-0.59857144,-0.831444094,-2.463685992,0.104758685,0.023672875,0.651777992,-3.296361572,-1.952791285,0.667022323,1.674583257,-1.925203367,0.739214442,1.527985965,1.160357747,-3.543318922,-0.677481468,-0.687288156,1.816402121,-0.882164214,0.71701532,-0.487212109,0.657468518,-0.386175389,4.3023357,-0.2212283,0.878808082,-0.902846727,-0.61884063,-0.971865858,1.330176114,2.132945498,0.738101058,-2.466924048,1.658029147,-1.600980724,0.734664332,0.984832652,0.022142563,0,Normal
-1.772403672,-0.476209978,1.749656485,-2.089697679,1.770038749,-0.441411053,-0.279661645,-0.25727762,-1.526675069,-1.134431492,-1.579296301,-0.69868097,1.792061771,0.079739159,0.175480257,-0.993649775,0.260798394,-0.800321966,-0.768273215,0.479635708,-0.565974166,-0.37874568,1.247852383,-2.036543636,0.118924806,0.350740326,-0.8235298,-0.073570492,-0.379904219,1.101188392,0.056992985,-2.394594048,0.604481854,1.463050902,1.19555693,-0.603925173,-0.074169648,1.226460266,0.70166051,0.354866283,0,Normal
4.181528691,2.349378894,-1.882096293,-1.556944855,0.308731353,-0.427044397,-0.041818938,-0.021656262,-2.652742309,0.365199095,0.493153039,0.280729751,-4.945323141,-0.262725012,0.479886291,0.406057518,1.330230998,-2.451902904,-0.165795304,-1.517458193,-0.770420868,0.332479383,-0.626876851,-0.789634733,0.091078259,4.851747575,-1.117015554,-1.777648999,-1.693030126,-1.715075293,-0.322632687,3.102884544,1.467895972,0.701206415,-2.9640169,-0.223040091,0.90627636,1.674922936,-1.03290611,0.87598119,0,Normal
2.559935192,0.86532661,-1.161549258,-0.306617626,1.685236602,-0.551678886,-0.648632405,-0.868563809,-5.612255752,-4.004407726,-1.004067205,-0.88784745,-4.257653771,-0.800163638,-1.443412346,-0.027776519,-0.14892434,-0.699832598,0.264911292,0.357111761,-1.154488774,-0.025073433,-1.977129208,0.432880681,0.251890502,9.149423241,0.308775703,0.090830762,-0.510905774,1.139672743,0.032310206,-0.362902259,0.338772354,0.295185051,-3.743368933,-0.204867291,1.95059134,-1.531097358,0.10416503,1.320106678,0,Normal
-0.278078493,0.320155735,-2.18660161,0.799954298,-1.567934448,-0.652344569,-1.122154202,1.732275318,-3.204951407,-1.867013291,-1.251585445,1.739031272,0.999261483,-2.91409838,0.961746938,-0.751442679,-1.428093086,-0.073219814,-0.392594786,0.027742113,-0.568576957,2.840299051,0.551452262,0.535248157,-0.461794099,1.045176138,-0.019473524,0.110203036,-5.266468303,-1.71898892,0.948906308,-0.232755561,3.194648534,0.749808832,2.157142082,-0.994446678,-0.193335135,1.48885486,-1.141493847,0.475809102,0,Normal
0.341649069,0.144130205,-0.353505398,-1.324752421,-0.134072514,-0.531521364,-0.122089377,-0.332293073,-1.407730959,-0.960647563,0.267931507,-0.562765725,-2.35252883,0.305332738,0.88952805,1.820240405,-1.116899591,0.393264449,-1.807845358,-0.352290152,0.006455596,0.776134473,-3.758100029,-0.80627544,-0.293617059,3.53393404,0.911034218,-0.173426255,-2.472553588,1.848984481,0.669859111,-3.136852968,-2.388070715,1.071384635,2.50363314,0.592721522,-0.602007735,0.800534988,0.156070411,-0.481407335,1,Intrusion
2.035949266,-2.137186659,-0.871355954,-1.098032539,0.404295187,-1.327718442,0.982941623,-1.480404815,-4.001987579,-2.010880372,1.238662015,1.684684202,-2.486724059,-0.590893683,0.434871092,-1.430156726,-1.014529129,-1.121070332,-1.062770953,1.239311779,1.023965404,0.245955455,-0.218038927,0.334003475,1.772880163,4.802347626,0.14854781,-1.358706705,-0.623412623,-1.192319568,0.577388402,2.310899729,2.982703248,-0.321409771,-3.039788941,0.579996951,0.810191544,0.147977907,0.409438386,0.282544324,0,Normal
-3.283438517,-0.431984434,-1.553316524,-0.260111539,-0.91357307,-0.11386716,0.874157026,-2.168725186,1.604744064,-1.299525061,-1.04001689,-0.30541012,1.83563623,0.901913986,-0.14566129,0.364119819,0.104353071,0.576882277,0.122113234,-0.391104926,1.643110435,4.181393774,1.459354933,0.341490782,0.082205165,-1.850426165,-2.357257182,-0.102700681,-4.415348683,0.101234156,0.087902524,-1.376651133,0.04881793,-0.708581403,2.042945563,-2.866609929,-0.373362104,-1.089427091,-0.39641533,-0.137765443,0,Normal
2.905472312,3.113012192,0.387145037,3.254910418,-0.768674913,3.229018504,-0.209659325,-1.698328899,-4.922657585,-2.38117448,1.003308685,0.613824395,-4.244366326,-1.192223095,-0.418550912,0.578555417,-0.206567147,-1.849413881,0.671712195,-0.037210466,-1.452547789,1.785654678,-0.478825605,1.321649985,-0.619205541,4.691105918,1.666860917,-0.170385938,-5.523545993,-4.019408279,-1.768466049,3.859822863,2.822024155,1.741573213,-0.086656169,0.071143935,-2.019235141,0.206893672,-0.360444681,-0.42428935,0,Normal
-0.453895903,-1.716903064,0.543138014,-0.305542132,-0.388404728,-0.198009324,1.249471031,-0.090927338,-3.384236506,-1.315397119,-0.065364927,-0.012505414,0.012444325,1.563204541,0.018203011,0.96678809,0.697625382,0.198209488,1.982584694,0.521443598,0.643046448,-0.090411148,4.212163358,0.788605251,0.396888829,2.395888513,-0.02623164,0.883254544,-2.73863642,-0.270925535,-0.817743366,-1.18133564,1.521695635,-0.822430015,-0.070098734,-0.01903601,-0.081898847,2.081530291,0.552674547,0.138415794,1,Intrusion
-1.874542596,1.1136387,1.449845633,0.424155445,0.62270883,-0.705730519,-1.342954632,-0.323548939,-5.129188458,-1.988985315,0.155960144,-0.42290897,-0.605147827,-0.046322659,0.444381365,-2.08283128,1.005829577,-1.983551037,2.417400743,1.359597739,0.982849049,0.577642234,-0.116010914,-0.474970665,0.714607282,1.878650851,0.13829245,-1.034125102,-5.71592417,-1.741876398,-0.8674555,-0.852965482,3.532884765,-1.135557083,5.320389588,1.013287292,0.402737266,0.186127727,1.000383791,-0.30941176,0,Normal
3.154264484,-1.330654741,-0.501536152,0.219362006,-0.984977412,0.381479877,-0.888710079,1.398893108,-1.357083697,0.179966408,-1.781374923,-0.091691513,-2.224495248,-1.967956521,-0.435303984,-0.684655226,-0.945728069,1.417547783,1.309552437,-0.249372214,-0.595817716,0.449810127,-1.77161739,0.857722145,-1.246455109,2.565672859,0.834388767,-0.605619843,0.043544959,-1.058234967,0.938657974,2.288248733,1.392711502,-0.493399462,-2.409867141,0.512269981,1.016843812,-0.235476757,-0.654650372,0.916580279,0,Normal
2.563534767,0.447682974,-0.743862921,-0.376894073,-0.255448427,1.068899504,0.057601224,-1.073531501,-6.83313325,-2.685321649,-0.588824931,0.56117872,-4.436512556,0.243652221,-1.266080048,0.351933001,-3.820003328,1.522518808,-0.319564702,0.177943497,0.709813441,-2.380557508,0.523358582,0.010501206,-0.134002657,4.913212643,1.34982128,-1.589079545,-5.298974091,-3.595515874,0.062268508,1.038106502,-0.538930756,-1.57617241,3.772503148,0.557862023,-0.988641127,0.2807736,-1.420185292,0.838451551,1,Intrusion
0.634970737,0.876917948,1.397490963,-0.558868656,-0.175378008,0.26951796,-0.604928304,1.232966494,-3.900889919,-4.019143327,-1.047622942,1.351600067,2.235085816,-2.414667652,0.281483208,0.850168611,-0.183173506,-2.94303273,1.230781931,0.681788515,-0.770656605,3.15528771,4.614315746,-1.24864021,1.355689605,2.345235332,0.264715939,-0.79825904,-5.248155211,-1.699745438,-0.437682089,-0.687500186,1.569535182,0.34055032,-1.085746838,-1.080531643,-0.380059923,-0.157338143,1.824675328,-0.508771362,0,Normal
-0.099111712,1.614629688,0.319075781,-1.244454609,-0.519905148,-0.530701563,1.717500561,-1.161669862,-0.045253588,-1.845233066,1.795221566,-0.941749301,-1.253612633,1.018813377,-0.982571922,0.856051964,-0.420701137,-0.085710091,-0.581619093,0.654762628,0.334738629,4.469337271,-2.49514245,1.577330078,1.047648855,0.605130583,-1.509582146,0.05674387,-5.344519787,-1.803883257,-1.58804889,1.262220778,0.35256026,0.674123066,1.861416372,0.765384925,-1.891108251,2.388824788,1.151116364,0.956166146,0,Normal
0.254006478,0.957023297,0.16737823,0.898111469,-0.653094798,0.123900939,1.438910072,-1.473572838,-4.826846596,-4.477982097,1.245530317,-0.286186067,1.883936433,0.536439695,0.746915866,-1.790414164,-0.179234038,-0.118128009,-0.638606213,1.144626423,0.478065689,1.38381429,3.151310871,0.089791427,2.001228747,2.441763948,-1.116103194,2.089066553,-4.4804421,-1.759267383,0.202820714,-1.047809129,0.937552063,0.444402386,0.780281581,0.126786859,0.1738729,0.229449864,-0.198349347,-0.140383993,1,Intrusion
2.240264575,0.017434633,-0.390919209,-0.075872392,-0.162690427,0.103467022,-1.62975989,-0.08583016,-5.642338913,-3.500212594,0.032805385,0.49539199,-1.767895411,0.416444553,2.015113962,-0.584083531,1.427844522,-0.740512466,-1.164808039,0.566332947,-0.072601842,-1.142604177,-0.011867661,-1.206399817,0.871651508,6.469494149,-0.009098102,1.368064437,1.435630932,-0.284796508,-0.458920962,1.453155853,2.931331822,-1.151248519,-4.486321636,0.235760902,-1.602729751,-1.305142385,0.137048137,-0.093962661,0,Normal
0.256642836,-1.885519593,-0.978460763,-0.932357108,0.832002081,-0.499046992,-0.431559862,0.295901012,-2.829889578,-0.562860562,0.115486018,1.077401008,-3.466278996,0.244257748,-0.866872834,-0.579302777,2.163111714,-0.144623827,-0.155703807,-0.691502071,-1.092940614,1.642794383,-0.232807502,0.823074354,0.288719769,4.429486147,-0.287539753,-0.001524604,-5.574690814,0.546910704,-0.232924488,-2.182113651,-0.2827291,-2.111226352,2.249509938,-0.193183316,-0.554941283,1.895410473,1.47502659,0.123046657,1,Intrusion
2.384814155,0.959751644,-1.113979103,0.967209647,0.070185162,1.013640687,0.653129367,0.06505864,-0.06685603,0.249404212,-0.933896948,0.459609062,-3.172456305,-0.07733987,-0.206168876,-1.299213996,2.098351236,-0.669285934,-1.100228249,0.701662609,0.278395831,2.768060284,-1.089559759,0.84215882,-0.339867674,1.294595495,0.375124373,1.052964708,-4.117303914,-2.480946189,1.209510763,2.881574209,0.360580546,0.57321391,-0.170844881,0.731321285,1.482687125,-0.627483422,0.99650415,-0.698561163,0,Normal
3.15228845,-0.642016972,0.247754159,-0.45024898,0.481578791,0.367342544,0.254698185,0.602359103,-2.652044388,1.406630649,-0.652722594,0.754051002,0.073495699,1.174626287,-1.289137744,-0.340017021,-1.101757037,-0.779511842,1.24550145,2.096788683,-0.289416158,0.877634739,-1.432561731,-0.243727556,-0.579596927,-0.373816928,0.001090467,0.036038356,-2.234711654,-3.51482936,0.241023388,3.295608596,5.287083514,0.51261441,0.766562062,-0.328847518,0.126905149,-0.428793891,-0.315417227,0.15418613,0,Normal
3.709131127,-1.095813868,0.65513061,-0.174924081,-2.069707352,0.357163185,0.041343497,0.123420103,-1.07149813,0.674779802,1.203949499,0.027045459,-2.051381925,0.458751656,0.717564345,0.939278964,0.655482011,-0.115626839,-0.193163055,1.040886483,-0.958083809,0.030466098,-1.547523399,1.727655283,0.471363595,2.198641853,-0.742311574,0.556435854,0.674461248,-1.140630003,1.338773033,2.482709293,1.218211391,-0.56944673,-2.810014258,-0.047995809,-1.062867754,-1.323065912,-1.678033496,-0.955715664,0,Normal
-0.183637541,1.100882917,-1.061090372,0.862875953,0.707911491,0.452492888,-0.128327924,-0.486534645,-0.347131687,-2.08082556,-1.525905957,0.253644266,1.130573485,-0.082900033,-1.40194909,1.667128997,-0.661080969,0.218252866,0.302046793,-1.056610461,-0.306090432,2.81393884,-3.903466319,-0.384992837,-0.331433947,-0.983950566,0.510473809,0.954119584,-2.052348126,-1.859232316,0.389106789,1.607690964,1.586542346,-1.044599749,1.812876145,1.71008973,-0.894828232,0.217739462,0.687736645,-1.23936585,0,Normal
-1.629427242,-1.063863143,1.644085981,1.056105177,1.053963751,-0.072299498,-1.188910003,0.957256292,-4.031763686,-1.284679233,-0.158231684,0.141465942,-0.363951382,-0.686084441,-0.195217417,0.212395756,0.10595988,-0.397958172,-1.149521383,-0.69050784,0.780289812,1.63154667,-0.293638062,-0.076496341,-1.554979229,0.939714746,-1.410051943,-0.600372272,-5.875104344,-2.105211892,-0.763270464,0.006912432,4.161238595,1.365040113,4.746691486,0.906382812,-3.447219873,-0.244489313,-1.51098309,1.491496222,0,Normal
-0.51200083,1.152177958,0.753053515,0.247145677,0.328750152,1.624371351,0.016480515,-1.022854946,-3.053792503,-1.115158166,-1.128816708,0.995459465,0.69850709,-0.114318708,-0.13699306,-0.331473525,-0.833362464,0.440036569,1.733253162,1.4457142,-0.55764221,2.203229739,0.385238925,0.457910491,0.519023624,0.900426886,-1.182589964,1.67195609,-4.46453577,-1.44257087,-0.635747108,-0.110895168,3.719267907,1.095547891,2.136889243,0.350136267,-0.509572595,-0.258102762,0.245022459,0.993496387,0,Normal
2.166791733,-0.017873207,-1.151059018,0.733727741,0.746901082,-0.103350299,0.033051442,-0.352389454,-2.998807124,-2.694227646,-0.232818622,0.736720745,-3.58997891,-0.660609379,-0.025366996,-0.50159689,-1.009070902,-1.107757031,0.325053272,-1.347713776,-1.29608924,2.495502608,2.001478605,-0.381736782,1.187381723,4.283647219,0.572162248,-0.5492623,-3.988655149,-3.197306252,-0.444813001,4.233857388,2.057746088,2.273046075,-3.327835945,-0.144258138,1.220726412,1.029517906,0.529665615,-0.094154147,0,Normal
-2.89962932,-0.484862838,-1.976024604,0.89319096,0.385350161,-0.102618812,0.167374915,-1.18369816,-1.390062015,-0.996559666,1.242181776,-0.117667431,0.053172586,-0.078949822,-1.032318018,-0.623448599,0.580108697,0.252405745,-1.214659584,1.200707042,-0.732554274,0.465026729,-3.648216656,-0.952055637,-1.248186673,0.872748062,1.715229171,-0.492202637,-1.491640337,1.659333157,-0.09084408,-2.821171435,0.870703314,-1.857303012,4.237654872,1.06586916,0.808742913,-0.390945137,-0.287129639,-1.542377734,1,Intrusion
1.045059537,-0.239588424,-0.91910513,-1.237593147,0.495054103,0.481151601,0.226808379,-0.680664404,2.274490469,-1.528961434,0.567725322,-0.574885411,-3.141319201,0.254114931,-0.134467145,-0.408875008,-0.517789144,1.61125138,-2.48711845,0.134159571,1.163105051,2.634779238,-4.934432515,-0.980182808,-1.168403622,1.340939879,-1.948950906,-0.901667923,-0.398728023,-0.470965527,-0.879903302,2.420931343,-2.621321814,1.29225525,-1.296194519,-0.78962252,-1.003507125,-0.716607833,1.064720642,0.741551555,1,Intrusion
-3.206153629,-0.156635696,-1.000584523,1.204466701,-1.148071679,-0.906886851,0.487000326,-0.202827508,-1.831887378,0.405405943,-0.67006113,0.330550807,-0.487791069,1.106320336,-0.481502895,-2.466125431,1.619380836,1.770878011,0.143184084,0.479559275,-1.928573793,0.830386323,0.199759238,0.600940198,-0.808382734,1.192371683,-0.72600697,1.124169335,-2.371818201,1.218679543,-1.481828593,-1.727632221,3.702877092,0.835618099,2.376208404,0.330600888,1.184691438,-0.586916228,-0.210013204,0.165191757,0,Normal
3.538737032,0.329908427,0.082913977,1.017763153,1.34107809,-0.133403728,-0.80991927,1.664449309,-1.312502736,-0.286700764,0.158372598,-0.093089839,-2.503218152,1.54831491,0.708762179,-0.792167795,-0.251653509,0.97845513,-0.970308101,1.206734695,-1.269931804,0.133137059,-1.638006729,0.673261362,1.358721181,3.449691898,0.785517645,-1.029020848,1.173288447,-0.543718291,-1.700551806,2.296242461,0.728380448,1.266481229,-3.908176262,-0.598605068,-2.695662478,-0.729613819,2.591477407,0.482648267,0,Normal
0.172362223,0.291801024,-0.846458847,0.785484667,-0.278595549,0.964203908,0.538686469,-0.056477461,0.550440822,-0.227153613,0.861062122,0.1709593,1.866965807,-2.233834475,-0.300275772,0.58077595,-0.845893867,-1.078344905,1.178516113,-0.691743968,0.49651839,0.665357705,-5.436271847,-0.209442115,-0.109226133,-0.566287583,0.756301869,0.716217305,2.580016524,1.308690511,-1.280696377,-0.701689625,1.065338711,1.121908099,0.221752396,-0.758141514,0.359303693,3.111633399,-0.94550511,0.412859081,0,Normal
-1.677797869,-0.00265086,-1.408483706,-0.10210279,1.002654857,-0.895148289,-0.13292461,0.179711056,-3.148780112,-4.789248877,1.48699226,0.624349711,1.818177845,-0.716747369,0.524555034,-0.918156062,0.159321338,0.40999881,1.932402238,1.899209217,0.638843049,3.396454437,5.152364328,-0.302822381,-0.993231168,2.024727026,-0.300967167,0.890058602,-6.534922011,-1.008682119,0.530689652,-2.022061432,-0.27162246,0.303449628,0.822293731,-0.975658702,0.14579158,0.353752551,-1.22660901,-1.467867735,0,Normal
-0.478420838,1.689139171,0.396791683,-0.96720165,2.671241583,-0.670434065,0.464163682,0.582057059,-4.375570935,-2.399883665,-1.214171799,0.897637777,1.806978173,-0.123506677,0.556114608,0.950613118,0.545281276,1.177005263,-0.44085099,1.044060039,-2.331012137,-1.399047313,2.937639189,0.043677883,1.018315697,1.476395375,0.786481414,0.026586431,-1.537280356,-0.666796871,-1.086988846,-1.603979347,1.371804095,1.341806807,1.384787469,-0.912387541,-1.785864845,0.700834122,-0.261137636,1.13222883,0,Normal
-2.864479681,-1.371857352,-1.922380238,-1.104146023,-1.591880039,-0.7030723,2.140936861,0.758501249,-2.891979539,-5.388938959,-1.282740105,0.605783707,0.491636959,0.521341066,-1.214269934,0.551329456,-0.044607188,1.281618529,1.212198593,0.649077133,-0.439553339,3.551741966,1.522145261,-1.136418025,-1.046250697,2.374048798,0.659749035,0.411422875,-5.741759729,-0.879287775,-0.762518256,-1.019271313,0.344070078,0.059247982,1.727614777,-0.770040641,-0.116186027,0.04433696,-0.143564596,1.228458645,1,Intrusion
0.202871378,-0.164830185,0.238753794,1.774840449,0.39372631,0.295822585,0.894249004,0.63729501,-1.215001234,-2.327179109,-0.059366762,0.004254676,3.171345521,-0.123076203,1.350533835,-0.268705965,0.670088431,-0.878271276,1.081560972,-0.82151125,1.749663738,2.636406385,3.177702922,-0.65589922,-2.695476981,0.259523041,-0.539678978,0.326141044,-2.527398646,-0.354936353,-1.706433648,-1.23602814,0.608797838,-1.273067287,-1.307572435,-0.727194863,1.686430246,-0.330530503,-1.123384585,1.475955187,0,Normal
-5.211743879,0.901057603,-1.066982881,-0.54664578,0.554451033,1.225989875,0.735881481,-1.794293181,4.83443394,1.303895973,-0.078993182,0.701375953,2.02256098,-0.052063984,0.830831122,0.551178727,1.40001197,0.071550052,0.342397186,0.517116664,-1.145383863,2.015663919,1.397102628,0.05332079,-0.426504609,-3.610464335,0.10339461,0.580873908,0.97100918,2.771210085,-1.848315497,-1.801753329,-0.164992899,-1.994215,0.171567266,-0.061584964,0.064832274,1.05629268,0.279616311,-0.428442883,0,Normal
1.57152589,-0.568962026,1.428119911,-0.247472499,2.048140105,0.215299839,0.102198296,-1.916236972,-4.175822531,0.324967107,-0.450865521,-1.445029596,-0.443019471,-0.74825148,0.150633355,0.036853478,-0.031534169,0.11030122,-1.111250017,1.921566403,1.072771982,0.192915563,4.118038001,-0.546080074,0.074684672,1.843442978,-0.816784774,-1.159068458,-4.699638507,-2.07100321,0.622184325,-0.000418667,3.048199588,1.792553654,1.047647873,-0.536809432,0.145239494,0.155081573,0.917787613,1.185310209,1,Intrusion
0.008738274,-0.956724937,0.096043102,-0.057040974,-0.521322503,0.180119535,-0.909822607,1.324773096,-3.822847621,-3.914223632,2.064293226,0.50464958,-1.148639818,1.009753096,0.316423611,1.626312956,-0.302380385,0.366264436,-0.631058114,0.243552051,-0.402756922,1.973899749,0.19206314,0.291713739,-0.053894926,4.02545473,-1.275320243,0.375122526,-3.14037063,-1.176962492,-1.314030761,0.890691877,1.91506113,-0.920870231,-0.92204756,-1.726246614,1.238426165,-0.059705049,1.157491672,-1.237247519,0,Normal
-1.967779975,-0.429442299,-0.297806431,0.17181638,2.074157534,-0.278684585,0.949853649,2.261118497,1.515925003,-0.50039814,0.168879542,-1.012125688,0.732112788,-0.007303522,-0.557999647,-0.492694107,0.835518943,0.098531391,0.310838738,1.386253218,-0.252515928,2.882176782,-0.569640102,-1.06105828,-1.15998565,-1.780996889,-0.262238908,-1.316691704,-2.968717055,-0.443854592,-0.117263651,-0.146992505,0.078732872,-2.02292989,2.107689578,0.472383746,-1.436949997,-0.545870912,-0.188173914,0.13628437,1,Intrusion
-1.650608872,0.635097983,-0.075331261,-0.530472783,-0.40381331,0.7544363,-0.751663704,0.415230867,-1.073508073,-2.469453529,2.917318476,-1.105056306,-1.031325846,0.051344356,0.72010442,0.238048335,-0.845545794,-0.163919967,-0.996415034,0.952692511,-0.995321507,2.61159322,-3.279578398,0.41375193,0.809423926,2.065008962,-1.080951249,-0.527727957,-3.737568175,0.722639518,-2.104163899,-1.891691807,-0.792066677,2.321431877,2.964276013,-0.141765312,-1.39671996,-0.534450635,-0.193913289,0.315606459,1,Intrusion
0.178440787,0.190126898,1.721475215,-0.03520613,0.431714523,-2.519758426,0.348614458,1.246791938,-3.322919605,-2.261300285,0.429092227,0.930398704,-3.659540403,-1.023504704,-1.079529446,-1.157246622,-1.317809414,0.048114014,0.152486993,0.493753393,0.256672718,-1.664223605,-0.802865491,-0.964340373,-1.713492997,6.502086488,-0.776981431,-0.189057006,-0.924517439,2.880490791,0.905416279,-3.941284792,-3.561518757,0.298558584,0.396165476,0.803709602,0.321241276,-0.167101448,1.020233328,-0.17875284,1,Intrusion
0.446729264,1.262700117,0.313343513,-0.437782779,-0.293224042,0.253452463,-0.646022808,0.844628167,-5.22895626,-2.004733799,-1.052160662,0.077476761,0.247308791,-0.148551783,-0.068138718,-0.857973299,-0.58303715,-0.597793561,0.702989873,-0.646762783,0.74510667,2.612418173,0.840599865,-0.467896345,0.253681195,1.771251034,-0.407774126,0.756667116,-6.532764405,-3.376494347,1.052557981,1.301456646,5.409607995,-2.175544992,2.594738814,0.268163568,-0.205265116,0.018846212,-0.225564555,0.594856742,0,Normal
1.302601666,0.922237737,-0.146051306,-0.782449234,0.920221545,1.521067146,-0.081216014,-0.567158237,-2.559543966,-2.141812243,-0.22667202,-1.245868337,-1.387247019,0.918885742,0.219929656,1.260831147,-1.60539376,1.37977221,0.415659441,-0.354062038,-0.144574148,0.081852472,-2.004524992,0.32248902,-1.438351591,4.550175379,-0.9259438,1.491206502,1.695861903,1.019888599,-0.552035266,0.372596415,1.356895815,0.518125385,-3.442997546,0.143791956,1.571021524,0.368589409,0.336193436,0.166588623,0,Normal
-2.197139637,-1.527939624,-0.485383882,-0.325603258,-1.823427554,0.471368023,-0.297416834,-1.427175852,1.741407778,-1.922370057,-0.437356073,-1.926797517,3.409044419,0.583118799,-0.654658288,-1.400100424,0.708665409,-0.243257142,1.997732599,0.380304102,1.191539024,1.801798432,0.996430324,0.9390922,-0.525851348,-2.57772036,-1.48420733,0.509924148,-1.018986466,0.455417728,-0.245435095,-1.886965014,-2.106159962,1.610139487,1.356147097,-0.921251191,0.595926807,0.634269692,-1.764238256,-0.441779905,0,Normal
-0.423900042,-1.655423238,-1.763693963,-1.657574494,-1.128042432,0.555736123,-1.403230113,0.173146646,-5.413722176,-0.916853646,-1.360352773,-1.698601758,0.627294524,-0.964567492,0.467675015,0.082276782,0.339503671,-0.896082101,-0.5953588,1.380152366,-1.292648763,-3.009676106,-0.790302356,-0.666144156,-1.818688097,1.409846769,-0.414415362,1.430220168,-1.123530479,-0.739706695,0.415896574,-1.670656582,2.735906823,0.280379722,4.50780961,-2.297102933,1.245895809,0.481574052,-1.577313444,1.421488047,0,Normal
-2.876118026,1.211731316,0.002466765,1.124732038,-1.315211784,0.042518672,1.528739298,1.112352987,4.120820527,0.719737995,0.414829855,-2.647987321,-0.279469374,-2.17146804,-0.700569485,0.002170637,0.781648645,0.444066243,-0.694004696,0.378222026,0.347383506,1.802645099,-1.625561124,-0.87200633,-1.598131532,-2.649951795,-0.484408199,-0.507037903,-0.171595783,0.926913615,-0.37802675,-0.053692303,-1.703203397,-0.089470743,1.39857676,1.663485553,-0.973873753,-0.366161433,0.051068976,-0.41278468,1,Intrusion
0.845051321,-2.327458821,-0.067879492,0.712125732,-1.462107974,1.445664822,0.388416363,-0.556801891,-3.969411947,-4.230400582,0.45857368,0.958138962,-1.604362349,0.198755677,1.009761989,-0.53502381,-0.266147285,0.932343111,0.713956095,1.181761176,-1.411399556,1.610896223,-1.958126646,-1.047283986,-0.209760995,5.077626235,0.29448406,0.080014658,-3.759447534,0.05825694,-1.198644411,-1.679917398,-1.248394757,-0.507472386,0.951086615,-0.746862196,1.269304723,-0.031864242,0.848230346,-1.665475901,1,Intrusion
1.808991564,-0.489364508,1.436268013,0.289296848,-0.242975695,-2.029698924,0.061176054,1.557272621,-2.353078846,-2.134067934,0.735359288,-0.957833265,-2.617020856,0.14074856,-0.07828894,-0.623481354,-1.211614455,-1.124720136,-0.531206219,0.5273747,0.465432572,0.79346554,-3.158856399,2.017420528,-0.620848139,4.87095061,0.792530348,-0.373727039,0.210267154,0.499860005,1.08490988,0.706130636,0.523698296,0.49633841,-2.495566742,-1.707935339,1.581202439,-1.145971896,-2.226426006,0.443655196,0,Normal
-2.60748924,0.411382442,-0.185606176,0.591878995,-0.609957554,-1.830487054,0.118546263,0.337306246,-2.007932169,-0.721292893,0.36644986,0.110872297,-2.027019659,0.847258235,0.267869453,0.868945075,1.545043569,-1.211306544,1.45855161,-0.050337958,-1.657227974,-0.079271011,-3.057366615,-1.431416865,-1.034554446,3.273575103,0.216406148,0.500826072,-2.384611354,2.971276481,1.142435243,-4.528970711,-0.877645917,0.368048193,4.291897721,0.335297625,0.329405315,-0.61563858,0.925777809,-0.296870023,1,Intrusion
1.551706552,1.054310857,0.460948497,1.428186321,-0.883089769,-1.93681774,2.148537266,0.079874465,-1.5115986,-0.926179803,0.270089395,-1.052425084,-1.875296605,-0.324141548,0.504519497,0.175086433,1.212678168,-0.002427418,-0.188138042,1.279406951,0.4644264,1.418444913,-1.492939595,-0.38920751,-1.117465941,2.821152205,-1.425331091,-0.008807469,-1.028567188,-0.599235828,-1.039189046,1.498867925,1.505031983,0.796458694,-1.799604052,-1.331630834,0.565606036,1.054279729,1.261903357,1.0745707,0,Normal
2.414248407,-1.308549169,-0.759060082,-0.685777593,0.295906311,-0.900891221,-1.45310006,1.347026365,2.853242822,0.986272959,0.426450104,0.745887276,-0.621677157,0.444931923,1.070712701,0.02817498,0.311046465,2.249782415,-0.119638527,1.748817058,-0.634321594,1.822353298,-1.975651476,-1.306384477,0.946900983,-0.689097577,0.175378746,0.844372079,1.361661134,-0.465432622,0.621660183,2.384483822,-0.79761417,-0.516588442,-3.164489023,-1.113635576,-0.194392804,-0.475131083,-0.22917099,-1.237114878,0,Normal
-2.579762869,-0.66437255,1.11946522,0.603422099,1.875352024,-1.123780959,0.351070865,-0.926579039,5.075204763,2.798111748,-1.347258477,-1.860263816,3.288422106,-0.591901902,-0.359026931,0.607649962,-0.807471504,0.484478738,-1.140627097,-0.436255642,0.705219149,0.312787419,-1.360094481,-1.409418875,-0.954999691,-4.281292423,-0.745092732,-0.148764315,4.493571477,3.302836582,-0.255918778,-1.9943311,-0.234121643,0.741009126,-0.657744481,1.080078014,-1.344148082,-1.274547793,0.514208998,-1.223148865,0,Normal
1.736690381,0.830298689,-0.829190502,0.63843275,-0.927337927,-0.146503799,-0.29035398,0.377464754,1.202824969,0.39660268,0.053388347,0.327472181,-0.813898468,0.503300125,0.562759809,-0.492987856,0.172774751,0.413134997,0.904662391,0.322984831,1.568767258,3.018721696,-0.994909378,-0.825973964,0.827958304,-0.352935353,0.211538133,1.296712898,-1.794792085,-1.777994913,2.178733276,2.852841384,1.263676276,-1.175272895,-1.640803383,-1.468118888,1.655893076,0.908856004,-2.670740361,0.377590226,0,Normal
0.895664378,-0.077604445,-0.488168777,0.314569129,1.232316555,-0.180684356,0.03672612,-0.620395977,-4.056311126,-1.103097441,-1.218528882,-0.404006776,0.224578103,0.241975453,1.46591792,0.84779063,-0.19904091,0.717328082,-0.292471689,1.918011681,-1.077602714,0.491592446,0.678133903,0.402976464,-1.698288119,1.963492448,0.733999125,0.15025499,-1.502511466,-1.884694298,0.654332307,1.831142006,5.155152579,0.504777192,-0.781335218,-1.307082566,-1.869321388,0.817806077,-1.695737676,-1.762865337,0,Normal
2.953013187,0.145390001,-0.288125962,0.886755593,-1.143597567,0.280880597,-0.486337201,0.540603579,0.52644021,0.78712018,-1.028962254,-0.515107997,-1.088377101,-0.567773697,-1.174506484,0.228426088,-0.66258864,-1.463269792,-0.258015074,-1.292111831,-0.76032759,0.62007234,-4.067062552,0.577591729,-1.55655178,0.74612761,0.708951402,-1.354496273,1.393930897,-0.38314791,0.589144135,1.711899872,0.304717567,0.863167813,-1.590742284,-0.637480542,0.853461746,-0.569837269,-0.307896574,0.287217744,0,Normal
3.432014687,0.256224979,2.225873995,-1.003281199,-1.474048555,-0.923616299,-1.56384056,-0.523306422,-3.015957979,0.458879356,-0.669576496,-0.815098674,-1.600057884,-1.468444822,0.881529519,-0.121925345,-0.871233512,-1.596011531,0.778150998,-1.102218713,1.347121182,0.187843449,-1.141456409,-0.19822168,-0.364100047,1.868173719,0.089762225,0.079231095,-1.045335367,-2.78966103,-1.620557852,3.505948185,4.105707906,2.103972807,-1.295270154,-0.321759568,1.288628477,1.094493353,-1.035101692,-0.964176269,0,Normal
4.577395928,-1.134377627,-0.634000043,0.066325482,0.00112489,0.058300139,1.030914626,0.721260641,-10.56661813,-2.45106331,-0.119630737,0.942239073,-1.376855477,-0.577314369,0.608524319,0.466104867,-0.586165515,0.277105754,0.82511592,0.491953802,-0.553163268,-0.581271209,3.36058168,-0.0886532,-0.44051704,5.418446977,-0.602750671,1.146870266,-8.557884066,-5.101066685,-0.972148809,0.616346393,4.705691299,-0.754663523,3.405615114,-0.450640254,-0.147514043,-0.785694719,-0.448457682,-0.875664129,1,Intrusion
-1.049890053,-0.476672163,0.900928338,-0.155850325,0.742046535,0.388164968,0.305506504,0.947964156,0.251736931,-1.278473726,0.255002748,-0.398529804,3.281168883,0.651170173,0.007982908,-0.77607474,-1.395308618,-1.416763741,0.010129872,-1.256952922,-0.206364948,0.774123723,1.574342309,0.454228347,-0.376737989,-1.551288954,-1.01008763,0.65880117,-0.374883799,0.421163133,-0.042706943,-1.814073463,-0.669313583,-0.918104813,0.531254562,1.751085009,-0.497290758,-0.488148001,0.207505057,0.942440498,0,Normal
-0.541706549,-0.269608567,0.438494467,-0.126453067,-0.29274663,1.121734806,0.265241054,0.411845141,-4.679801972,-5.300563096,-0.732931027,-0.325583702,-1.515471856,0.149173752,0.085891809,0.000908079,0.234084354,0.554397432,0.434963554,-0.650343682,0.588621411,1.617562732,0.942440695,-0.083490152,0.051845949,6.57284896,-0.793675817,0.411443222,-1.821391289,0.629664305,-0.961426018,-0.414083966,1.376890235,0.216819293,-3.105646181,2.507993611,-0.32896654,-1.312413653,-0.856953273,0.389887721,0,Normal
-2.661042179,-0.2355735,-0.463724975,-0.876345071,0.061706692,1.916215109,0.244415611,-0.277216864,2.133968953,0.622773466,-1.49367958,0.568020689,1.95982728,0.444999259,0.86017966,0.128610795,0.162043791,1.209807566,1.100919697,-0.284228643,0.616709364,3.326433769,1.075283321,0.25387512,-0.4258871,-2.076147061,0.708155395,-0.77989391,-2.100521447,0.94433497,0.525820087,-1.177910648,1.498549045,-0.826984604,0.589062669,-0.658631127,0.696118501,-0.545365954,0.023092899,-0.721627709,0,Normal
-1.519283628,1.08996367,-1.66633055,3.459849205,-0.054345478,1.933578719,0.655036953,1.172203573,-3.872008486,-0.852350258,-0.665800692,0.594323986,-1.136330701,0.306904466,0.053250832,-1.459492296,-0.76039351,0.760546858,-1.138181107,0.696078839,0.211728595,1.390621028,0.475760063,-0.066127135,-0.956337931,6.42272166,-2.227924236,-0.544405024,-2.449249288,4.486786472,0.298927333,-5.614191902,2.040684311,0.085311078,-0.467619056,-1.111591354,-0.077645634,-0.226708964,0.292458402,0.502410642,1,Intrusion
-0.582152464,0.278981933,0.594267757,0.693802668,0.305802522,-0.613354244,1.093157234,-0.987629705,-2.018735216,-2.688230783,-0.032908485,-1.871456806,0.161162873,-1.736511859,-0.091506862,0.641536886,-0.262848681,0.485664244,-0.576615287,-0.275025374,-0.460558028,0.568429109,-3.388324799,-0.266371692,-0.7301845,3.266021224,0.609614265,-0.656501571,1.635331156,1.803696479,-1.08619867,-1.048401035,1.270968098,-2.081971179,-1.439656739,1.800144067,0.651794325,-1.552230661,1.395786719,-1.044064125,0,Normal
-1.564008701,-0.127094785,0.178742873,1.688250472,-0.721564845,0.700801185,0.122484526,0.972359537,-1.034273204,-1.731475757,-1.377119776,-1.602884096,1.863809296,-0.435653161,2.569166749,0.850269327,-0.087994856,-0.404001902,1.200140891,-1.25377336,-0.417807674,3.208116418,2.537396525,1.368612659,0.102924948,-0.898209719,0.767697959,-0.970985382,-5.112633733,-1.544739387,0.322065215,-0.376820588,1.588970423,-0.294034072,1.952824387,-0.148680571,-0.106026161,-2.056982495,-0.244749501,-0.059433681,0,Normal
-3.114247051,-1.376151155,1.283322863,0.570939521,-1.64401155,-0.647613194,-0.851212737,-0.207875463,-0.250933685,-4.012687461,2.410140513,1.225556248,-1.993611355,0.313429291,-0.083727676,-0.024603718,-0.886229241,-1.51534064,-1.384076129,0.869502896,0.960026995,2.613735506,1.231570253,0.056470732,1.584675909,2.622707231,-0.380232642,-0.651647377,-3.272062799,0.355020354,-0.516108397,-0.239847132,-1.811277864,-1.089179746,-0.232469695,-1.14577843,0.827979093,-0.100978554,0.337412762,0.405049487,1,Intrusion
0.295528384,0.227681816,0.615550066,-0.348250198,-0.647272121,1.614345448,0.662133338,-0.100274548,-3.924312156,-2.648724713,-0.059839953,-0.513583191,1.456697016,-0.177573107,0.23995813,-0.167259642,-0.036994197,-0.038568824,0.274736683,-0.226673844,-1.176936107,1.559294317,0.570456932,0.449214855,-1.923848719,2.084334083,1.430863074,-0.771030576,-3.280908004,-0.909183873,-2.181590048,-0.934113358,2.409737914,0.409947124,0.87958411,0.272136778,2.351389378,1.228032926,-0.224558179,3.224815652,0,Normal
1.725478818,1.753342467,0.618838094,-1.902159333,-2.052936223,0.320950389,-0.734273732,1.440366015,-3.481494911,-1.966210524,-0.337413968,-0.69922156,-2.747015517,-0.686764466,0.145850818,-0.418596428,-0.747498267,-0.353147678,0.633062487,-0.285674439,0.127826233,0.215957124,-0.36751729,-0.528817589,0.149377427,6.105089325,0.54819446,-0.181313819,0.553357761,0.854723649,-0.09924298,0.645114209,1.911648216,1.579219145,-4.3355552,1.267679266,-0.499863559,0.611523478,1.217819046,-0.160013574,0,Normal
5.262862031,0.62811995,-0.122445681,-0.774204694,-0.01951649,1.405824743,-1.137522317,-0.677168362,-9.604299217,-3.564171389,-0.961072534,-0.237130305,-3.050735733,1.070281829,0.021199637,0.630011136,1.343093727,-2.230417441,-0.351657782,3.351829806,-0.46360467,-1.261556752,2.816110826,0.578885562,0.932470728,4.65856525,1.393118527,0.227979227,-8.8779284,-7.109706589,-0.56107687,2.825970668,1.593803741,-0.497256792,4.15634992,-0.297983595,0.585950593,-0.929293656,-0.067361621,0.105802249,1,Intrusion
-3.04894275,-1.706133922,0.239462095,0.125634744,1.224802798,0.126602326,1.279342419,-1.176500561,-4.338008685,-1.673985503,-0.602602602,1.535947335,-0.444748652,0.141640911,1.109881158,0.541513132,1.487748131,-0.240572773,0.179751236,-1.767309632,-0.258847452,-0.689571253,1.169304182,0.303284867,0.041504011,1.880588236,1.181504552,-1.115969437,-3.60256893,-0.221130463,-0.074893598,-1.826118067,2.705669662,0.76903319,4.266434981,-1.033388717,-0.668079159,0.600119261,-3.006140949,-0.529311191,0,Normal
1.205023845,0.533338645,1.311131552,-0.775778173,0.620043399,0.960631103,0.684391207,1.005629455,-1.915517205,-1.634948679,-1.308493858,1.725772098,-0.032286196,-0.279812522,0.157027234,0.054967302,0.190448072,-1.222871285,-2.173326307,-3.027800206,-0.560389523,2.397908766,-1.129014377,0.553307625,0.359239087,1.354291913,-0.069372129,0.738740561,-2.672315415,-1.696517679,0.725638812,1.446217923,2.224482695,0.749893354,-0.263202011,0.907853569,-1.142494525,-1.206058589,-0.390720772,1.364284948,0,Normal
0.815398074,0.245198739,-0.356302548,1.596946864,-0.936665771,-1.879447681,0.333156128,2.837445844,-1.988553398,-1.514198236,0.183497839,0.826159042,0.535101655,-1.416712679,2.151856773,1.17697783,0.758416078,0.059434759,0.726569104,-2.349516446,-1.211130249,1.097019883,-1.222434332,1.647092541,1.179037783,1.513150293,1.189072784,0.585821914,0.052444494,-0.743899554,0.754404772,1.327110807,2.917531758,-1.12942599,-1.600934644,1.098680364,0.932352966,-0.033449482,-1.452833548,0.263561637,0,Normal
1.926818368,-0.551416018,-1.963146778,-0.836229107,-0.742061656,0.632732042,1.209202467,-1.288513198,-1.473651746,-1.103931079,-0.516066765,-0.378201143,-0.040826995,-0.272140544,0.53178875,-0.345856544,-0.572098544,-0.088494014,1.834432976,1.535337413,-1.074097169,2.43846273,-0.09429311,1.223787167,1.387902098,-0.239154253,-1.267570124,-0.542992976,-3.02452544,-3.803149362,0.286046067,3.950142373,3.1171251,0.709347606,-0.524345883,2.488942498,1.819925286,0.129864366,-0.324973912,0.195963789,0,Normal
-2.545537453,-0.140416738,-2.4298128,-0.257539208,-2.161435979,0.089771378,-0.872804158,0.979919765,-2.24090434,-2.038737758,1.540872767,-1.017095837,0.50204761,0.40575189,1.331725814,-0.319290262,3.005773747,-0.565105886,0.506707217,-1.110792294,-1.055298819,1.442540213,0.184998577,0.832624744,-0.215652831,-0.358644998,-0.427044211,1.542156207,-4.654319322,-1.624364912,-1.252141751,-0.360815877,1.73763503,-1.247290386,4.43806825,-0.958965761,-1.323249384,-1.068989448,1.034757111,-1.861845997,0,Normal
-1.121337462,0.178429167,-0.804365433,1.125824616,1.311526205,-0.899536897,0.306591009,-0.866135097,-1.945453878,-3.465457074,-0.252056249,0.43936745,3.213157674,-1.182791241,-1.827203728,-0.458787715,1.160399857,0.723221534,-0.680187734,-0.346266805,0.582954272,0.837163322,6.211384071,0.841824272,0.261302087,2.037702792,-0.745709334,-1.770028499,-1.198492659,1.714265896,0.155654023,-3.716094112,-1.473736905,2.25645454,-2.461552304,-0.36102083,2.325459076,-1.951153782,0.619153571,-1.075615288,0,Normal
-4.07399904,-0.926967112,-0.644637018,-1.042219795,0.112811721,-0.659665426,-0.100686006,-0.089044935,4.794272325,0.760037377,2.048295479,-0.689473534,2.601561482,-1.52418768,0.164634357,0.862471112,-1.17590304,-1.397504262,0.467545402,-1.450464726,-1.242704618,2.199504674,-1.132041519,-0.363529326,0.260667122,-4.055496227,0.073227351,1.058450864,0.754679045,2.330640002,-0.951455082,-2.086965783,-1.3757653,-1.561424391,1.543636227,0.399288428,0.023732396,0.073829676,-0.757774228,0.165503544,0,Normal
-0.931741542,-1.987279792,-0.385805098,-2.13837233,-1.375423136,-1.262752877,1.425900281,-1.717042626,1.481738115,-1.304007685,-0.249728382,-1.616256306,3.664823901,1.711307721,-0.867144454,-0.881620893,1.815132073,1.167937579,2.000080967,1.247825194,-0.751414449,2.035564749,2.620367382,-1.789557095,-1.16202016,-1.315306796,0.892572509,1.485064111,0.407478723,1.14015468,1.215491157,-1.544466267,-0.609568012,-0.480759662,-2.257409601,0.989594298,-1.332963243,-0.963318395,0.591267009,-0.744798924,0,Normal
-0.326475252,-0.822953994,-0.057622868,-0.704022701,-1.404906752,-0.041139974,-0.733038871,1.624501557,-1.929212197,-3.275565989,0.445186992,-1.004336739,-0.183613498,-0.797129677,0.931122339,0.727706838,0.733449448,0.709832074,-1.234616306,0.012238507,0.016327964,1.073407285,-2.146333749,-0.648762865,-0.273037494,4.199455887,0.124973784,-0.11406877,1.65658184,1.988922718,0.882030979,-0.80298252,0.876709456,0.571464276,-3.243393761,0.189353921,0.235996429,0.74740135,1.914999882,0.481814434,0,Normal
-1.934218518,0.312813914,-0.94663192,0.468549328,1.573201909,-1.275261765,-0.805040753,-0.504209601,-0.186304924,-2.834457078,-1.261097218,0.100812689,0.910575134,-0.576359886,-3.289815517,0.994335581,-1.120181485,0.029762101,-1.727185445,0.792885616,2.150649497,2.026375553,-4.777832721,-1.771436539,1.301618608,0.731228629,0.501092661,0.57245381,0.846320808,0.852098862,0.590180745,0.065147149,1.353807838,0.727586822,0.150843773,-1.785684133,-0.253004501,-3.34670196,-0.201740468,-0.720807352,0,Normal
3.081710608,0.210344807,-1.285785641,-1.568349069,0.588844962,-0.757028133,-1.274392034,-0.226135866,0.368580037,0.903029159,0.227647001,1.175902536,-0.758102475,1.41226548,-0.742067102,-1.149965311,1.059913525,0.383482761,0.105559489,-0.441289008,-0.193270994,0.179596096,-3.234074717,0.997410375,0.071991101,0.712337207,-0.58549316,-0.490925161,1.90115513,-0.322342724,-0.613308523,1.669548481,0.454955977,-0.567515429,-2.119554857,-0.266155282,1.033980437,2.34191482,-1.091221119,0.572786501,0,Normal
-0.208538492,2.367794286,0.37921844,0.964607925,-1.123526671,-1.577411716,0.46426328,-0.377263234,-4.172015424,-1.502497899,0.175016624,-0.717755955,1.049163523,1.476151999,-0.187139526,-1.502537467,-2.259002358,0.458189767,1.052853698,0.562177403,0.428082874,1.618031526,3.670309618,1.27181626,-0.22769517,1.753315838,-0.711259135,-0.016727585,-4.470041882,-1.589464773,1.969670553,-0.159190292,4.164544858,0.592439941,0.480221015,-1.017392428,-0.157488341,1.391171449,0.013658578,0.771473895,0,Normal
3.220101669,0.062389592,-1.924186918,1.324908678,-0.77710824,0.28968092,-0.693091677,-1.643984662,-2.831397246,-1.627778768,0.290606328,-0.16244448,-3.058153651,0.840817933,1.558317182,0.89953891,-0.917876872,-1.3621386,0.303124754,-0.39600662,0.24252161,-0.449608868,0.178290646,0.447932479,-1.628564346,5.883001945,0.631376763,0.441312253,1.882729101,0.260893994,0.270795969,1.910590675,1.029491385,-1.052421972,-6.047123206,-3.426226288,0.460576627,0.734635363,-2.236295195,-0.941283239,0,Normal
-2.03812369,1.158785509,0.98511421,-0.38804456,1.050628572,-1.062632341,1.727637565,-1.202849008,1.507196282,-0.136604228,-0.391477232,0.892707366,-1.284804642,0.636482096,-0.227588759,0.715820739,-0.015941145,-1.249395246,-1.507946001,0.719311768,-1.630719462,1.52423589,-3.579742004,-1.065389917,-0.345703843,1.043189722,-0.348430052,-2.144483469,-2.246844272,3.091787977,-1.332230342,-4.41348117,-3.796076462,2.937865422,3.707150563,-0.940725559,0.488529731,-1.087871965,-0.027418503,0.673121682,1,Intrusion
-2.747585523,-1.818897795,0.794200063,2.002412269,0.599559369,0.436280205,-1.265828445,0.564702783,-2.676724331,-3.506529159,0.111603616,-1.17432098,1.389960005,-0.652926056,-1.041266034,-1.386983899,-0.147941293,-0.090130549,-0.614722665,-0.272910068,-0.793999413,1.417843523,4.446429905,-1.453067215,-0.128237089,2.560164413,1.153419758,-1.405200345,-3.616196914,1.375141077,1.207093197,-3.683495504,-0.517309257,0.224644345,0.538130614,0.80284364,1.128742268,0.958854924,-0.983159896,-0.489949273,0,Normal
1.258208061,-1.008262166,0.595517583,0.083776549,-0.315516683,0.512194925,-1.005831274,-1.34720286,-1.909160503,-1.741857254,-0.676904979,-1.24086592,-3.427423993,-1.621037749,-0.571421011,0.145456321,-0.840646304,-0.45360886,1.305394614,-1.277842148,-0.595395873,2.119942112,-4.069998634,-0.447361119,-0.50149839,4.151933702,0.164290675,-0.463120671,-2.857365722,-0.195422259,-0.341663141,0.463837715,0.042054964,-0.776988999,0.336425234,-0.354918658,-1.117620679,-0.885325738,0.395003671,-1.329203702,0,Normal
-2.466556427,-1.353747291,0.912186195,1.473610431,-0.196995186,-0.091929946,-0.604424696,-1.220685794,0.281252283,-1.935836387,-0.477788718,-1.688257413,-2.432761638,-0.482734223,-0.281125076,0.267513164,-0.906744159,-0.96911687,0.000394076,-1.701171564,-1.83074558,2.618774063,-7.9257369,1.521906545,0.761042066,2.562151815,1.429994164,-1.750308115,-2.572261877,2.631302098,-0.078117771,-3.156173828,-2.212883817,0.327431394,4.436088206,2.706170081,0.451663911,-0.189160796,-0.201587442,-0.870047351,1,Intrusion
-0.935038343,0.138605046,0.287797486,1.583606376,1.199023815,-1.147879126,-1.190937397,1.237138502,-0.997806774,-1.126357035,-1.137817312,-0.255167753,2.14399115,-1.623054017,1.480874229,-1.396832871,-0.416918637,-0.025039713,2.474834925,2.354795125,-1.294739687,1.083934912,0.484650141,-1.329810649,0.338387756,-0.898779492,-0.088221191,0.865845546,-1.865212559,-0.514945217,-0.238429541,-0.927422287,1.055870433,-0.000420074,1.746726897,-1.45566524,-0.92965256,-0.322985659,-0.27681932,-0.281348844,0,Normal
2.449081524,0.545394715,0.5235114,1.890038496,0.184678141,0.799257746,0.276324377,-1.193266609,-1.969413383,-0.939495262,-2.184489704,-2.565983721,-0.990948562,0.999827522,-2.180923971,1.777178594,2.670343607,-0.857738132,-0.34016986,-1.856316263,-0.339806341,0.064357284,-2.108506346,1.985249206,0.556703579,2.877214184,0.036744382,-0.262794669,1.418343785,-0.305073059,-0.42996563,1.566036379,1.773334721,2.079283411,-2.892107276,-0.015288631,0.873913891,0.328815774,-1.710294846,-1.206503652,0,Normal
2.42671787,0.55908199,0.189045071,0.333578599,0.77716458,0.014326859,0.224233171,-0.497060982,-5.151160772,-2.507938348,-0.164250642,0.198720988,-1.86482615,0.563204611,-0.230391641,0.988895266,0.110205002,1.322275861,1.882403442,-1.134446938,-0.220627658,0.547461817,0.879622138,-1.002516252,-0.743070324,4.789192068,-0.767913173,0.392555866,-1.756586667,-2.232297469,1.436217309,2.786264988,4.069237804,-0.298263067,-2.906437841,0.202592904,0.577642807,-0.800956409,-0.126205043,-0.425980115,0,Normal
-5.432079065,-1.287975454,-0.48536377,0.257054669,0.889977645,0.254539805,-0.768391357,-1.826588151,3.689462266,0.164562616,0.537782504,1.77438656,1.839704868,-0.349862661,0.127829714,-0.363673192,1.809390045,1.370750286,0.121365665,0.663297588,-0.722764796,0.596372667,-0.175880215,0.041415161,2.044644608,-1.574620542,0.180150849,-1.235889511,1.983792218,4.853381562,1.909373882,-4.752753636,-2.453702256,-0.301722948,1.095026473,0.018375533,-0.710495089,-0.7417455,-0.678907508,-0.286750679,0,Normal
1.939357085,0.378761884,0.441990323,2.461691846,1.188178411,0.006411904,-0.233383679,0.159284133,-0.886328304,-0.502136585,0.084151052,-0.140298534,-1.579082869,-0.051371582,-0.270236074,2.296820558,0.015606815,0.707230174,0.629515244,0.669663953,-1.51064088,0.396816169,-3.984598884,0.215429971,1.001477013,4.180785025,0.537715657,-0.647053207,2.094717888,2.527207899,-1.098780198,-1.273613307,-0.277276835,-0.080099866,-2.818600364,-1.367162323,0.76785398,0.127957258,-1.114241755,-0.064845774,0,Normal
1.864996076,1.756480376,-0.586730633,0.632449274,-0.481450613,-0.419075924,0.49181018,-0.353451293,-1.716429174,-1.111519109,1.534100416,-1.254853117,-0.730594952,-1.036031124,-1.009834456,-0.004153738,-0.816785767,0.652685005,0.921520569,0.230590378,-0.60056464,-0.830017159,-1.787091267,1.584886842,0.440586048,2.606814001,0.759402299,-0.250515066,-0.138053759,0.899951927,1.462339345,-1.988877744,-2.358730343,0.573702857,0.45240213,-1.674318513,-0.546460318,0.038761882,0.663720774,-0.526255742,1,Intrusion
-3.4544536,0.167112739,1.808302043,-2.359409519,1.088567659,-0.23162063,-0.794760481,-1.551669507,-1.55585734,-4.171206823,0.243004647,1.388573963,-3.270836011,-0.272222811,1.431757558,0.099903383,-0.453275144,-1.157506828,0.478097686,-0.310235998,-1.730583722,2.792888229,2.377700394,-1.079235442,-0.319677904,4.214717303,0.423919593,0.831839643,-4.740847019,0.295753199,0.27033812,-0.272034582,-0.832829417,0.148995001,-0.252926682,-0.23930975,-1.127731171,0.206144974,0.509925882,-1.465302045,1,Intrusion
0.790406668,-2.468189677,-3.550169549,0.15924992,0.882250481,-0.099208495,1.538562096,2.736089163,-2.270105841,-1.777580338,0.406653373,0.433445278,-1.898178391,0.296372365,0.133738937,-0.97214483,0.233495993,-1.452246618,-1.213957588,0.445060991,-0.246865962,2.194831418,-1.504880949,0.395442881,-1.109340999,2.386020743,-0.717525474,0.865640123,-3.837111604,-1.719632206,0.87877415,1.363900087,1.426335121,-0.375931365,0.820368484,-0.677176117,-3.039300001,-0.692702696,0.496000732,0.046749388,0,Normal
0.266125727,-1.307098343,1.316326504,-0.545074812,-1.000756247,-0.81819934,-0.247763156,-0.399687744,-1.284456711,-2.454590427,-0.221646852,0.798653723,-3.321575401,0.56672437,0.213977759,-0.004632,-0.220998215,0.932234303,-0.242646623,2.593341266,0.915940998,2.975545908,-1.040852846,-0.023742012,-0.493501371,4.503701634,-0.489694477,-0.038839194,-3.033424366,0.122902792,-0.185909279,0.70576033,-0.075874106,0.681338322,-1.86635798,0.293754625,0.702943563,-0.931082481,0.004423136,-1.910610816,0,Normal
-1.510383371,-0.260876123,0.136356224,-0.91825735,1.428073824,-1.197270317,0.223216981,0.771772959,3.062223586,0.173863058,2.347401163,1.382586638,0.373483467,0.34340832,-2.511443049,-0.009201458,-1.339603495,-0.854770436,-0.399759018,-1.389775968,-1.725927097,1.510658338,-3.233754942,-0.356028176,-0.580546046,-2.098996409,-0.607577949,-1.702300835,-0.234904442,0.945249753,-1.061042078,-0.997529087,-2.379332124,-0.839427512,2.1975918,0.278965081,0.3889272,0.779126881,-0.51160684,0.442995149,1,Intrusion
-3.224311482,0.67919217,-0.53226538,-1.163709197,0.005116908,1.123738549,0.015984812,0.094014522,1.652669901,-0.113851161,-1.083752846,0.005108773,1.713860742,2.76361165,-0.160095999,0.635042203,0.774194765,-0.627778297,-1.501599689,1.810904961,-0.218310342,3.100718538,2.523239838,1.259486732,1.572229619,-0.637585866,-0.380055317,0.187854521,-1.703658108,1.97726785,0.009000224,-2.065527385,1.080568398,0.89302561,-0.714625398,-1.501363155,-0.788249281,1.725699195,1.214968267,0.473536485,0,Normal
0.438530858,-0.094752286,-0.797956079,0.291692544,1.58376698,0.197955058,1.157856432,-1.773257829,-5.115165624,-5.096337186,-0.871597072,1.680302705,-1.701812585,0.863445513,1.808435448,2.410637618,-0.138010765,0.401185056,0.758785026,-0.907975457,0.46671094,0.488054954,-0.215117722,0.951270562,0.845666071,6.985497989,-0.39748122,1.330211029,0.21178046,0.576039511,0.845010174,0.420411472,1.985600466,1.896048506,-4.153469664,-0.511121579,-0.750472757,-0.38412616,-0.090954961,0.268936902,0,Normal
-0.296548489,-0.647818221,-0.221051217,-1.42318524,0.795508083,-0.323259927,-1.235142675,-1.633200007,-6.146793484,-3.098955591,0.546687232,-0.843726234,0.08241714,0.846672187,-0.97903071,0.320383907,1.227907014,-1.300884174,0.252111908,0.403663159,-0.652847065,2.062283058,1.827912003,-0.478618951,0.298923125,3.063671434,-0.475431223,-0.238907768,-7.141178719,-2.431157578,-0.689695237,-0.561358565,3.90063767,-1.62606714,3.227861809,0.328270686,0.29165439,-1.676150696,1.624676427,0.232648388,0,Normal
-1.414700881,-0.043773996,0.628740845,0.016977214,0.435904325,0.213795392,-0.242989581,0.199569915,-0.486295612,-1.470573152,0.059762939,-0.092558937,2.456586336,-0.512374014,-0.740213444,-2.190789745,-0.164142352,-0.526779078,-1.089287062,0.280117799,0.40860731,1.965383873,2.226735425,0.906867873,0.770532698,-0.7497794,1.103654112,-0.45970029,-2.392631643,-0.129287629,0.471952338,-1.284614029,0.712327439,0.812150082,0.658163757,1.081281308,-0.155042902,-0.705825503,0.119699813,-0.085913651,0,Normal
0.103273691,-0.283100124,-0.677161846,-0.361736403,1.348264889,-0.18064596,0.24180565,1.318752193,-7.461065527,-4.052114316,0.006387908,2.438035765,-0.096365694,-0.216952225,-0.032953114,-0.232347178,1.151595536,-0.856490219,0.729633323,0.256440003,1.128778888,2.23650937,2.270980195,0.299653934,-0.265463091,3.977030294,-1.979007207,0.300487188,-8.681434799,-2.958408246,-0.184978521,-0.911701019,3.602486718,1.990532339,3.910648388,0.020625975,0.193925481,-0.155743954,-0.440989453,0.165600202,1,Intrusion
-2.403503728,1.877944414,-0.692176388,-1.051041915,0.572084544,-1.563778932,0.918156342,0.580665944,3.12204812,4.404736847,0.537111542,-1.341471779,-1.832960848,-0.15351894,-2.032825539,-0.045758416,0.286523769,0.361120409,-0.63230686,-0.670493144,0.050142674,-2.462455418,0.342370164,-0.057935638,-0.328814433,-2.773629608,0.10325966,-1.516405135,1.967006036,1.217676159,-0.04819097,-0.087410959,-0.238173421,0.862156713,2.066230338,1.422553477,0.08735084,0.03840374,-0.651412091,-1.578524307,1,Intrusion
-1.056365659,-1.559827541,1.482155014,0.403884916,0.786634635,1.294525043,0.036078744,-2.020248487,-1.531231152,-0.553026065,0.781780887,0.317577045,2.002886367,2.008663511,-0.064541572,-0.283256237,-1.015911353,-0.015434581,-0.033022471,0.106515257,-1.307721943,0.134826811,1.703761724,-0.532767618,1.612624379,0.647751589,0.961979436,-1.663641684,-0.142267257,1.221205651,0.056909825,-2.102071371,1.684597821,-0.664907403,-0.201630027,-0.241344125,-0.250762044,-0.108689653,-1.419978056,-0.539606084,0,Normal
0.964264383,-0.491951394,-0.367356708,0.597854635,-0.672792312,0.25369979,2.288204457,-0.168902169,3.920824918,1.225197689,1.500721149,0.305371364,0.214482199,0.794294841,-0.261613102,-1.235799484,-0.614553356,0.772913892,1.004457249,-1.686708774,0.42070963,2.125282542,-2.260123364,0.033372703,0.040009149,-2.574730317,1.011287214,1.888685954,-0.51881569,-0.154591893,1.268304884,0.374093725,-2.847549963,1.033719324,0.453480213,1.524700756,0.587437923,0.244737939,-0.690473343,-0.984926076,1,Intrusion
-5.153881127,0.733767212,-2.304597063,-0.303622903,0.217902054,0.607910508,0.590494944,0.822778428,4.152574615,0.201842357,0.232533272,0.347345669,1.891501986,-0.429391359,0.412087587,0.502883814,-0.42468073,-1.568461495,1.545168714,1.841924355,1.563849433,2.551623146,2.422808553,0.02152818,-0.001560338,-1.585036359,-0.195371039,-0.811131164,0.647653355,3.964941935,1.055898453,-3.203246916,-0.989727625,1.5412504,-1.261658248,-0.781448072,-0.212515927,0.795151972,-0.632406567,-2.060597158,0,Normal
2.005604279,-0.759475303,-1.710681251,-0.039830451,1.568978077,-2.382724959,1.342285931,-0.639591881,-6.44965936,-3.412919326,0.605772282,-0.177054245,1.910183226,0.650566027,0.337305705,2.910801092,1.553817068,-0.14074533,1.411617145,-0.20586182,0.040678729,0.619463602,2.950400013,0.493929179,0.061161948,2.602490778,-1.027502226,-0.426851087,-4.677967448,-2.885115845,1.236879227,-0.20834964,3.01559444,-0.69227073,1.058146965,-0.653260072,2.302005154,0.339132367,-0.875201455,-0.637985137,0,Normal
-0.158154146,-0.531843351,-1.02819899,0.112357274,1.406009732,-0.266534565,-1.545898558,-0.80250315,-5.263552091,0.499942755,-0.947301483,0.02486405,1.060060909,0.974890681,0.339906149,-1.82841598,-0.014960647,-0.400095389,0.073228397,-0.051550975,1.713665695,3.148629309,2.581879156,0.662851576,-1.209594317,4.913427586,0.172458413,-0.908130076,-5.590859839,2.483640034,0.484406733,-5.003685775,5.915210493,-0.09278038,0.293944756,-0.121879339,0.802845195,0.211396922,-0.357755145,-0.702100394,1,Intrusion
0.353791411,-0.574109625,0.042194532,-0.062899644,1.543224785,0.815071979,2.145450797,0.779340515,-2.572092136,-2.169342234,0.722322531,-0.116904537,0.688653019,-0.117739092,0.044632701,0.027676742,-0.338927265,-0.676225714,-0.426376037,-0.202750027,-0.064263341,-0.130712031,-2.381406198,-1.221037654,0.87271648,2.711283764,-1.393563345,-0.238511028,2.480311831,0.739277085,-0.548809344,0.382178823,2.828462166,0.703582171,-2.450954785,-0.596730292,1.436982271,0.923754884,-0.278735966,-1.86482675,0,Normal
1.724030749,-1.211362241,0.408796448,-0.280822088,-0.307596919,1.82574252,1.216070287,0.082126427,-0.948870807,-0.648712239,-0.018165752,0.895644806,-0.3940297,1.793601547,0.450611742,1.034609991,0.867911606,-0.990434132,-0.563488292,-0.400732716,-0.744978776,2.298595135,-0.033169697,-0.359983925,0.431037759,-0.019519407,-1.638717479,0.075933036,-2.686868391,-3.025154987,0.914099029,3.309740286,2.495204808,-0.065887947,-0.717063704,-1.309367584,1.869216761,-1.333864082,-0.239960004,0.740631788,0,Normal
-2.009625459,-1.132246121,-1.086035932,0.319297103,-1.44738042,-0.388465032,1.311758171,0.034065912,-1.402383056,-0.278459967,-0.932824323,-0.84368829,0.378666363,-0.231404004,-0.657285596,-0.798074459,-0.069018304,-0.378532456,0.317501526,1.31233104,-0.515155215,2.566244426,0.304102137,-0.781483373,0.170846714,0.115432542,0.185369418,-1.237871552,-3.957613063,-0.525215289,-1.334035051,-0.324088323,3.619879652,1.081800243,2.152351876,2.473567933,0.042041198,-1.061181413,-2.302200771,0.173234726,0,Normal
-0.76958671,0.604729509,-0.990425361,-0.825566011,1.096396964,-0.257944879,1.470879263,-0.28923863,-7.173946464,-1.905288581,-0.969066296,0.079780405,-0.846199302,0.690909493,-1.440007391,1.389187144,0.726115516,0.245766572,-1.272969398,-0.425509466,0.984695583,-2.901561957,1.152393745,0.720907599,0.355234707,5.944812296,0.771448465,-0.627521883,-1.993141037,2.194070655,0.646690486,-5.125783474,1.442861519,-2.41432734,2.819509203,-1.048646907,1.302043392,-1.377445881,-0.420979926,-2.707277699,1,Intrusion
2.7659181,1.837830924,-2.167265257,1.321108898,0.085559331,1.452099323,0.067921726,0.125495649,-1.771531376,-0.214952881,1.804173073,-1.600601757,-3.84116686,1.152274984,-1.344653184,-0.17210129,0.748993993,0.959845946,-1.935893025,0.055931143,-0.760383413,3.167508619,-1.054053221,-1.666684044,1.391661825,1.478078043,1.3763308,2.520622828,-5.999411212,-4.668694618,-0.402610235,4.956899945,2.669264783,0.762582552,0.682764215,0.315379163,-0.18290497,0.909011222,-1.427402531,0.751072237,0,Normal
1.544260122,-0.394898219,1.20369202,2.32461367,-0.872917091,-0.359248236,0.625532443,-0.395948891,-0.95941312,-0.865503147,0.747768882,-0.31242616,-3.113507113,-1.223044701,-2.897502995,1.356812708,-1.94099741,1.006208435,-1.627102506,-0.69458318,-1.134646152,1.757730856,-0.291830763,-0.19312169,-0.476277023,4.454637429,-0.288472226,-0.465855799,-0.918043566,0.698543886,-0.833175767,0.745664731,0.286121703,-0.812327762,-3.643595748,-0.230495319,0.893681762,-0.726803621,0.443420932,1.76439225,0,Normal
-0.801353111,-1.032015876,-0.835612258,1.155001044,-1.934790744,-0.396490654,-0.500993996,-1.180035515,-1.858399661,-2.298655804,0.627375792,-1.905803064,0.310761944,-0.115922298,1.103349872,2.050029268,-0.047306646,0.534604058,-0.76813971,-0.169538742,-1.47572975,1.787221885,-0.516651018,-1.263008721,0.308867674,3.199699519,-0.216419839,0.087459472,-0.679622697,1.671538981,-0.601954322,-1.642295081,1.28570695,-1.147173229,-1.582822508,0.966571503,-1.041306839,0.57751917,-1.452095568,0.549694582,0,Normal
0.453769952,1.993054959,0.843630011,1.814052822,0.602633795,0.24636406,0.622441181,0.098102998,-2.866687854,-2.269975863,1.340731296,0.170644171,2.836583301,-0.540150589,0.23291952,-0.671052623,-0.35258611,0.15234116,-1.253817395,-0.100606527,-1.030660594,0.837269255,3.44750659,0.913273709,-0.938320329,1.392941251,-1.741121031,-0.486326475,-1.757453569,0.017002411,-0.05879258,-1.96415595,0.926587235,-0.536072104,-0.958748973,-0.075755215,-0.161192352,0.168395735,0.1523707,0.800751131,0,Normal
-4.822818624,0.246468572,0.633061534,-1.146671099,1.232620796,-1.003858791,-0.2595418,1.412560079,1.766557369,0.781878107,0.545241659,0.672331899,0.199487226,-0.329504559,-0.981574497,0.262929002,1.35458934,1.526028231,1.108147448,0.271103886,-0.196705201,2.197547489,-0.770984708,0.196588552,0.510138631,-1.234762401,-0.463507245,0.171120185,-1.791791616,2.077167606,-1.265283912,-2.019157588,1.621111462,1.783086292,2.703624311,-2.495797288,0.178967885,0.665301583,-0.478518754,0.118455458,0,Normal
3.354741103,0.174454481,2.107956019,0.227848406,-0.584583937,0.971990093,-0.218566015,-1.451723527,-2.269084228,-0.603125631,-0.276536267,0.437629796,-4.08053485,-0.824565515,-0.309390846,0.948038939,-0.014268987,0.180081466,2.711450074,-0.485698455,-1.004643916,1.07192748,1.421721649,0.007297952,-1.10473425,4.750919325,0.363916945,0.035966784,-1.704690683,-1.537076525,0.441930671,3.088212372,1.359601108,-0.160802719,-4.395778234,-1.205923852,-0.800051775,0.55970455,0.826800081,0.047558824,0,Normal
1.008879716,0.629370192,0.989826327,0.059395611,-0.012907272,-0.071314089,2.21859039,0.162203204,-5.252877031,-3.363044425,0.044857729,-1.064821536,1.277147621,-2.214656717,-0.83701481,1.192748853,1.710335888,0.997706086,0.362008472,0.546665253,-0.146925588,2.537413492,1.583761571,-1.588558107,-0.609032143,2.292012067,1.094582748,-0.261101985,-6.247513802,-2.694529494,0.022955595,-0.189305669,2.965139408,0.86483853,1.935742618,-0.841558539,-0.977035313,0.448852366,-0.912625446,-0.333621472,0,Normal
4.083550321,-0.357128545,0.805448703,-0.570083006,0.676849809,1.924763809,-2.57924353,-1.094267132,-0.656908642,2.171827809,-0.940040111,1.874596437,0.540598973,1.6264166,0.462654933,-0.37158937,0.611274266,1.291144148,-0.678015104,-0.156878527,0.794604092,-1.207948519,-2.276665438,-0.394035042,2.639732257,0.082095303,-0.840026581,1.146241342,3.817938756,-0.792426954,0.660046393,2.512634575,3.223112056,0.503425804,-3.302674579,-0.250867214,0.741297044,-1.283784892,-0.568296019,0.542125535,0,Normal
0.387906843,-0.05605867,2.318207363,0.187100146,-1.688615162,0.471155415,1.294068944,0.458409808,-2.727907859,-1.311806439,-1.362597581,1.042519878,2.154917978,-0.64413946,0.803756081,0.986113708,-0.9643019,0.132562539,2.015925,-0.847850115,1.517200838,1.973804088,2.189821817,-0.172764306,-2.17324331,1.19754698,0.028230862,-0.107760031,-3.080737081,-0.369137038,-0.036163548,-1.366862166,2.513264247,0.855694519,-0.087081034,1.182841191,-0.928442879,-0.459713894,-0.289472962,-1.06843866,0,Normal
0.053217195,-0.183690736,0.264039801,0.439802209,-0.779630471,-1.138079248,-0.454184887,-0.464005975,-5.461149424,-4.007021026,0.033485642,1.840325155,1.925766762,-0.034660678,-2.798371836,-1.374961589,1.72275909,-1.111260474,0.199148201,1.079352103,-1.083544834,0.528933761,5.941391575,0.585052549,-0.202452448,3.572336874,-1.009703445,-1.001777634,-3.881940344,-0.608862155,0.52834733,-2.235525899,1.184744585,-0.267241833,-0.726700443,-0.087043056,0.645343714,0.026731498,-0.532379074,0.040725852,0,Normal
-0.834709969,-0.013118401,-0.337252848,-0.382555641,-2.474715267,0.550632168,-0.784444588,0.511124136,-2.655683818,-2.891495801,-0.328754735,-0.919014977,1.66476725,-2.038792732,0.391047554,-0.831939785,-1.558777031,0.683806277,-2.02134291,-0.209124903,-1.75874531,1.098760846,0.202471713,-0.885899263,-0.211975848,1.778206913,-0.572922629,-0.228918136,-2.235889591,0.564997994,0.938429088,-2.501378064,0.148034627,1.203559269,1.281900617,0.992752099,-0.020092172,1.390850168,-0.280487285,-0.245039048,0,Normal
0.011399401,0.150425737,0.158302918,0.146720863,1.778807203,-0.240946631,-1.258843973,-0.412809764,-3.472949448,-2.707040385,0.881722689,0.25772025,2.692969322,-0.281038691,0.482600094,-0.996129142,0.42580617,-1.2510917,0.931832297,-0.563113014,1.087207092,-1.246209749,2.510805183,0.130216846,0.899704666,2.260536478,-0.305949429,-0.70488144,0.096297119,1.417900629,0.822305496,-3.675318273,-0.676695077,1.648831841,-0.239921928,-0.228769229,-1.050758342,0.784707093,1.592553227,1.896102809,0,Normal
4.194209554,1.604821097,-0.811489987,0.185970355,-0.440637805,1.064015581,0.898051601,0.780522297,-16.91758431,-6.761268742,-0.668823445,-0.381841628,-1.789610501,-0.611870357,2.666925779,-0.004130445,0.08212705,-0.187821348,1.103332254,-0.202807119,1.432498684,0.195807303,2.728916493,-0.792743569,-0.877125208,10.25662716,0.886905235,-1.021895042,-12.33764553,-5.8621225,-0.290082481,-0.440748632,7.615941884,-0.834046346,5.030175046,1.377691465,-1.912984726,0.412054715,-0.799140575,0.108348572,0,Normal
-1.433779641,-0.867639634,1.699568566,-0.059853846,-0.59513478,1.224285418,0.617692988,0.436415481,-0.379473735,-0.922286343,-0.386640043,0.080344865,2.242050716,-0.286076765,-1.442532329,-1.036762999,0.594890485,1.692638381,1.4887924,-1.413881343,2.282422201,1.801487931,2.164468184,-1.018804824,0.303764255,-0.50198529,0.315014663,0.837683683,-1.861203831,0.34884601,1.760798785,-1.420252385,1.138905869,-0.474004172,0.206662707,-0.052457896,-1.430915177,-0.643525253,1.700630164,-0.607636127,0,Normal
-3.379782253,-0.123149531,0.576730063,-1.271633525,-0.869334904,0.001161897,0.881962215,-0.454954152,1.76998389,1.686684739,0.446547729,1.214839026,0.677017023,0.039763464,0.550281225,1.19066989,0.561816947,3.054161924,-1.028098563,-0.253782244,1.489713254,3.251347499,-0.12750136,0.696779706,-1.768580527,-1.433071854,0.333670411,0.006721529,-2.289653292,1.415696096,0.594158828,-1.118374319,3.202988791,0.62650015,1.329594623,0.58039765,1.1986242,0.646394002,-0.774623253,-0.082802175,0,Normal
-4.57635727,-0.633678012,0.719715322,0.10190204,0.158280062,1.919076352,1.637953277,0.565626564,-0.706414662,-0.948403375,1.326787723,-1.226332391,0.094162433,-0.596127516,0.284890863,0.688061456,2.369055659,0.821302051,-0.293864231,-1.037955307,1.524425391,1.581931453,2.955393721,0.277892156,-1.035469469,0.953582723,2.946856847,-1.80073583,-2.900254861,1.732616869,-0.018928051,-2.473158751,1.59807022,-0.056505503,1.416062855,-0.171865453,0.984666396,-0.131094845,1.317324239,0.567373381,0,Normal
0.524689433,0.961904179,0.996956858,2.014969446,-0.716932055,0.794800679,0.326334224,0.589677945,-2.23523531,-2.396935883,-0.293329487,-1.136197162,-4.111100396,0.634516318,-0.557175984,1.761736877,-0.455076822,-0.337237437,-1.754370447,0.898470689,-0.48645487,3.335414214,1.701643929,2.262555695,-2.677835368,4.910992234,0.7935049,-1.449171149,-4.880511339,-1.322004845,-0.537642779,2.095131495,1.238637574,-0.172492453,-2.443100961,0.501401848,-1.455539957,-0.961652014,-0.99740158,1.524820175,0,Normal
-3.041181842,-0.467239767,0.698700533,-0.753216247,1.882851691,-1.643584578,1.130071725,-0.566424189,2.830259751,-1.62492493,0.36718206,2.089288255,3.191276367,0.101728911,-0.146540784,-1.038049304,1.112411601,-1.657242354,0.158594494,-0.367236099,0.852342678,3.338866874,2.124877301,-0.150134722,-0.436864044,-2.37597289,-0.838583704,-0.453386671,-1.848730545,1.260764576,0.06324053,-2.2929542,-2.00761481,0.946902387,0.323417943,1.388546635,0.793570963,0.815094289,-0.544791915,0.112894167,0,Normal
1.786194795,-0.690624749,1.37158358,1.513749669,-0.124284645,-0.507762281,-0.403826043,1.10326248,-7.80947776,-2.524257277,-1.829575966,-0.904442599,-3.058783516,0.908465275,-0.587158772,1.073954467,-0.116654597,0.120914758,-1.648736221,0.505503688,0.499916588,-1.372401086,3.575692436,-0.057673843,0.779653788,5.450894577,0.132407807,0.620700931,-6.418347008,-2.887836375,1.757742593,-0.166104245,1.687120808,-1.814258466,2.691931162,-0.186642278,1.315767874,-0.244760083,1.660501198,-0.461029413,1,Intrusion
2.410838341,0.276200247,-0.286142751,-1.118520372,-0.721696966,1.228910553,-1.847408345,0.520956316,-6.563215563,-1.794553876,-0.172343647,-2.243067089,-0.81926814,0.697450452,1.085360233,-0.202314499,-1.90180395,-1.182792114,-0.507398831,2.186525731,-0.5337981,2.343040604,4.689494746,-0.012300819,0.918700255,4.679455714,1.921485756,1.101940409,-8.188433003,-2.421920342,-0.229465652,-0.796053135,3.423489201,0.793248956,0.788000941,-1.763060382,-0.036284682,-0.978569245,-0.335586171,-1.459889876,1,Intrusion
0.791749632,-1.793278392,1.12728627,-0.500984603,-1.650353222,0.212858503,-1.056378567,-1.30914324,0.056077735,-1.688352332,-0.957832203,-0.030724924,-2.219432363,-0.407702779,1.083356789,-0.802899708,0.518120306,-1.028914657,-0.022886269,0.206843298,-0.073495363,3.306128913,1.517867381,-0.743586635,0.351068551,2.290190021,0.678147619,0.426299182,-3.195781154,-1.230151092,0.286862529,2.108590825,-0.111190759,0.062346894,-2.764582911,0.507862752,-0.33935768,-0.149041251,-1.356218658,1.010020722,0,Normal
-0.553346053,0.425007712,-0.716011728,1.380584283,-0.091905613,-0.157606298,0.008862865,1.124268508,-2.715363923,-1.931918204,0.483463363,1.117262119,2.202489112,0.64903922,-1.386628954,-0.735832141,0.034464059,0.084618348,-0.206890488,0.329995163,-1.692773554,-0.725717479,1.653620563,0.09149511,-0.180328263,0.434515298,-0.733511873,-0.09689527,-0.948381717,-0.200900929,-2.048766198,-1.735471778,0.53965944,-0.156855003,1.375690881,-0.573769589,-1.229034106,-1.374530514,1.135336925,0.434250695,1,Intrusion
-2.589545581,-0.795559606,-0.078100037,0.096835416,-0.198567235,-1.704322894,0.308487768,-1.807472962,-3.803818737,-2.984201155,-1.264204834,-0.122356258,-0.595047171,0.945781062,-1.286069932,-1.220047487,0.624766474,-0.386656533,0.602966416,1.362573509,0.495746409,3.455640827,1.050217602,0.975848222,-1.232884455,1.491704506,-0.272324432,-2.323616347,-8.078198702,-2.350395009,1.261055855,-0.082299572,3.152005866,-1.09256513,4.533765986,-0.51794487,-0.566302413,-0.068622744,0.152397434,-0.151423156,0,Normal
4.852878521,0.224745882,-0.515787407,0.411910127,0.587322214,-0.615385129,-1.582947551,0.143995469,-1.285601476,2.152273561,0.539660302,-0.133254127,-2.378038241,1.030644521,-1.093263589,-0.705884804,0.494071633,-0.3864215,1.407967541,-1.183846732,-0.240834335,0.740427743,-0.881801644,0.569530324,0.524922237,1.246087141,1.115704275,-0.592193486,-2.027436685,-2.685099386,-0.5690407,3.083029437,2.006236,0.191577481,-1.168569395,-0.802095995,0.078936066,-0.133855549,1.445812334,0.146751204,0,Normal
-3.434634129,1.101116142,-1.782201374,2.180942063,0.887504807,-0.020038589,0.728527139,-0.55646134,2.258025096,0.578825014,-2.422632826,-1.440227815,1.524823541,1.097078349,0.762179983,0.643270791,-0.720674065,0.695808381,-0.190931801,0.039088319,0.970396803,3.494258008,1.571751737,-0.800038047,-0.529142641,-2.347782529,1.523106394,-0.310370519,-2.917626886,0.612951813,-0.519690224,-0.907234754,1.563063225,0.231926748,1.270442048,-2.751362532,0.294278974,0.812332121,0.459066483,1.090042417,0,Normal
2.891988331,-0.23189254,-1.019853065,-0.53725705,-0.947697976,-1.227515492,-1.432980897,0.882835256,-4.903311674,-1.227340993,1.722143827,0.832922594,-2.046545897,-0.008232238,1.275787314,0.421508024,-0.34187824,2.25455146,-1.07382137,1.983830589,-1.929681623,-1.315269395,0.118673082,0.129766759,-0.199899469,5.055244882,0.451506372,0.178323283,0.913103293,-0.909728421,-0.579714249,2.011803634,3.751739616,0.006893157,-3.551952998,0.814052653,2.860675263,-0.151736795,-0.206179604,-0.351267704,0,Normal
1.822015451,1.561883788,0.772256066,0.434483484,1.087623087,-1.226235482,0.902950762,0.646668797,-5.750787781,-3.437464025,0.246710334,0.742299732,-2.780937439,0.387275384,1.211528136,0.71470491,-1.108035492,0.284530598,1.128633987,-0.200973791,1.22212756,1.042947592,0.949181383,0.345042799,0.356135006,6.175558606,0.595802121,0.493017918,-3.225269627,-1.741034179,0.136479245,1.789919822,3.148320855,-1.08365995,-2.251122686,1.690316118,0.848072183,-2.605546592,-0.158954978,-1.237224355,0,Normal
-2.803340683,1.367304107,2.122027405,0.86045756,0.472221475,-1.044267633,-1.396907949,0.321169305,3.548804429,-0.442076814,-1.14742261,-1.940173691,0.683662821,0.860126243,0.874875746,-0.321185939,-0.645419458,-1.51548715,-1.244238025,-0.815972332,1.774499231,3.910414099,-2.597972351,-0.228201328,-1.194773608,-3.075114416,-0.03077971,-1.494153755,-2.405105553,-0.306388608,-1.659849003,0.560443397,-0.485674601,1.552871832,2.328734288,0.904168912,0.372608047,0.367422864,0.622532663,-1.116185473,1,Intrusion
0.099875427,0.031745982,0.375269362,1.565029169,0.533200336,-0.459794354,-0.628311593,-1.017646957,-1.162527339,-1.736074868,-1.023025238,1.281716428,-0.951826927,-1.416460706,0.392610561,1.054070628,-3.207712983,-0.864249711,0.439434487,1.319275216,-0.305009683,3.173780283,-1.755525621,1.50693634,-2.049103392,0.574443695,0.975959176,-0.659351187,-4.048459187,-2.467911021,0.612779072,2.363211901,2.130570457,1.475446938,1.166260203,0.38986196,0.425002833,0.221163863,0.37688377,0.227193429,0,Normal
-0.392153827,-0.489093707,1.212764786,1.088186096,0.498893984,0.486763798,-0.311892205,-0.435703767,-5.422747626,-3.476997091,0.691718827,-0.22153808,1.274668681,-0.345645346,-0.237193592,0.671974486,-0.76229628,1.211541011,-1.415394548,0.432925824,0.974978316,0.016944882,3.308610626,0.236665672,-0.261334669,3.248696783,1.033565734,-0.028335073,-3.511886293,-0.52180638,-1.830437099,-2.158747159,1.57255219,-1.313854936,1.05274349,1.652895652,-0.308633564,-0.378508697,0.101480241,-0.252568016,0,Normal
-2.826450128,-1.143060693,0.590185501,0.001838715,-0.402131581,0.381488596,-1.163470693,1.034965188,5.195118171,1.105343073,1.477611219,-1.369405592,4.070952391,-2.360443659,-1.140763271,-1.094410667,1.107940613,-0.742473529,1.41534593,0.515816774,0.869367375,2.686382697,4.029034951,-0.267450321,1.424476606,-3.829324211,-0.744157106,0.643058031,1.955183083,2.451210573,-1.020502235,-1.418827229,-0.483048776,-0.175834779,-3.494415852,-0.628547057,0.920288936,0.808604658,-0.339363065,-0.146173798,0,Normal
2.039858749,0.001973008,1.144798118,0.143914691,-1.105265667,-2.088343694,-3.387345911,-1.729812775,-0.724689498,-0.102722564,-1.789271523,-1.46189984,-1.490003245,-0.57195482,1.842885566,0.845176862,-0.029074913,1.358966633,1.205063003,0.846890997,0.415626935,0.890625568,-2.089562838,0.032015505,1.025836632,2.608834442,0.228387588,0.639410476,0.43892274,0.423500093,0.849479886,0.652323121,0.735402531,0.06897624,-2.325782093,0.888845559,0.665970668,-0.371325813,0.053696966,-2.186827587,0,Normal
-0.242963097,-1.887920149,-1.677428305,0.948310388,-0.399231657,0.614484803,-2.206531721,1.54109573,-1.151722297,-2.925935594,-0.979538773,1.745232156,0.596277239,-0.462262932,1.914597018,1.110219912,0.48382721,-0.478198847,0.079716196,0.592527751,0.5539324,0.849184288,-2.474685323,-1.594434206,-0.294978858,2.933798807,-1.100732127,0.998924983,2.447070002,1.773635181,-1.124574217,-0.515062545,0.66640712,0.305286815,-3.08838923,-0.614015952,-0.37146585,-0.87719981,0.584430285,-2.189588396,0,Normal
0.757067045,0.494759704,-0.787856738,-0.286958233,-0.671862216,1.03181643,0.236247913,2.378741402,-1.770923228,-1.916845512,-0.492146064,0.329484325,-0.427364896,1.185611947,1.120174531,1.036380998,-1.370903307,0.984721299,-0.45267055,-0.326871589,-0.004523839,2.323160175,-1.392792171,0.236163193,-0.125483247,1.242759559,0.237620135,-0.635501025,-1.998844136,-2.124110401,0.83146342,2.700692268,2.960725708,0.437552069,-0.837949852,-0.596681111,-1.619920716,-1.259440704,2.228265029,0.443952606,0,Normal
0.436841555,0.462422518,1.448827538,0.053294336,1.16606313,0.269419713,-0.533622166,-2.596982676,-2.742640114,-2.849830404,-1.135612638,0.345744354,-2.263138317,1.817377007,-0.102295811,-1.729891635,0.401746982,-0.361015259,-1.338372312,-1.775447967,-1.403469357,2.995592097,-0.153545088,-0.363511527,-0.274797776,3.56489919,2.009961362,1.766882258,-4.555198808,-1.690568126,1.040324573,1.565937586,1.619715763,-0.253710688,-0.468994102,-0.572756045,0.510678263,1.409016138,1.381824015,0.037412854,0,Normal
1.796993762,-1.849293715,-0.603860113,-0.547505936,-1.783941616,-0.046503162,-1.072933178,0.709667499,-13.38603703,-6.914944659,-0.631197422,-0.749541885,0.638404963,-0.991233975,0.53873521,-0.440391334,-1.016581786,-0.857870728,-0.36772936,1.084858168,1.067033789,1.967245806,6.18616694,0.154114591,1.227980587,10.6476523,0.74467894,-0.01975522,-9.395935309,-0.915633021,-0.454068054,-4.292252967,5.424498405,-1.774114444,-0.026784211,0.396333445,-0.63899623,-0.43463261,0.285276197,1.239855381,1,Intrusion
0.811137943,0.554053802,-0.998550062,0.801466928,0.966131709,0.148814841,0.729688708,0.95675914,-0.065086154,-0.496325932,1.252915259,0.093831052,0.739319875,0.142609542,-0.808435017,-1.157288328,-1.234216122,-0.976991086,-0.2379426,-0.429545432,1.193114431,0.386684496,-2.760256845,1.202979001,-0.507451591,0.990810038,-0.830972541,-1.733895679,2.333547546,1.161505234,0.000626791,-0.193000995,0.770633837,0.920974471,-1.867159188,-0.227568555,1.550166858,1.803194738,-0.541126625,-0.130798847,0,Normal
-2.460300132,0.087722375,0.461540518,-1.775416396,-0.967491545,-0.072076547,0.304653667,1.781214466,-2.340289958,-3.238646168,0.771665846,-0.629588417,1.816829926,1.560187324,-0.725584938,-0.182369443,-1.145905452,0.738139663,-0.417946638,-0.18773225,0.400772851,1.61033656,5.601859433,-0.203462872,0.625909449,2.489429342,0.724845398,-0.675484915,-3.234445796,1.570616678,-0.735373552,-3.661126343,-0.381875067,-1.677267921,-0.700387065,0.716816283,-0.942421938,-0.867690286,0.616239561,0.348724133,0,Normal
1.988295774,1.808815368,2.082617595,-0.387348845,0.87207132,0.262434381,1.483400721,0.458688944,-1.794207427,-1.375185831,-0.862628588,0.26666609,-4.002296696,0.602436361,-0.180638147,-0.644378905,0.276031586,2.182630936,-0.510647974,1.050061085,2.116064882,3.925666462,1.488287825,-0.133590592,0.380736649,2.512239885,2.893353585,0.568430546,-7.04783027,-4.163811064,1.002529021,4.235705361,1.614840951,2.454342623,-0.474802637,-0.351381571,-1.08378237,-0.239691999,-0.828772335,1.24234705,0,Normal
-0.112215063,-0.11533709,0.050729247,-2.180560721,-0.341350608,-0.73809528,0.68477016,-0.320903288,-3.203902751,-2.039201642,0.16522869,-0.347491749,1.772754547,2.073039824,-0.733650324,0.64465711,1.414105582,-0.147356947,-0.247064886,0.839933807,-0.605189252,1.395609007,1.857728895,-0.413979297,-0.720266128,0.824239462,0.425446966,0.872620491,-3.761876267,-1.2755656,-0.16124068,-0.925497063,1.954396984,-1.50683317,1.565429135,-0.719922782,0.74687798,0.120150623,-1.631055901,0.98976125,0,Normal
1.429056433,0.753151045,-0.086357158,0.512006943,0.464266392,-0.926692555,2.999094434,1.22028647,-6.456044583,-1.016986938,0.151579987,-0.847483676,-0.706730696,-1.899925985,-0.42522123,-0.737432116,-1.598403092,2.240126583,-0.877375549,-0.235128032,-1.003646056,1.605501118,2.338843642,0.381390869,0.559712638,6.264928226,0.99740541,0.710873965,-5.218050131,0.967854387,-1.740020339,-3.327443863,4.046478704,0.647546327,-0.128365529,-0.578466104,-2.40453856,-0.139067825,-2.246129542,1.590123307,1,Intrusion
0.991062909,0.604171928,-0.189374505,2.109029059,0.20313792,0.25240334,0.515378062,0.981334849,-4.084239046,-3.954173155,1.63838898,1.375874246,3.254015472,-0.791127318,-1.080297224,-0.65569225,1.59654705,-0.017637145,0.442485976,-0.560292584,-0.493819139,0.247126654,3.549045255,-0.841911437,-2.092430129,2.611000258,0.139459156,0.764897649,-1.820261288,0.312306633,-0.417380927,-3.216389977,-0.832992138,-1.529995074,-0.813590827,0.23949899,0.488119635,0.054374941,0.955540617,-1.903179318,0,Normal
-1.009358146,0.732621937,0.694995415,1.306555869,1.536266031,0.066144649,-0.007273442,-0.983337572,2.767051079,-1.114058673,-0.175648343,-1.089200814,0.137312923,0.757487211,0.46909977,-0.62692606,-0.033388151,-0.718942622,0.449096325,-0.132368397,0.366222007,2.440711124,-4.053878712,-0.527493726,-0.507908048,1.093995173,-1.463938422,0.331557923,2.168286303,3.200028711,-0.463793355,-1.583310724,-1.920331775,-0.091946562,-2.274002136,0.136703948,0.59415087,-1.225855865,-0.990017056,0.968965366,0,Normal
-1.189988095,2.04860852,1.851503215,-0.202478188,-0.994167085,-0.082260111,0.543890196,1.542387422,-3.083182839,-3.133466946,0.510634144,-0.136054033,1.600091201,-0.679753962,-0.316159591,-3.003080558,0.942949542,1.091381024,-0.207498811,1.146097956,-1.458696979,0.608696753,1.013742087,0.664048168,-1.874864837,2.071286878,-1.951563074,-1.727616475,-2.531715313,0.764406304,-1.322582441,-3.152922643,-0.361260297,1.276051079,1.729719389,-0.882704715,-0.083065262,0.923050132,0.206200185,1.010171788,0,Normal
-0.599892197,0.896099637,-1.6346917,-1.046562508,1.48379343,0.060223414,-0.741665389,0.481135298,4.345659748,-1.654985035,-0.036461127,-0.358183874,-1.542100801,-1.034006606,0.084439854,-0.573580981,-0.143995199,1.240700176,-0.933889764,-0.592641982,0.02526098,6.021565328,0.093958666,-0.547272647,-2.035067811,-1.288622787,-0.581912521,-1.181967243,-4.674729426,-1.749901779,-0.729158679,2.659421333,-2.90145081,0.502557727,-1.118116433,0.120557161,0.896305076,0.696881752,-1.495594421,-0.320590991,1,Intrusion
-4.096588257,-1.365269925,0.196744384,-2.365984979,0.570086636,-0.343739402,-0.270304883,0.124454656,1.044162835,-0.253125218,0.076865569,-1.10706976,0.742156574,1.670728956,-1.250066712,-0.324866617,0.08638816,1.038794861,-0.569280429,-0.118330639,-0.831261123,2.889873101,0.516771546,-0.81857746,2.035521356,-0.64463005,-1.029074086,1.285568376,-2.980306357,1.619757586,-1.575469675,-2.252429775,1.137748529,1.010744374,2.139609524,0.454992912,0.169895381,-1.169213098,0.689485061,-0.888199513,0,Normal
-0.301547092,0.662618186,-1.196016079,0.574714803,0.81334188,-0.578386116,0.86804353,-0.668541457,-2.342837898,-2.062110186,0.556432183,0.462140361,-0.340035417,1.490888717,-0.324301876,-0.338994588,1.576647515,0.392202382,-1.580226758,-0.042173124,-0.448501102,1.946489359,-2.488757709,0.14783302,-1.706530727,1.553971646,-0.886154495,-2.83520127,-2.518543241,-1.158891097,0.548082532,0.863784175,2.564267266,-0.19258161,1.261616131,-0.275485341,-0.171531396,1.012328998,-1.01719776,-1.534101999,0,Normal
3.638583259,-0.784873235,-1.075803507,-0.63052024,-0.307859121,-0.173151281,-1.009688793,1.278715977,-7.92066558,-2.199073173,-0.997650593,1.045803982,-2.732510383,-0.570686354,-2.769061436,0.535154701,-0.46645024,0.693502855,-0.552079788,0.779704993,-0.5513784,0.194419415,3.313256058,-0.02452515,0.023714706,4.859387172,-0.856321186,0.424682689,-8.482937686,-4.516870333,-0.887060153,0.923907282,2.307176692,-0.864707747,2.911062012,-2.141240096,-1.98252903,-1.316756631,-0.86351381,-1.349399651,1,Intrusion
-1.870238216,-1.001231945,0.967657716,-0.492289485,-0.227576175,0.804990021,-1.458896511,1.964895058,2.504458303,0.739849931,-1.000466049,0.328799859,2.748709631,0.520721778,0.030185999,0.777233042,-1.131440257,-0.388820995,-0.335686501,1.033082398,0.563922786,3.273854802,2.919857834,0.263060847,-0.941706571,-2.572266831,-2.264216737,-0.94468236,-0.904628695,0.384237226,-0.210562407,0.096079425,2.152763229,-1.901108785,-1.812841275,-0.952980443,0.294040173,0.298960333,0.256825816,-1.245425428,0,Normal
0.279960536,1.64361571,-1.782441964,-0.701916173,-0.550914024,0.764400259,-0.092217086,-0.17001166,-3.27163987,-1.516368387,1.425030162,0.308276988,-0.640843755,-1.12857964,0.752542446,-0.122856509,-1.99668742,-0.141777375,-0.059387243,0.407279074,-1.826005191,3.189778101,3.015582772,0.436599659,0.223712743,4.151032046,0.092529125,-1.364235828,-5.841039482,0.537843125,-1.624230229,-2.470545269,1.396165383,0.024558858,-0.280893562,-1.586785278,-1.036327473,1.45063642,-1.089176364,1.999886451,1,Intrusion
-2.663237122,-1.529409871,-1.052537901,-1.873854847,0.72158946,0.975845541,-2.176534728,0.979858586,-1.442060434,-5.106761821,-0.571433728,0.715980304,-0.213863019,0.462053628,1.535105797,2.075928057,0.190118258,-1.132832358,-1.218564712,-0.4471529,1.57934682,3.566956218,-1.008562868,-2.388390742,-1.289778963,3.060263263,0.055014226,0.704875917,-2.241830342,0.418924391,-1.53687698,0.04030762,0.727419343,0.116292015,-1.189354086,-0.8937272,1.624624083,-0.046342847,0.523211252,1.509035937,0,Normal
1.44670968,1.444586251,1.158245829,-0.221226511,-0.653085571,0.626475313,0.397259661,-1.086006951,-1.298195034,-0.992296239,0.288806796,-0.005085983,-2.13465273,-1.251409086,-0.076564664,0.159949863,0.388663451,-0.085326928,1.262629971,0.165517327,-0.038224507,2.548731886,-2.633306961,0.442303361,0.686476734,1.990053255,0.237380466,0.046290221,-3.690077854,-1.519346479,0.543964111,1.331221721,0.782694055,0.242051268,0.878794571,-0.913379274,0.279444262,1.267447036,0.826665349,-0.334717626,0,Normal
0.623686559,-0.955496576,1.788791175,-0.789674645,0.852664104,-1.145493911,1.548981704,-0.431279177,-5.444182796,-4.231876817,0.012033954,-1.014951012,-6.500654672,0.611355517,0.527857484,-1.655495055,-1.459906513,-0.591443259,-0.057213881,-1.005782172,0.119451543,0.100583828,-2.564173421,-0.038768347,1.795970303,10.47243272,0.737702774,0.023171398,-3.807762435,2.805495419,0.00905425,-3.828531852,-3.371450034,0.875714176,0.326548429,0.270135531,-0.535161181,0.719433355,0.649709522,-0.837648599,1,Intrusion
-1.381255846,0.812417637,-0.101630592,0.520863741,1.572032177,0.703422762,-1.898077259,-1.365813119,-1.617806347,-1.577247979,0.084413789,0.280952184,2.1477512,0.770240545,1.189747476,0.342763568,0.101906361,-0.238457969,-0.195161587,-1.162281356,0.157791559,0.171894802,1.723603864,1.495519503,0.870525304,0.837836451,-0.964051519,0.996378109,-0.835124403,1.401880046,1.158993647,-3.045318342,-0.002883082,-0.108036517,0.678757667,-0.776147642,-0.330077302,0.454684803,-0.159242647,0.185475167,0,Normal
1.886983228,0.478350296,-0.090832128,0.792690003,-0.092675577,1.163134654,-1.394074839,1.165497676,-8.819029723,-3.675399482,-1.126644095,0.236283257,-4.04943116,-0.760723223,0.609395404,1.206597149,-0.685440747,-0.339342765,-0.598852792,-2.416148793,-0.671491424,-0.05469446,1.725281127,-0.688493955,0.948065102,8.417262862,-0.935974135,-0.057210224,-7.534167876,-1.196876004,0.127984242,-2.132450297,1.076600218,-2.285543616,2.472118254,1.205160286,2.101414976,-0.977319968,-0.833625529,-0.00524842,1,Intrusion
2.209722217,0.177504005,1.114144781,0.041693908,-0.830376912,-0.976629716,-0.411179241,-0.60545932,-0.565794678,-0.37814937,-0.005044572,-0.536892249,-2.407462825,-0.702502807,-0.160890364,0.708720778,0.211264526,1.293417839,-0.370940383,0.822234474,2.460294139,0.255260638,-3.174186546,-0.381672135,0.711374563,3.935151087,0.409793093,0.432151201,1.498843584,1.707449561,-0.19043257,-0.384188133,-0.956735369,2.224017282,-2.76511246,0.033407119,0.649223621,0.40571956,1.372591515,-0.525919201,0,Normal
-2.469807614,-0.021828732,-0.340659471,0.64524548,-0.143262615,-0.52472899,0.288184728,-0.091857499,3.810735157,0.924161566,0.197021788,-0.226733547,2.670173777,-0.625003507,-1.123795199,-0.185856571,0.633261325,0.794163593,0.02518047,-0.793698405,0.252150925,4.086791187,0.929042491,1.321666603,-0.017102512,-2.541080859,0.772423112,-0.109159521,-0.676237792,1.868721702,-0.315481734,-1.303309518,0.891339191,0.142217968,-1.310204068,1.391669347,-0.334451656,-0.897934518,0.278713682,1.098432964,0,Normal
-1.177837636,-0.034211482,1.26512219,1.064593087,1.155263636,1.031223966,0.624065387,0.032790938,-0.656193321,-3.353464534,0.092155827,-1.212145322,-0.73216706,-0.554083947,1.387951315,0.578439606,1.084199889,-0.181942468,0.30795371,-1.115341987,-0.230961139,2.973404251,-3.362810474,0.534478673,-0.672258274,2.263513503,0.650977812,1.745574833,-1.621669755,0.303331918,-0.024365134,0.19664028,0.201998823,0.835776554,-0.168908256,-0.157262194,-0.481636931,-0.956692723,-0.518844789,0.578432111,0,Normal
0.791002115,0.458215504,-0.339851418,0.220438981,-2.012709397,-1.340607353,-0.146597451,-0.010010733,-5.662780809,-2.521245322,2.241361774,-1.168157594,-3.394467335,0.239892318,0.370880266,-0.638107472,-2.59401511,-1.105707769,-0.052581815,-1.371633985,1.046202086,-1.335154953,-2.645868759,-0.700565787,0.492561541,7.272418507,-1.358932438,-0.147692126,-1.897412758,1.968232138,1.743672607,-3.395611395,-0.493281616,0.294228733,1.49324469,-0.723256752,1.65754733,-0.159589239,-0.263991022,0.013688719,1,Intrusion
2.093301625,0.773674673,1.506886663,-0.185167474,-0.930821065,-0.212793142,-0.420945567,-0.037376515,-3.266592232,-3.753863651,-1.165165049,0.691955448,3.46217488,-0.868890513,0.356997602,1.034562468,0.213562999,-1.425943342,0.691064845,0.529527054,-1.098471016,3.068629636,3.080471364,0.891865435,0.373678714,0.998988976,0.715241038,-2.497051683,-4.345171315,-2.277252612,-1.439811631,-0.322357663,0.955367147,0.501487134,-0.904175676,-0.663859406,-0.527187116,0.246699441,0.293725149,0.337151527,0,Normal
-5.673122625,-0.374273076,0.885867541,-1.570487641,0.755220861,0.748095797,-1.866125336,-0.806323018,2.630551936,-0.54247674,0.114651338,-1.445189661,-0.500198211,-0.173864036,0.992203156,0.463654072,-0.052214426,0.67878599,0.235550842,-1.446172993,-0.428532331,6.35613747,0.308369538,-2.320310552,1.161121608,-1.99036344,-0.054842952,0.971354317,-6.70575258,-0.326547859,0.940027007,0.32060949,2.423946869,-3.142980039,3.168710071,1.153710667,0.03390215,1.07611392,1.584521975,-2.34206861,0,Normal
0.021079634,0.332335717,-0.43034196,0.483817744,-0.582550309,0.713041665,1.351029442,-0.151257927,-2.117149396,-2.842473235,0.255038328,-1.277213272,-1.042706188,-0.266663101,1.01033705,-0.086767483,0.014091243,0.321592398,-1.163170474,-0.946453413,1.164177658,1.790361297,-1.17542415,-0.293345636,-0.192421213,3.255486601,-0.127799098,-0.414963524,-1.513801038,-0.087951387,0.900596655,0.389682342,0.964993154,-0.378706811,-1.223500379,-1.709229244,1.113924056,-1.175046263,0.222960833,-1.175789175,0,Normal
0.313823701,0.740311113,-1.508702684,-0.696582061,-1.242289627,1.343205043,-0.197703433,1.149555182,-2.023621095,-1.42337844,-0.520829806,-0.074792869,0.527581562,0.680215645,-0.208425455,-0.123535043,-0.300560046,1.279684721,0.450963672,-0.049518364,-1.803368261,1.169268351,-1.489798465,2.291414347,0.461199888,1.112106734,1.237943968,1.005991801,-0.196532099,-1.023130988,-1.358265185,1.643890909,3.558928748,-1.310076992,-0.979942017,-1.236178527,0.441182367,-1.237007551,-0.686415761,-1.198574567,0,Normal
0.192215968,1.392056985,0.071835303,0.884623641,-1.317496243,-1.617315498,-0.007836117,-0.514901554,-3.739815665,-3.328222425,0.587951082,-0.362785612,-0.894785954,-0.680561713,1.263247125,0.846406436,-0.153574776,0.854918193,-1.670019476,-1.587013312,-1.248580986,2.300029441,0.257333485,-0.150855157,0.310494592,3.785754221,0.141221437,-0.523883901,-3.913250258,-0.993699926,-0.143998135,0.174693367,1.872960061,-0.044956442,-0.25546579,-1.370779955,0.042896664,-0.415046385,0.712906401,0.221969098,0,Normal
2.587825133,-0.451195781,0.629959066,-0.433271933,0.229608917,0.993917994,-1.576773551,-0.146185172,-3.248042037,-1.665422265,-1.597790015,-0.261555724,-1.61263368,-0.404710605,-0.775003514,1.169573106,-0.145108138,0.999699993,-0.289149208,-0.356727024,0.501343855,-1.196897153,-4.28660379,-0.014783857,0.962885419,5.040837785,0.171365992,-1.587040547,2.943555539,1.30818672,0.857603993,-0.054691462,1.066560464,0.18514472,-2.801690774,-1.42575982,-1.20516367,-0.780936216,1.477668185,0.694251292,0,Normal
-3.138686091,0.315726706,0.671408926,0.359022226,0.465492111,0.257445901,0.309955953,0.285914996,-1.335726345,0.325133602,0.356583534,-0.0784631,-0.661934656,-0.202388241,1.678868572,0.579491426,-0.336281464,2.430075637,-1.108398808,0.809454634,0.483170531,2.065531148,-3.033972802,1.451077732,-1.648325695,-0.387113536,-0.109751906,-0.483682725,-4.511522863,-0.313280925,-1.643570822,-0.893422924,3.50997195,2.293870178,5.654732164,0.400623566,0.962355522,0.68948209,0.454431763,-1.128524748,0,Normal
0.927038671,-0.341794483,-1.10685049,0.934465861,-0.176892521,0.938276905,0.331220066,-1.339065006,-2.560147649,1.331321022,1.873179556,0.060619746,0.306084512,0.069407855,-0.421326813,-0.255575972,0.525317122,-0.546120592,-1.055767972,-1.551423904,0.020635664,3.283602888,3.588488472,1.530852779,-2.115208689,2.468779457,-0.317984832,-0.351086441,-5.435304643,0.450153634,1.056321979,-2.127733162,3.904452089,0.527121238,-0.493109156,0.756493679,-0.33013579,1.112971342,0.645823673,1.258716131,1,Intrusion
0.140928539,0.360475345,-0.56626912,1.048429328,0.586214777,0.492066894,0.42003703,1.248962759,-3.195019136,-2.290997349,0.735617924,0.939499494,2.735970224,-0.403193304,1.131884938,-1.20584108,-0.307010623,-0.111831724,-0.199791113,1.061178323,0.079656424,-0.83122356,-0.011615006,-0.574982449,-0.583319324,0.011755062,-1.521461208,0.021349911,-1.939039102,-0.5871582,-0.645670208,-2.644864018,-0.64590265,0.509321852,3.618710823,0.970367284,0.296681233,0.161972373,1.915311315,0.239993776,0,Normal
-3.214606937,0.696883229,0.814815959,1.011419143,0.032178128,-0.541285386,-2.147780474,1.492977981,-0.406872897,-0.719683122,-0.89273522,1.684801067,1.034226623,-0.340858504,1.277137548,-0.768376062,-0.232197724,0.445240883,-1.025203292,-0.494230887,-0.573001982,0.298116844,0.341205134,-0.29845165,1.642387313,0.114506062,0.447894027,-0.413806407,-0.663972236,1.843784603,0.388946763,-2.664397868,0.536711805,0.087478924,1.870819454,0.075205628,0.010468164,0.99900071,-0.838112606,-1.08240136,0,Normal
0.253874154,-1.782734759,0.872776439,0.17874416,0.916120344,-0.961270275,0.410639178,-0.705931707,0.533282101,0.950513507,0.341806619,1.101139512,-1.916582179,0.261610894,-0.115239225,-1.461328123,-1.533419449,-0.11163675,1.015271204,-0.203780336,0.044775648,3.611850368,-0.891685675,0.338204931,0.89557782,2.193312712,0.303200054,-0.519029861,-4.40029301,1.499431871,1.474787195,-2.171521297,-0.436131133,0.203493748,0.636261721,0.652232713,-0.77740743,-0.398426001,1.820251193,1.198095762,1,Intrusion
1.100353598,1.698216701,0.022025753,-0.455973064,-0.121417601,-0.230835727,0.975617813,-0.362874902,-2.624240284,-1.386326322,-0.879770722,-1.064118676,-0.270126265,-2.225566026,-0.491687265,-0.633006889,-0.171537033,0.16197161,-0.944062182,-1.298343982,-1.414193657,1.18166454,-0.510130795,0.649939732,-0.100382734,2.381573315,0.65032637,-0.398855702,-0.848111433,-0.901684919,-0.67336258,1.375621486,3.201609596,-0.406227419,-1.726070253,2.238390556,0.306451016,-0.219319712,-0.186844779,-0.979868429,0,Normal
0.814286091,-1.678182063,-0.198638416,0.437084691,-0.804026925,0.517462899,-0.927718546,0.586798752,1.019747045,-0.206631107,-1.133782302,0.451259551,-1.872201563,0.033867991,-1.329552605,-1.259218758,1.279638115,1.015090476,1.127398562,-1.239382919,0.868180946,2.534338939,-3.028351112,0.532547662,1.157619295,2.060728034,0.686834863,-0.388860529,-1.085548001,1.158437857,-1.355378846,-0.354996575,-0.997751014,-1.595831699,-1.057169118,0.04962486,-0.560294418,0.334876013,-0.887964033,0.738736113,0,Normal
2.238838346,-0.310010386,-0.120232974,0.085848521,0.054163251,1.823595804,0.510100313,-1.094241851,-0.943959888,-0.289065316,-0.338554947,-1.005507272,1.012226933,0.033725047,0.37623672,-1.305059789,-1.59455879,1.136955342,-0.719001082,0.431260286,0.012645234,-1.24246441,-3.420237649,0.551377201,-0.588475524,1.629373562,0.702548812,-1.99706843,4.833340386,1.304156079,-0.017498345,0.213607067,1.327546225,1.021480896,-3.290059452,0.814827061,-0.495341355,0.472324705,0.969692456,0.535771373,0,Normal
0.735220123,0.631011531,-0.391314627,-0.300874632,-1.237962178,0.541547737,1.788689298,1.794842897,-2.709995821,-3.340583523,-0.145484163,-0.94662317,0.906442072,-0.214695591,0.366340817,0.934773593,-0.05107473,0.469323647,-0.002182774,0.907000596,-0.785549921,0.278890658,-1.297703359,-0.508952903,0.946377248,3.439368196,0.632384735,2.71159509,2.248388156,0.779608639,-0.989380557,0.169552812,1.681988905,-0.468169491,-3.61195145,1.080109303,1.107946342,-1.055808675,-2.08620355,0.993009563,0,Normal
-2.834586379,-1.177466773,0.142517211,0.205325668,-0.242949227,-0.813352032,-1.078587447,0.422193822,3.486087922,-1.524337532,-0.3275755,0.501209915,4.030227165,0.599611261,1.647299174,-0.527379873,0.158635963,-0.792288219,-0.504612881,1.115137729,-0.510176966,2.922907333,3.908973693,-0.029431721,0.620371339,-3.779752236,-1.537206103,0.954148774,-1.296550463,0.373952967,-1.42721443,-1.331627289,-2.304749503,0.076424376,-0.357458963,-1.678809171,-1.468735199,-1.769036778,-0.020295019,-0.970047761,0,Normal
2.802238905,-0.643105427,0.14084438,-0.40068001,-1.411315139,-0.603292375,-0.672812156,0.630178006,-2.249433556,-0.449285046,0.825004257,-0.342179988,-2.448711423,-0.793269295,0.242124491,-2.47464778,-0.161843516,0.095610796,-0.381689886,-2.019847633,-1.055614566,-0.965830224,-1.823257301,-0.00519867,-0.541079405,4.998158692,0.080874811,-0.462718279,2.884011949,1.289468559,-0.347453012,0.71795518,1.208581754,-0.1045601,-4.621344675,-0.50073802,-0.903315545,-0.014251554,0.726233969,-0.35397801,0,Normal
2.264225563,1.590334899,-0.609827292,0.751527897,-0.999764945,-1.920373915,-1.442932835,-0.581028051,-0.419993354,-0.843968495,0.313287656,0.685947888,-1.257751702,0.224963615,-0.671998028,0.184269076,0.073791723,-2.043373187,-0.098901309,1.47685509,0.247002473,3.267837129,-4.213069356,0.024763748,-0.822410685,0.11982814,-0.218839052,-0.62438246,-4.434328168,-2.719867436,-0.881766119,1.975089826,0.146906915,-0.629419597,2.348271261,-0.600544933,-0.039473927,-0.335719994,0.01734082,0.463101759,0,Normal
-1.424863964,1.624653754,-1.34028531,-2.051400647,1.313021037,0.181476637,-0.499312172,-0.951027236,-2.013891052,0.122996318,0.320882445,1.037766197,-1.882484068,1.175063297,0.653604079,0.113399542,-1.24566437,0.984958035,0.435329022,-0.95475701,-0.832091674,-0.120095963,-3.034329175,1.801824599,0.237386682,2.603740449,0.586982264,-0.858578434,-1.881254959,1.854850137,0.927898413,-2.827717587,0.636408886,-0.961966731,3.399614244,0.28419655,0.004138821,-0.332322524,-1.645211123,0.786305181,1,Intrusion
2.835393268,0.105963443,-0.574874433,-1.144734949,0.049644812,-0.600544471,-0.729050742,1.689703227,-2.968381896,0.056916397,-0.818605877,0.307127671,-1.55034902,-1.846964937,-1.211146366,0.692561096,1.420194091,-1.803223374,-0.109662137,0.394164638,0.625785199,0.192087508,1.373802303,-0.79719558,0.011397129,2.87206302,-0.432544206,-0.336502453,-1.140280821,-1.608577685,-0.091587115,2.11371885,3.028394561,1.144270232,-2.56593885,-0.045867905,0.179010288,-0.676401693,-1.74958785,0.248488457,0,Normal
-3.143164699,0.214333535,0.581565851,0.177823566,1.244025853,-1.22164335,0.779176741,0.039770072,1.162628137,-1.47565836,-1.251807804,-0.8472124,2.065550258,1.026502779,0.337216059,0.37057229,1.072873704,-2.034119223,0.122132886,1.60253341,0.006732489,3.754106676,4.914107324,0.28099311,0.041760665,-0.475982934,-2.45803698,-1.039725969,-3.073249287,0.938638497,0.061549387,-1.474576085,0.638470245,-0.672110768,-1.44365788,-0.961556022,0.236818683,0.764803472,-0.181246966,-0.916451361,0,Normal
2.056772198,0.167082306,1.348606505,-0.49990752,0.515571737,2.226322649,-1.381451233,-0.281264881,0.763585943,0.426557047,1.60738023,0.816931216,-1.594602436,2.438198112,-1.268278079,1.081276452,-0.679300076,0.542301034,-0.022695781,1.341872123,0.276356766,0.929586018,-3.458006164,0.145696404,0.064507001,2.238025016,-0.109472355,-2.323716274,1.317981243,1.50332944,-1.336747175,-0.248426533,-0.986135139,-0.572224775,-2.204648182,0.519071498,-1.077911804,-0.328145038,-2.351561874,-2.409650029,0,Normal
-3.007367974,1.32698385,1.399889045,-0.824862138,1.888114155,1.095294046,1.327879503,-2.476757812,-2.440642348,-0.276994843,0.579835214,1.33489436,-0.378350415,-0.504476723,0.741758614,1.478801647,0.187897007,-0.506940014,-0.90160875,-0.027842736,0.731610586,1.237115908,0.223592947,-0.580824872,0.91468672,1.42999265,1.366536173,1.687369564,-3.962954257,0.868322749,-0.003393367,-2.392203597,2.900563659,0.598341617,3.576223717,-0.499544999,1.051217731,0.709666363,-0.439942847,1.044400129,0,Normal
-2.428975079,-0.652445685,-0.1132005,-1.112692257,-0.359890506,-0.148759085,-0.872255388,0.325385951,-1.98207939,0.000484677,0.485810198,0.808696553,0.451094095,0.55457858,0.386967644,0.818057115,-0.175586516,-1.486757686,-1.311595449,-0.055536709,1.339482274,0.837243879,1.815140196,1.964679555,0.305782554,0.96056946,1.418890234,0.459596692,-2.554384554,0.838805397,0.255988039,-1.878983739,3.026211451,1.085960658,1.648064331,1.552175288,0.921522303,-1.037437991,-0.276383057,1.820731768,0,Normal
0.87526864,0.985001129,-0.157896455,-0.101475236,-0.249906872,0.348345261,0.939131812,1.190644867,-1.939634268,-1.673420203,-1.104713034,0.476050608,0.520085648,-0.882086203,0.14075845,-0.084930917,1.594394494,-1.416432568,-0.238228937,0.273749214,1.397893172,0.138930987,-1.904416781,1.405756859,-1.032934607,1.859490561,2.135057001,1.094286251,1.24269076,0.054962436,-0.521284271,0.468618605,1.712450836,2.128734098,-1.5291248,-1.668137872,-1.20949445,-0.1125131,-1.63340267,-0.96163777,0,Normal
0.240251253,-1.098716239,-0.286179694,-0.113141336,0.026965886,-0.807751935,-1.260102473,0.119656987,-0.469829628,-1.607619602,-2.316628118,-0.720475061,1.49531405,-0.298504506,-0.253865043,0.781955609,0.329587958,0.535213645,0.310372842,0.284972265,-1.066307298,1.64239112,-2.947502351,0.044750785,1.104977414,-0.0251075,0.640959011,0.826487755,0.371265443,-0.386810734,0.726583099,0.741569607,1.617930659,-1.26045437,-0.422787526,0.622406353,1.714625831,0.044303441,0.715885774,-0.492408197,0,Normal
0.049615796,0.936352808,-0.514449265,0.936439223,-0.887114188,-0.502704443,0.701825285,-0.187832606,-0.677900172,-1.317039,0.714470525,-0.09574896,-0.698195906,-0.843079312,-1.925133378,1.669094804,-0.026475525,0.061153158,0.851229204,-0.367609416,-1.270802057,2.748947981,-4.621839442,-0.417547456,-0.835477568,0.078592202,0.854924917,1.98171318,-3.420585072,-1.609235501,-1.670266031,1.063506196,1.087238285,-0.515515684,3.036260257,0.043757648,-0.598881148,0.411465908,-0.229303308,0.703831024,0,Normal
2.134438159,0.593567357,0.70936546,2.144736073,-0.419137303,-0.844267493,1.0526819,2.38116107,2.404021609,1.044162196,0.380896501,0.165915505,-0.06152214,-1.159809548,2.489613604,0.953179812,1.300013898,-0.505905931,-1.696257401,0.679983515,-0.882572917,2.388518646,-5.040197982,-1.07543751,-1.011020429,-1.361149911,-0.937018997,-0.066801736,-0.304552071,-0.453568523,0.202901926,0.987462283,-0.84513513,1.245131544,0.432438314,1.403180948,-2.204878938,0.496615417,0.065727715,-2.01880756,0,Normal
-0.340985431,0.557675821,0.69435919,-0.163215246,1.425059744,0.710378952,0.770197357,0.941763115,-5.803318116,0.089036019,0.810792528,-0.461717797,0.091700195,1.235667939,0.0209419,0.913051758,0.855552086,0.914783207,0.178628257,-0.401646921,0.116185425,-2.471858503,1.278812564,0.340468114,-1.225613108,3.031795193,0.39926354,-0.120657004,-0.933064219,0.367422871,-1.25991328,-1.942105262,4.680179355,-0.024821465,1.897264071,-0.528242672,0.012071695,1.829814566,0.105917284,0.483270606,0,Normal
-3.857214868,-0.272711193,1.548827959,0.948094274,0.231428809,-0.64349107,-0.887771222,-3.049019969,1.093490157,-0.757889243,0.080505757,1.581582345,-4.267921171,-1.365884742,-0.972650069,0.099268265,-0.048781608,0.313254539,1.866169794,0.05979232,-0.777587749,1.262605628,-2.318887927,1.916698834,0.998762487,3.338764047,-0.247133459,-0.417333857,-1.844861131,3.448291545,2.155454931,-2.853879398,-2.639863554,-1.744884447,1.772032185,1.731259251,-1.05245741,-0.781576633,-0.193456243,0.134925831,1,Intrusion
3.786517035,1.002899642,0.006196008,-0.642440022,0.123333047,-2.001498211,-0.31327054,0.241955561,2.61906503,2.772903184,0.701257653,-0.399183324,-1.597453835,1.184697383,0.101652385,-1.182088552,0.040062019,-1.193481161,-0.993931885,0.652253237,-2.015716072,0.9728852,-3.648032028,-0.856196446,0.122251454,-0.136923584,-0.384148298,1.10343817,1.552907979,0.127570793,0.15271837,1.539846176,-0.973686102,-0.247420765,-2.2387481,0.305328817,-0.136496758,-0.724203745,0.275801583,0.14594007,0,Normal
-1.168198166,0.177072082,-0.710345327,-1.038489707,-0.347360542,0.033481356,0.92177871,-0.04211085,-0.600922103,-1.66855339,-0.160224936,1.144105266,-1.484868079,-0.907677568,-0.876055272,1.137792454,1.016223369,-0.271918704,-1.149897519,-0.7104561,0.689859544,-0.10719552,2.349162582,2.117180754,0.466891054,2.380333431,-0.817501065,-0.563961416,-1.305038832,1.163107392,-1.675574985,-1.706445063,-2.569624406,-2.055905119,-0.375569376,-1.282760529,-1.93048648,-0.574944166,-0.799819314,0.353278408,1,Intrusion
0.175775729,2.136484731,-1.158778482,-0.676273223,-0.982239468,0.734807126,0.633985712,-0.674361655,-0.971758099,-2.627547759,0.888334199,-0.436015373,-0.306246258,-0.894896374,0.027451767,-1.14227155,-0.673491564,-2.531600064,-0.444297995,-1.100390102,-0.997202574,2.164466418,-3.534029613,0.187151415,-0.560749757,2.244590516,0.808168375,-0.756924719,-0.242198056,0.212120428,-1.51563176,0.556313723,0.822008291,0.537067075,-1.159094176,1.440711051,0.48753079,-1.764651132,-1.729043251,-0.510664889,0,Normal
0.324980347,1.234991871,-0.757551149,-0.83293703,0.18968376,1.556975618,-2.154039565,0.329389725,-2.636003151,-2.673470206,-1.09172529,-0.528736121,0.818470519,0.913477658,-1.646404459,-1.37951672,-0.252979382,-0.065240031,0.551232599,1.58732903,0.179697834,1.611390456,-0.603264964,-2.109422647,0.566591644,1.504215689,0.130937851,0.401133051,-1.099800399,-1.536475334,-0.056254802,1.717866948,3.169749136,0.629094502,-1.138083192,-1.720241508,0.02827829,0.819993995,-1.058069098,0.042165648,0,Normal
2.435659303,0.261237193,1.979507534,0.214253176,-0.538071482,-0.167128721,-0.995640861,1.057637635,-2.682865478,-2.696811257,-0.572222606,-1.786743815,-4.395305895,-1.301431805,-0.160313509,-0.421836986,0.290966371,-2.381683432,-1.156453005,0.153012266,-0.269220139,0.563879606,1.148368124,-0.547034255,-1.929088337,7.038522581,0.898650396,-1.959230904,0.109314636,0.375696338,-0.880409851,1.710781195,-0.294987363,1.563320198,-6.133162672,-1.087349723,0.233146747,-0.248894323,-0.358033145,-2.041730471,0,Normal
-1.598561332,-0.446264796,0.921285603,-0.720677417,1.030903716,1.4031247,-0.23456198,-0.66556578,-1.656437321,-1.832178153,-2.389031276,-1.082940659,1.563120355,-1.276489756,-0.681137007,0.044159054,-0.894576336,2.35220303,-0.059197117,0.123730042,-0.935120276,1.455725666,2.244118115,-0.20706664,-2.447094823,1.264606164,-0.480908985,0.241386442,-1.904700806,0.844759699,-0.175153692,-1.940504937,1.207923366,-1.375382556,-0.167017337,0.260301899,-1.138762547,-2.560732477,0.190457432,0.062618782,0,Normal
-2.006049168,-0.359902225,0.54263965,0.491215118,-0.662645252,0.407660705,-0.810105045,-0.312305781,-4.707490712,-3.030134714,-0.060994605,0.369671777,1.287255974,0.737237147,-1.36909621,1.27824982,1.593909257,0.367930247,0.803709173,-0.635852922,-0.465987835,-1.670752624,4.10077408,0.410340944,-1.924542089,4.187840258,0.961542784,-0.445445064,-1.131166427,2.677750346,0.964437182,-5.284790835,-0.411476948,0.76125907,0.538984207,-0.651531645,1.32094143,-0.331320669,-0.549867758,-0.535660936,0,Normal
-1.665526941,-1.408398564,0.496592759,-0.239608019,0.736784508,-2.240284818,1.759757344,1.651329791,-4.786982,-3.571249317,-1.420181892,0.621994218,-0.040707575,0.399359317,2.986895619,0.593792702,0.265296912,0.270395123,-0.194758285,-1.88186238,0.054841722,3.272792536,2.591233775,-0.154343898,1.070421187,2.874956968,1.438070411,1.106509877,-7.614083218,-1.7871976,-1.411455136,-0.836185904,3.054551661,-0.7449183,2.670003601,0.336044169,-1.107790116,-0.49789796,-0.50144328,-0.646425002,0,Normal
4.521831801,-1.007578735,-0.811124107,-0.991020459,1.312194971,-0.808799983,0.64263507,-1.539849188,-5.76275147,-0.92321275,1.344129672,0.038423505,-2.279058313,-0.698632121,1.360150688,0.328647514,2.196218658,1.577792272,-0.311652726,-0.06777736,-0.227933358,3.417697054,2.875942089,-1.207453553,-1.539636479,4.267402876,-0.733516777,0.610751472,-10.15446582,-3.920057803,-1.298871024,0.479261207,2.254619087,1.073088371,1.823931339,-0.589614275,-0.587533267,1.476280418,1.636695005,-1.388170596,1,Intrusion
1.495003693,-0.025745336,1.181011367,-0.528129518,0.656056153,1.296514456,-0.772853353,-0.103915303,-2.85267657,-2.403922457,-0.508355854,0.502133514,-3.18540289,0.862824252,0.050779195,-1.006609838,0.37844965,1.451832092,1.447996958,0.9774264,-1.728037981,1.703973198,-0.212450135,-1.418125931,-1.051994747,4.701626326,-0.484088498,0.935495323,-2.697496722,-1.072524924,0.909338067,1.682959986,0.998587726,-1.35156599,-2.080490747,0.255753579,1.765689562,-0.723638805,-0.656379963,-1.066782966,0,Normal
0.09881463,0.173732699,-1.012594474,0.106507195,-0.894793905,-0.106611102,1.727632261,-1.575074371,-5.101359009,0.487931122,1.508296269,0.29551915,-1.810527205,-1.042972174,0.517874815,0.997532058,-1.201063997,0.215301744,1.156842657,0.333089355,-0.414648528,-0.201956843,3.543235054,-0.362184388,-0.758151664,4.561987356,1.672086157,1.34119718,-4.267591644,0.606020204,0.980441816,-2.393763646,3.477354776,-0.181971623,0.898396979,0.448749587,-2.261557492,-0.129733603,1.193872271,0.791726332,1,Intrusion
0.554068223,0.657610561,1.345900902,-0.001569953,1.122114485,-0.49728235,0.681108059,0.604523198,-0.962193204,-3.022072507,1.151652396,1.249115994,-3.265869972,-0.332075136,0.513464006,0.284829552,0.849010586,1.124963965,1.478912183,-0.760936377,0.870222308,1.632381313,-3.083380193,0.231245063,1.926013937,5.501282024,-0.645769946,-0.667221459,0.113795,1.862791268,0.615338277,-0.378358549,-1.770191426,-1.158170266,-3.015502615,-0.934227862,-0.928990047,1.453624579,-0.087622097,0.74585316,0,Normal
0.532943736,-0.19815052,-1.113459994,-0.516305375,-0.736262925,0.344297991,1.516097306,-0.348665708,-3.480828804,-3.546242367,0.513404889,0.462958588,-0.286640085,0.465353811,2.581097354,0.823596553,-0.540939706,-0.99258487,-0.144321512,1.75046546,0.680493485,0.103774101,-0.935033515,-1.84086365,1.168366244,4.836961419,0.276893224,-3.031238743,1.624644233,1.091156269,-0.085936963,-0.140565398,1.655032409,-0.512915877,-3.628962312,2.217141577,0.206695077,-1.226874605,0.619775214,-1.156188028,0,Normal
-1.523754596,0.874905064,1.342015628,1.054444625,0.531027921,-0.554740254,0.277266449,1.624513769,-0.759586603,-1.490409316,0.375514636,-1.184840697,1.678253488,0.224436329,0.119672441,-0.984623689,-1.017092667,0.051947581,-0.876328127,0.463245714,0.124034117,2.857116997,1.608191736,-0.840183717,0.157950715,-1.121061773,0.497067049,0.166938157,-4.265684193,-1.536499466,1.696314199,0.05531446,1.738267005,1.802684316,1.913549985,1.961997238,-1.747354281,1.640731088,-0.223535745,-0.826598141,0,Normal
2.460507834,-1.760110011,-1.758319188,-0.245552366,0.586979642,-0.641837242,-1.250752277,-0.899091856,-10.19736672,-3.477950073,-1.569368044,-1.305925418,-2.312304083,0.679687599,0.472804962,0.155394836,0.92204565,-0.198220528,-0.548692298,-1.406545986,-0.951486252,0.293438883,3.169416432,-0.863049965,-1.518000309,9.27267336,0.774796528,-0.797441257,-7.090142355,-0.413210139,0.182926695,-3.140856795,3.427713896,0.176550221,0.722470273,0.496006681,0.207537961,-0.640024803,0.318454904,0.537981177,1,Intrusion
-1.598636365,-1.076681968,-0.828201177,1.004676216,0.311064279,-1.131523896,1.447717704,-0.30806779,-3.586916783,-0.016781397,0.72978674,-0.59151143,0.372865089,1.002267843,-0.257316868,0.221421308,0.062602499,0.521754639,-0.949181343,0.977494169,0.027228407,-0.417057032,0.72310014,0.233973451,0.27135681,0.871305542,1.068052405,-0.441417527,-2.710835883,-0.366166325,0.423093711,-1.276486551,3.827774317,2.260764454,3.293932117,1.030629034,-0.753421542,-1.30821999,-0.42132844,0.003389732,0,Normal
0.427263312,1.821734242,-2.297073067,0.025698139,-0.020000439,-0.891031832,0.04393007,0.026685397,-2.653190426,-2.29459133,0.817737713,0.269674458,-0.166840002,0.91392237,0.210459162,0.397183248,-0.549079994,-0.216567339,-1.374378142,0.890796783,-0.146308778,2.281661749,-0.630686931,0.324628501,0.368724095,1.753709189,0.666336143,0.113977703,-2.994779732,-1.872562349,1.291979572,1.602788078,2.871041057,-1.012324158,-0.055892228,0.103247171,0.02762357,-0.264168339,-0.47433573,0.277151911,0,Normal
5.34625717,1.052695364,-0.311710073,1.13448594,2.009908332,0.274719927,0.518212486,-1.700400393,-0.398993884,2.444820339,1.262486954,0.556255691,-3.782946828,-1.178323083,-0.064467804,1.086536133,0.726785112,-0.315421782,-0.508140558,0.315482813,-1.970299832,0.297216372,-2.951030454,-0.665126072,-0.556289237,2.360967864,1.177930019,-0.195953811,-0.154482503,-1.493642712,-0.717944439,3.037205184,0.776514093,0.846730855,-2.359484465,0.195155924,-0.051205486,0.201716438,0.115370219,1.286104061,0,Normal
-1.786230872,0.646696125,1.426453072,-0.77725292,-1.586483967,0.559120487,-1.040213423,-0.243652106,0.406052413,-1.05258428,0.209103824,-0.488299324,2.7577201,0.309844115,1.864795952,-0.601710937,-0.624956175,-0.558313055,0.071888858,-0.450973357,-0.323808081,1.358205116,2.157247311,1.848659895,-0.414994867,-1.562086555,0.640402365,-0.754300285,-1.223872957,0.270050228,-0.389931021,-1.430668416,0.087531768,-0.25949195,0.631684829,-0.040102802,0.944178819,0.129327134,1.109196681,0.171883882,0,Normal
-1.170850726,-0.137042447,-0.310281536,-0.427786731,0.939126288,-0.882667139,-0.520688999,-1.659979567,-3.146487844,-3.247262625,-0.585077035,1.193263203,-1.539611808,1.901931364,-0.778516548,-1.225562972,-0.113522973,1.700056871,-0.61048273,0.46676275,-0.806182944,2.411349867,-0.380337633,-0.690980743,-0.069595092,4.0332261,0.006471429,-0.596196262,-5.488446403,0.497487952,-0.506573828,-2.566468252,-0.662130749,-0.422767412,2.4141806,-1.414445194,0.541626072,1.032658219,0.362031467,0.226798255,1,Intrusion
-1.431974078,0.463955887,-0.201905324,1.002627159,-0.314040053,0.232645336,-1.352937764,0.374414106,-4.609538203,-1.432077333,-0.178137904,1.283513306,-0.100470425,-0.055571057,-0.244859067,-1.250247579,-0.87357043,0.105840173,-0.955351105,0.16483331,-1.469429049,0.466071015,0.758551198,1.457773882,0.258326189,2.088893668,0.207987023,0.342151662,-4.442816815,-0.832739532,-1.808450942,-1.333546027,3.474284729,-0.829680362,3.544503724,-0.59288325,0.167974283,-0.624660248,0.324940176,-0.13471287,0,Normal
-4.216188651,0.462242785,-0.728212582,-2.380186459,-2.182812608,-2.201017552,-0.083143884,-0.861886733,1.904500219,0.673859729,-0.626773455,0.437539012,1.30590912,1.297375247,-0.451891867,1.169559567,-1.030159794,-0.195963446,-0.508613047,1.714332522,1.429655418,-0.044991264,-2.23624929,-0.984906806,-0.94301056,-2.801227091,-0.210661109,-0.988113347,0.277783452,1.697021632,0.9970883,-2.23111344,-0.130665467,0.105983692,4.237246246,0.212150336,-0.881405689,0.505179356,-0.541662017,0.501962355,0,Normal
0.245029035,1.1093522,0.481803231,-1.243627575,-1.790443117,0.552832401,-0.275519149,-1.487196517,-2.866952652,-2.818842521,0.582790451,0.294631944,0.160836456,0.642234106,0.355944584,-1.823010661,0.523093669,-0.312166595,-0.084622815,-0.426522421,-1.731785131,2.471863172,-2.433210014,-0.006008779,0.137860704,0.83790476,1.150649677,0.057802518,-3.711156615,-2.818781793,1.195066146,2.062799903,2.96598581,0.396041291,1.90741677,-0.286812618,1.624333116,-1.70822799,0.830560382,-0.385251028,0,Normal
-2.271638444,-0.588078786,-0.252507695,1.583161256,0.990720807,0.411315563,-0.968305891,1.779556633,0.834269248,0.045905266,-0.470129965,-0.45693628,2.198156935,-0.091020499,-0.367422276,-2.218010736,-1.732885437,0.687680442,0.03186954,1.444766648,-1.358047449,1.051101674,0.186232946,1.007453407,-0.513265642,-2.484347045,0.484312606,0.423434433,-1.317682155,0.12325992,0.643970626,-1.22262051,0.62938681,0.344841559,2.595719008,-0.663597313,-0.830185514,-0.356793523,-1.553597064,-0.779843249,0,Normal
-0.415901176,-0.298794907,0.016167456,1.625123685,-0.454754601,0.535898638,0.989147306,-0.517724726,-0.126853515,-1.431522054,1.322636831,-1.213531167,-1.547682714,-0.065957349,-0.09864012,-1.427050597,0.171116189,0.049436432,-0.172807444,2.16405413,-0.27933616,2.886219398,-1.054302339,1.212804302,-0.805478064,2.202511816,0.108005234,0.663802868,-4.178912757,0.813781069,1.713036983,-1.949280758,-2.049287881,0.103037375,1.40273134,0.188426319,-1.400867645,0.013238114,-0.6910191,0.176653798,1,Intrusion
-3.350475561,0.025460643,0.592452727,0.236649052,-0.952380513,1.406176,1.257038977,-1.138335964,1.841989082,-2.138968036,0.474792889,-0.403527476,2.389918817,-0.309551351,1.082028008,-0.149428939,1.166257407,-0.68771696,0.715845845,-0.301977869,1.071924978,3.732888731,2.894275238,0.055013609,0.139785003,-1.408158234,0.169527968,-0.049107709,-3.103283906,0.780075461,-2.326789176,-1.819191428,-1.107873278,-1.3862208,0.296894027,-1.305598253,-0.116952999,0.067906407,-0.298925202,1.293497249,0,Normal
-1.519704999,-1.137383831,-2.454640613,-1.232611162,0.109550545,-0.054600857,-0.6330745,-0.233269723,-3.019332593,-2.58059494,-0.569186685,-1.107639784,1.206060279,-0.728190117,-0.649086985,0.017818381,0.437077492,0.33645995,1.442003723,0.269670509,0.762187384,1.486422717,1.602636549,-0.25586976,0.018446808,1.358708538,0.28339822,0.710507265,-4.099817155,-0.380535694,0.065700303,-1.910541717,1.137975154,0.38788839,2.314089537,0.352613285,-0.947735449,-0.991079744,-0.080880825,-0.369653527,0,Normal
0.928353682,-0.375022131,0.927657298,-0.403785926,0.884134251,0.360710314,0.750698116,-1.662368986,-2.673317663,-2.41892649,-0.68533117,-0.362689383,-1.688116545,0.501231135,-0.294099129,-1.530064481,0.481193975,0.791328324,-0.576288072,0.677642728,0.849872322,2.200126202,-2.026809906,-0.07819113,-1.504907455,2.300850821,-1.357633167,-1.558992397,-3.962818295,-2.265869476,-0.943788009,1.767079435,1.484787469,-0.39982989,1.16647646,-0.568308908,0.57379092,-1.181822395,-2.627605206,0.064946048,0,Normal
-1.047263006,1.70815058,-0.438452404,1.031874216,0.274523424,1.11457544,-0.218181293,0.951312087,-3.436257388,-4.12277308,0.457775171,1.877065957,-0.999468856,-0.326522706,-0.756771079,1.165720187,-0.897892285,-1.121033345,0.081356959,-1.830231971,-1.583963131,1.958701241,-1.112642958,0.895794944,0.35300715,3.950646105,0.32985847,0.848417283,-2.234511731,-0.362854374,-0.365217097,0.47044634,2.076895979,-1.113679377,-0.644510123,-0.417206784,2.018508263,0.326388662,1.018908942,0.3823858,0,Normal
4.004142039,0.677105598,-0.086844385,-2.676023261,-0.142599474,1.509174775,-0.098545214,-0.994893558,-0.999684279,2.322899986,1.538765118,-0.117320409,-1.860239362,-1.145621282,-1.600797961,-1.281065106,-2.138597327,0.106315089,0.821568695,-0.209737254,-1.450154436,2.513478677,-0.771301363,1.624587782,0.28797353,-1.338610835,0.398483404,-0.345637551,-5.243236665,-5.358479094,2.510890815,5.149157683,3.972779446,-1.126122339,1.45808963,0.369625679,-0.393968159,-0.060541142,-0.464939586,0.261936914,0,Normal
1.766221235,-0.606328986,0.711750079,-0.254570562,0.293406318,0.516970565,0.142336381,0.97331037,-8.284651528,-4.527276023,0.323551859,0.919299588,1.191231944,-1.14496072,-0.70638623,0.938532249,0.887866827,-0.775007983,1.555347465,0.397611271,-0.00331666,0.383617781,3.026821614,-0.403904948,1.406025329,5.160410508,0.369728404,-0.608894154,-5.460776077,-1.743588202,0.843100692,-2.026460054,2.616969781,0.927614754,1.265334262,-0.190930428,-0.669995761,0.237417487,-0.252413154,0.164787806,0,Normal
3.080167049,0.943598623,-0.338342712,-0.595370607,-1.28058225,1.788982184,1.123169669,1.698124955,0.726092274,1.695335388,-0.080066519,1.12356271,-1.087350577,0.193112586,1.136086915,1.361728449,0.61175546,0.502061388,0.163937942,0.233937956,0.814746529,0.978905701,-3.889909445,1.162050861,1.076729569,-0.003775617,0.700877617,0.348607627,0.320320958,-0.858464185,-0.217795526,1.824462947,0.8151476,1.016557893,-0.647878894,0.613031674,0.70634226,0.125242549,-0.258630404,0.58988874,0,Normal
1.571134471,1.493293358,0.486434699,-0.077945631,0.737871551,-0.9380145,-0.444881128,0.520797489,-2.34648932,-2.852587963,0.73565615,0.171935636,-1.412870185,-0.256577249,-1.56697555,-0.298158789,0.656217121,0.519387289,1.631283955,0.163757754,-1.294645865,-0.248474864,-3.269714585,0.497447816,0.047079798,5.243135018,0.195093437,-0.725825376,3.05945284,1.827921522,0.520865153,-0.119046246,0.132984072,0.610461076,-4.152183914,0.19740413,-0.719021015,2.624463491,-0.173041611,-0.954114585,0,Normal
-0.180678196,0.647896434,1.031787111,1.976588975,0.32558328,0.904137641,0.549174117,0.447913221,-3.996464877,-4.008959803,3.132449401,-1.567603366,1.824951692,-0.195362892,-0.603377601,0.173015803,0.60728437,1.887608838,-0.592405698,-1.374146983,1.160898056,1.431276181,1.51193013,-0.367338294,-0.630863967,0.803529948,0.591907827,-1.003219962,-5.00082457,-2.525575528,-1.687399604,-0.50976547,0.644139282,1.09876146,2.940217423,-0.485518172,-1.089749797,-0.448895213,0.974304803,-1.899346462,0,Normal
3.671330345,0.342503746,-0.420044911,1.265308453,-1.282134348,1.936628518,-1.367983959,0.28282651,-10.58286133,-4.299985034,0.632730456,-0.811528306,-2.970755802,2.12762171,0.957516732,-1.272836987,-0.974981539,-0.320436032,1.953958226,-1.003598792,-1.668101121,-0.343224408,3.573169551,0.472992825,-0.085511989,7.639393284,-1.584676299,1.86115716,-8.763076037,-3.989705967,0.050871864,-0.188104799,2.401072375,-0.494971151,2.517278559,-0.642283963,0.466810212,0.02492642,0.023672657,1.08144095,1,Intrusion
-0.079268496,1.475911144,-1.322943246,-0.12176388,-0.701444548,-0.776385114,1.605432421,0.296745148,-2.295287168,-4.257012975,1.458691124,0.685231906,-0.974288154,1.855814551,0.483963884,-0.289747473,-0.261210194,-1.736448022,0.844282883,-0.18819312,-2.146869897,2.321502487,0.63009933,0.724917166,-0.532546891,4.17502054,0.923845266,-1.256485844,-1.626553719,-0.09490507,2.538643373,0.622875702,0.35056015,-1.906491336,-3.056475435,-0.508688528,0.901051969,0.367246133,2.236685268,-0.178950978,0,Normal
1.94423022,-0.436771465,0.142765817,-1.453538313,-0.176058178,-0.048139414,0.083088279,0.334834941,-0.570513964,-0.347391577,-2.582335979,-1.741543929,-1.314622064,0.994862993,0.007577005,-0.451154399,-0.121551286,-0.328041726,-0.857287734,1.084084519,0.558985415,1.803444162,-2.860327306,-0.055024868,-1.054895118,1.003883494,0.967510572,-0.131049348,-1.275756594,-1.564692123,-0.004564341,2.323019005,1.4757931,0.449944511,-0.582035827,-0.137206552,0.504242991,-2.053944481,-0.795552279,0.737810656,0,Normal
-2.119045085,0.203129825,-0.179295294,0.970451493,-0.111697705,1.932749274,-1.450585268,-1.598775515,-4.128268359,-1.665918682,2.021185454,0.498751795,0.393302106,-1.584213003,-0.555409019,1.418478164,0.742438756,-0.625302352,-0.953664739,-0.197481899,0.777616833,-0.612525039,3.149641181,-1.905642838,0.223323622,2.534486508,-2.072771008,1.564972144,-2.351861663,0.556911154,-0.849304956,-2.220936911,2.490294064,0.068701531,1.375748008,1.00661229,1.119969745,0.145810236,0.428767625,-0.106612374,0,Normal
0.73565175,-2.020360861,-1.135796315,1.579548673,0.328652325,0.496659092,1.292584215,0.186395305,-1.750997376,-2.072073782,-1.070663881,0.720878259,-1.044400016,0.281438442,0.461190519,1.398526539,0.448344683,-0.092097864,-0.943702226,-0.675897397,0.871798821,1.730746243,-1.373330284,-0.091279248,1.017999194,3.753611841,-2.274365152,0.053057743,-0.823438284,0.914691749,-0.70682543,-0.501989188,0.533046428,1.642361974,-2.052182022,0.608833983,1.442312216,-0.619642845,1.305329892,0.614371135,0,Normal
-1.087185737,0.446134792,1.549141022,0.202247188,-3.295447463,0.905366386,1.028900266,1.187876808,-5.485863638,-4.856377939,-2.435470805,-0.324196494,-2.264123256,-0.663457804,-0.057742637,-1.123591333,1.862053297,-0.973999474,-1.260386045,-1.336575954,0.804618099,-0.466311423,1.760764674,1.982825325,-0.091320843,6.562154457,-0.230771366,1.01029828,-2.336788727,0.736184687,0.190424318,-1.704328585,-0.064495492,-0.585844617,-0.615276185,0.778876219,2.080435296,-0.389568517,0.366257785,0.122796524,1,Intrusion
-0.991793829,1.364864401,-0.023990848,1.485166251,-1.159044627,-0.589417874,1.274041675,0.990415402,-3.708963755,-0.329102328,-2.104389437,-1.238208479,0.446082475,-0.622891185,-0.635789257,-0.520981322,-1.218012241,-1.563606039,-0.550605572,-1.024922674,0.438001079,-0.012363748,0.435349288,1.104007548,-0.437528056,2.053669042,-0.694869542,-0.916772427,-2.158579226,0.555662836,0.545359348,-1.974297804,3.541490671,-0.603381159,1.893332016,0.359402382,-0.328308357,-0.297790619,-0.34549436,-0.841673041,0,Normal
3.019164946,0.676000468,-0.693986038,0.775697138,0.626954798,-2.015023314,0.84236361,0.075511575,0.022397329,1.156719789,-0.542621487,0.458746511,-2.502041963,-0.011863233,-0.68352279,0.067753479,0.265012906,-0.997496251,-0.231455956,-0.025077097,-0.645433577,2.087114421,-1.150105495,-1.043920742,0.336547533,0.466652731,-0.56433144,-0.84533328,-2.676761902,-2.815733864,-0.121752608,3.706480154,1.603979427,0.931361794,-0.870547475,-1.206789531,-0.572431903,1.481916883,0.139118735,-0.554726087,0,Normal
-1.018149834,0.801269813,0.040586113,1.091145063,-1.521750486,-2.153535569,-0.714585155,0.372688845,-3.94903912,-2.893606661,0.954453917,1.320771184,-4.693682561,0.518984302,0.455294226,0.564278286,-0.338141934,0.692748041,0.611050052,1.337987282,-1.176199391,0.46843734,-1.630024042,1.960710666,0.750537218,6.872437975,0.156546446,-0.312962819,-3.204815614,1.59287898,0.086427836,-1.942472264,-0.538018169,-1.337904008,0.840508631,-0.382844227,-1.766846563,-0.184888398,-0.74881739,1.638219787,1,Intrusion
-0.324419769,-0.780736483,0.55576834,-0.138036874,-0.211415492,-0.884163246,0.734157619,-0.661956263,-2.864951305,-2.826309915,0.963397738,2.072441426,-4.015120988,2.039372629,-0.220451629,0.15532796,1.476658464,1.192011204,-0.565137287,0.949768054,-1.221981742,0.367053124,0.449923162,0.282052192,0.608851554,5.647270116,3.634847058,-1.449900571,-2.306478411,0.662299523,1.073140813,-0.481520145,-1.063050783,0.291702646,-1.035098063,0.184020532,2.539403201,-0.853343612,-0.183555882,-0.516815854,1,Intrusion
2.346909354,-1.06062935,0.906650325,0.505793031,0.572476001,-0.714374448,-0.045115676,-0.749932285,0.911062255,0.52228839,0.699501756,0.613072624,-1.830251104,-1.861551562,-1.70429895,-0.874967744,0.212679494,-0.906454347,-2.057382097,-0.599331605,1.213848748,2.559763061,-2.73836049,0.105259981,0.156457602,0.155887436,0.179859651,0.230403539,-2.258334521,-1.794081342,1.643097777,2.450465375,0.159344377,0.212411893,-0.220811404,-1.890935193,-0.371058797,-1.092520355,0.810516008,0.084998914,0,Normal
0.902095877,-0.738784495,-2.179915076,-1.453073869,-0.926843461,-1.970768323,0.574589839,0.897404879,0.327642875,-3.274546806,-0.549073937,0.718323537,-3.068452925,-1.645227489,-1.009153484,0.291944755,1.510795511,-0.167842143,1.45557118,-0.961985978,1.626927362,4.834276969,-1.921957094,0.350926103,-1.325374523,2.841108643,-0.375009397,0.345567205,-4.854643376,-1.511304795,-0.532134983,1.971654023,-1.954210134,-1.034503463,-1.035485204,-0.621180265,0.558782243,0.002923961,1.264939448,-0.997579846,1,Intrusion
3.30063071,-0.891933061,-0.15014196,1.905272879,0.407607822,0.87825915,0.606689188,1.507678451,-0.531121837,0.931044291,0.403443929,0.621305684,-3.763029039,-0.642463359,1.07477119,0.028495426,0.674314402,-0.449380507,-0.987526369,-0.353913255,0.107357381,2.259876428,-1.275707854,-1.897347689,-0.628540911,1.529714643,0.507522249,-0.561104974,-3.762308396,-3.047508721,0.232447741,3.838071868,1.290929905,0.771229239,-0.591470249,0.845325691,-0.505030968,-0.882757162,0.028617234,0.237993317,0,Normal
1.302086465,1.957149116,0.12489918,-1.302886124,-0.272230197,-1.036367271,0.272213143,1.344872673,-2.9489725,0.774532927,-0.503622844,-1.182623887,-0.317601207,-0.106254489,0.052872679,-0.764819781,0.220182634,-0.977444412,0.732914715,1.555906354,0.803542411,-1.977036951,4.834854961,0.23244503,0.572870384,-1.254743344,-0.212854666,0.074483334,-3.146025434,-4.230551893,0.081304439,2.544819713,2.128761228,-0.001392687,2.16204119,-0.466135691,0.29624293,0.433196952,0.239757044,-0.296812344,1,Intrusion
-4.035611422,-0.577704116,-1.037874013,0.225856437,1.754330174,-1.231756464,-1.611006267,1.121214078,4.994392848,0.03241588,0.461654082,1.126910871,3.659742133,-0.139546355,-0.081618117,0.65243268,0.061833707,0.248572441,0.845154895,-1.585645727,1.069502464,0.413527499,0.845435033,-1.944370789,-0.706521492,-2.923775275,0.111984837,-0.156081556,4.079830111,4.583544097,-0.361377611,-4.099545466,-3.610654256,0.881531499,-1.24799228,2.036280828,0.261615944,2.511228937,-1.001212567,0.141930009,0,Normal
1.412540955,1.347770896,-1.099309306,1.179840408,1.121074186,0.531197769,0.475210589,0.123847786,-3.256451235,0.400202185,-0.417184709,0.507712851,-0.010249643,0.180538443,-0.796872058,-1.409397333,-0.09225418,-0.116695815,-1.069140359,0.589179025,1.254199527,-2.525413519,2.083242316,1.804668349,-0.828523482,1.885476781,1.53213668,-0.524001085,0.098838669,0.073051732,-0.878029555,-1.314833871,0.896084854,-2.093008138,0.204896946,0.333457114,-0.341385841,0.399555169,1.00352383,1.074184606,1,Intrusion
-0.590840176,0.676461111,-0.733143177,-1.148981118,-0.36878107,1.476923928,0.299915824,0.720886116,-3.333006756,-3.260749322,-0.418922333,0.03626632,1.774006381,-0.459451232,-0.041138104,0.18137123,-1.071794929,-1.301176128,-0.488426948,1.107729923,-1.09133302,2.129351783,2.984064519,1.376887392,0.863219882,1.643141745,1.201530865,-0.834859398,-4.452294438,-1.006811005,-0.735876101,-1.317287667,1.232880789,0.995996262,0.793601415,-0.443053262,-1.156130529,-0.656505947,-0.449216357,-0.466231287,0,Normal
-0.758164424,0.018705352,-0.391293473,-0.752396806,-0.460570099,0.439127159,0.933549457,-0.26613813,-0.944647826,-0.51817569,1.589701314,0.445562616,2.109843743,-0.216013905,0.865655345,1.498221166,0.647961563,0.648496725,-0.056195976,-1.372298201,2.445421226,1.694217703,1.973272517,0.915911119,-0.467957579,-0.220541392,-1.937617158,1.463607883,-1.897446247,0.055113736,-0.283518043,-1.0690398,2.034119679,0.857033807,0.030005889,0.377753616,1.084360866,0.952413057,-0.397137226,-1.93067708,0,Normal
1.049142096,-0.155279022,1.170094405,0.625964878,-0.486218943,0.697142472,0.139655064,-1.591370508,0.364605837,-0.493247364,0.557710652,-0.33446951,0.299244742,3.318885437,-0.180888709,-0.555126073,-0.365670642,-0.821956629,0.127483385,0.445864244,0.602540106,0.889822681,-3.062152241,-0.22173818,-0.266291315,0.952154405,-0.303465693,-0.019541173,1.807145763,0.91279791,-0.14603601,0.132522673,0.295970685,0.091678555,-1.832994765,-1.837929532,-2.065625058,-0.137290546,-0.900599166,1.504579623,0,Normal
-0.945953098,1.618813139,0.582069684,0.75455227,0.162010913,1.060994025,0.25930106,-0.260413572,-2.217767618,-1.060631667,0.059111783,-1.095315617,0.890528196,0.041647908,0.456210034,0.071057077,0.269569861,0.216431731,0.334392988,-1.61200504,-0.707732321,3.683033045,2.212755991,1.161081106,1.334928466,1.032853332,-1.462614985,-0.611223344,-5.133434859,-1.038924462,-1.775678984,-0.112127174,4.045875273,-0.649720826,0.471379903,0.221186822,0.050485428,0.019186637,-0.650430756,-0.344521224,0,Normal
-1.380018983,0.359735606,0.108564983,0.361525428,1.252620152,-0.715437063,1.121041223,-0.206832849,-2.161493612,-0.880906373,1.119293387,-1.183073357,1.147135804,-1.415428236,0.001826579,-0.498031312,-0.798839887,1.116628851,0.805443633,0.090174041,-0.547957979,1.080717519,0.753947261,-1.122936351,-1.121893334,0.267609382,0.438792277,-0.232995541,-2.883356606,-0.396583159,1.295005281,-1.102847078,2.402615049,2.690850521,2.213649451,0.613065707,-0.064654087,1.350602715,-0.739732221,-0.620942944,0,Normal
3.623381958,-0.484948207,-0.721359988,0.894808064,0.891806674,0.468233036,0.978679768,-1.472429534,-3.197804814,0.064893019,-0.547718834,0.763561792,-1.094261253,0.929873592,0.107073847,-0.233748136,0.113661645,-1.495185871,1.410679364,-0.01370302,-0.196514804,-1.315887926,-1.65359976,-0.006017222,-0.122210149,2.985284216,0.280448292,2.688163337,1.915978778,-0.970210457,-1.78934427,2.096545895,3.064954569,0.347321557,-2.834091246,1.001321268,1.042401892,-2.68814978,1.002972563,1.062820641,0,Normal
-2.306741998,-2.052746089,-0.590022223,-0.926211472,-0.891976117,0.880482476,-0.31428595,-1.527631943,-1.266069391,0.284686177,-0.728831275,0.172281811,-0.361209258,0.298716995,1.404521332,0.165234578,1.942582096,-0.483200028,-1.754614996,0.463164019,2.079086712,4.019953081,-0.672097953,1.208760495,0.331145283,0.589719691,-0.252804232,0.298293165,-5.654008048,-0.20311586,-0.275129816,-0.713062138,4.40239729,1.117363603,2.901156021,1.93198572,-1.562058419,0.089860186,0.852821452,0.680310528,0,Normal
3.79970594,0.791611385,-0.078222898,-0.052132579,-0.695327915,0.062092598,0.423576285,-0.189037325,-2.574099661,0.14865089,-0.343419015,0.781163861,-4.308243886,-0.873057409,-0.688586178,-0.62773135,-0.60229266,-0.494370723,-2.676007344,-1.361898432,2.175259082,1.797467042,-0.903267841,1.856228593,0.344121961,2.431620678,0.293248948,-0.352424641,-5.14574374,-4.304016475,-0.796254491,4.426630566,2.114206262,0.497702235,0.348118374,-0.048301885,-1.23239691,0.18256876,-0.681007403,-0.322228469,0,Normal
-1.617786475,1.267433152,-0.563230875,0.572666688,-0.485150223,0.82257099,-0.441879655,0.797133985,0.572901174,0.121925779,-0.5198744,-1.374664204,1.744673219,-0.152920242,-1.913936129,0.615799628,0.507801176,-0.914941174,0.64561142,0.304722431,-0.232861606,2.891061551,-0.372202033,2.268260557,0.071591889,-0.777196952,-0.496483106,-0.227048851,-2.313515563,0.96638745,0.691013339,-1.764521439,1.571775635,0.872798144,1.201498361,1.253690486,1.329086972,-0.934449492,-1.049794693,0.557314514,0,Normal
-0.258805768,-1.382842841,0.195269389,1.968821832,0.087087051,0.269943058,-1.267678352,-1.739190202,-0.206106638,-2.831949883,0.147085132,0.010655916,-4.117240188,0.763177631,1.032490743,-1.40290796,1.214365764,-0.57575088,-1.865250373,-0.335560915,0.31074338,3.522516487,-1.171150271,0.824627639,1.946729094,3.862113985,0.488781837,-0.004669794,-4.244779611,-0.398623422,0.125658386,1.037426695,-1.852108545,-0.919011123,-0.791963184,0.307686809,0.130730691,-0.272970878,1.046460181,0.197710149,1,Intrusion
0.920792672,0.377137513,0.547064446,-1.111321001,1.183868762,1.304372769,0.824628027,-0.011006076,-6.450699323,-4.435311149,0.665702274,-0.668908853,1.766067194,-0.160401308,2.441086841,0.373228921,0.563699209,0.044237838,-1.303773953,-0.419030595,0.828432122,0.05776182,3.479298688,0.292464734,1.533152758,3.927227785,-0.178026048,-0.104245729,-3.998830611,-1.03460978,1.82976723,-2.335583524,0.963233748,0.632168649,0.768622268,-1.387767035,-0.052800154,-2.175776022,-0.902153417,0.851580446,0,Normal
-0.81747018,1.137979462,-0.894446863,0.016872662,0.162801694,0.159697268,-0.590283275,0.314675548,-1.81245445,-0.877302178,1.277531851,-0.229153492,-0.472775974,-2.227138386,0.331895849,1.914712437,1.315780372,-0.86590925,0.755469942,0.363550723,-1.587096494,0.000289749,1.208326723,-0.958926722,0.023025454,1.801078972,-0.069621816,1.205738256,-2.261135544,0.728686212,-1.661000448,-2.183932962,-0.486379963,-0.232733393,1.517166247,-0.331104618,-0.090434988,0.83278406,-1.238111702,-0.769444021,1,Intrusion
-1.741167604,-0.868253298,-0.873827562,-0.321253811,0.19891101,1.234965055,-0.425160568,1.121446368,1.803670034,-2.784381953,-0.472431275,0.40407732,3.550662774,0.865309801,-0.713756613,-0.287735929,1.002060236,-0.409964333,-1.169528392,0.19166314,-0.366501887,4.223347667,3.307346555,0.312399475,0.981147037,-2.125634106,-0.55875251,0.329944221,-3.334156227,-0.503498987,1.129999837,-0.911235241,-1.541204176,-0.563982831,-0.439283623,-0.464370029,1.168233996,1.005398989,-0.732873986,0.269579402,0,Normal
-0.912941434,-0.974419525,0.477791714,0.334302343,0.140283843,0.625897045,-0.755266313,-1.010098803,-2.406377217,-3.854113893,-0.471682577,0.813510856,-0.893412687,1.545321929,0.544758035,-0.565066067,-0.246355149,0.868663238,0.81043286,1.188764835,1.372822425,2.564148363,0.608326348,0.980574836,-0.309503827,2.54274999,-0.139123977,-0.359482533,-3.98577751,-1.418325241,0.437962662,0.820507685,0.68899283,-0.383093712,0.14604882,0.11183401,0.324646351,1.283996482,-2.171915409,0.615099601,1,Intrusion
1.25663465,2.074353935,-0.695461312,-0.437230119,-0.532392719,-2.011098175,-1.637706509,1.309434172,-4.296295525,-0.868712276,0.349969395,0.220889672,1.743614585,-0.873787083,1.063450384,-1.030213846,2.343741321,-1.145566882,1.986785273,0.713767005,0.11277063,0.517377361,1.473292068,0.894654578,1.992277993,1.22722581,0.65859733,0.123540511,-2.937347976,-1.535192806,-0.193232186,-0.453308069,3.790468985,2.091399729,1.079677584,-1.80096554,-1.475062741,-1.434658986,-0.70684489,0.429151595,0,Normal
0.415774898,-0.039608227,-0.703172593,-1.486101911,1.535130007,1.911560093,-0.955489647,-1.042186057,0.071845658,-2.336405866,-1.020701388,-1.578794766,-3.601470633,-0.853279284,-0.146087651,1.621989235,-0.632139188,0.534588858,0.530790783,-0.779165081,-0.622319908,4.354121417,-2.061626276,-0.062206595,0.095066838,2.356336351,0.376302513,0.350083986,-5.404189778,-1.879932274,0.327388539,2.209522125,-0.991761548,1.563507052,0.367314774,-0.824270807,0.574016011,-0.214207356,-0.79674929,-0.581326413,0,Normal
0.021913834,-0.573733109,0.357271204,0.794697465,0.652181669,-0.578809094,-1.190445814,-1.370745027,-4.525697912,-0.641299777,0.815242719,-0.561029761,0.633928651,1.139579886,-0.069368347,1.832071218,-1.241504044,1.102553342,-0.875927811,-0.285458209,0.334511124,0.604796973,1.562505342,-0.006432005,0.212446651,1.992566623,0.569349644,-0.570494827,-3.295154287,-1.033195259,1.277422095,-0.483158514,4.762798135,-1.164016179,1.266056135,0.089392931,-0.137480593,0.935858388,1.274786005,-0.521428931,0,Normal
-0.316738134,0.330826795,-1.219879962,0.195016187,-1.511272478,-0.405649621,3.195155058,0.722872118,-1.911294674,-3.594946815,-0.731609186,-1.126685848,-3.46630838,-1.661904607,0.349411591,-0.087134147,0.959377233,-1.630867154,1.851466384,1.012498167,0.238999803,3.621909648,-1.228558379,-0.879900727,-0.935468981,4.909374169,0.245603886,-0.22948556,-4.356753301,-0.280499751,0.179478055,0.687267579,-0.106016719,1.043776525,-1.037068581,0.247753399,-0.251049401,0.753709194,0.351213282,-0.299355674,0,Normal
-2.97519202,-0.573620171,0.163338456,-0.507199142,0.08182909,-1.01773746,1.614794071,-1.223136877,2.915458678,-1.369798007,-1.437448864,0.291586902,3.360159038,1.452665927,1.586205972,-0.428816323,-0.217280005,0.526798506,0.033900925,0.399751788,0.681913649,1.330300584,1.494280573,0.071801068,-0.595279615,-1.752492482,1.729968455,0.044892662,1.450827212,2.875534617,1.962712516,-3.265311165,-2.802170128,-1.634118437,-0.860917763,-0.922360628,0.362456425,-0.172909845,1.404412245,-0.171801072,0,Normal
0.59199936,-0.986695399,-0.171680297,0.533185398,-0.763653185,0.903541929,-1.060385935,0.340818616,-1.51251474,-2.386273439,-1.816322871,-1.053517838,-2.271823313,-0.857142015,0.064566523,0.462816249,-0.030618352,-0.843165154,0.044195944,0.595449089,-1.243644255,1.253230671,-2.285015438,0.747179418,0.862164875,4.022565734,-0.16159553,0.101785608,0.276517108,0.413794194,-2.587351672,1.180382849,0.721762904,-0.77185423,-2.772638561,-0.668782763,1.287472676,0.10635645,0.166559822,0.681034174,0,Normal
1.685172311,0.71143866,-0.861398315,0.313210953,1.648143283,-1.413724645,-1.222937066,-1.782828013,-2.337515591,-1.094399445,-0.156665699,-0.973731497,-2.418235494,-0.885242456,0.335235601,2.634892628,0.679754216,-1.573198784,-0.164943486,1.868405924,0.538916195,1.58142337,-1.076267736,0.638707088,-1.000668739,2.935272893,-0.000523147,-0.580919205,-2.693808176,-1.632813552,0.582021595,1.991521124,1.890153132,-0.412237453,-0.716702366,-1.187546804,1.587561525,0.922364495,0.573904279,-1.045810882,0,Normal
2.84297274,-0.300410323,-0.496121257,-0.090636585,1.575429205,-0.265213366,-0.411229675,-0.889192138,1.485276375,1.69159557,2.459544272,-1.397238975,-0.853518637,-0.602108181,-0.344406593,-0.559203913,-0.749810868,-2.300179896,-1.628016645,1.974941426,-1.067212509,0.554961217,-3.954857069,0.263276771,0.457776839,-0.441414907,0.628880292,2.502747627,1.974785771,-0.612468277,-0.516074108,2.366331437,0.692984779,0.113081457,-1.718219353,-0.882667835,1.720252063,0.890111944,1.942510279,-0.187955424,0,Normal
2.695843,0.229510783,0.712284598,-2.111068092,0.246496775,1.322346053,-0.862446921,-0.057845388,-3.768095671,-1.915228293,0.377305629,0.766141403,-3.094322916,-1.789616448,-0.324871678,-0.218867289,0.973838794,0.629400511,0.643919717,-0.990394808,-0.654253008,1.882969206,0.761125488,-0.83886901,-0.189575936,4.234991571,0.982202922,-0.150697608,-3.938955035,-2.846910018,-0.890270893,3.169156201,2.596160805,-0.703506279,-1.964252438,1.433256796,0.37463103,-0.033760419,-2.637110691,-0.937836316,0,Normal
-1.876585671,-1.621033382,0.224876592,1.099192953,0.227156915,-1.852406797,2.214604904,0.426151591,2.348093419,0.130540411,0.184086839,0.669475313,3.181475469,0.658903441,0.797382143,0.012116282,-0.405025534,0.262623189,-0.812460335,-0.021447324,-0.402992786,1.72934524,1.736607227,-2.391273662,-1.437984173,-2.125719329,-2.557374736,-0.279627,0.63115648,1.729414501,1.328972298,-1.909588247,-0.224498792,0.321509328,-0.997048204,0.488159767,0.838247541,0.090992536,0.799832689,0.332085033,0,Normal
0.445284092,0.701032022,-0.014866841,-0.583008467,-0.994791456,-1.385689156,-0.015659655,-0.560897973,-1.292300305,-2.295375021,1.159595605,0.065503773,-0.671926467,0.787906035,-0.700139767,1.370611956,1.238680968,1.760057017,0.176504574,-0.114828138,0.612044801,0.455841171,-2.518889966,1.224298601,-0.046327101,3.700213279,-1.356122952,-0.57564504,2.578282395,1.694670694,-0.412282865,0.021425563,0.732719348,0.997941538,-3.633268779,-0.698102725,-1.304158433,0.855399273,-0.459263324,1.519688443,0,Normal
1.900413718,-0.757624966,0.139179507,0.213798391,-1.205494187,0.184603676,-2.008351388,-0.09487143,-1.809020093,-0.926426448,0.148105891,0.078714679,-2.950726299,0.167189259,-1.140755777,0.698010063,-1.370456551,-1.812543325,-1.258140898,0.342593936,-0.399356017,4.001194075,-0.116258463,-0.829374154,0.279775201,1.242086411,-1.676089527,0.198316583,-7.22665526,-4.440532075,0.199264405,3.947851689,2.344740616,1.544542868,1.306757284,-1.771522112,-0.434399611,1.640434138,-0.634489549,1.341777712,0,Normal
0.548982189,-0.095052204,-0.884360666,-0.074755371,0.687233845,0.130898123,-0.221799229,0.135266242,-6.621579623,-3.749220772,-0.386992402,0.262510587,1.2776358,-1.251570982,1.877371306,0.177577582,0.794794179,-0.029872828,-0.45536197,-2.370512135,-0.203969329,-0.349279393,1.301287354,-0.524173943,-0.307425822,3.089533123,0.010688403,-0.986147224,-4.697680472,-1.55854718,1.831196166,-2.246699472,1.38373689,0.643412732,3.526957536,-0.812543154,1.026811411,-0.274791042,0.206476414,2.522621266,0,Normal
0.806250513,-2.020481987,1.902845584,-2.313679139,2.114103262,-0.755019901,-1.397054996,1.385000015,-1.559516077,1.515779712,-0.128322192,-0.587480409,-0.924986494,0.588322219,0.656721043,-0.403520306,-1.118279016,-1.319896431,3.0685392,-0.644097499,0.119282155,2.773704588,1.009996851,0.936641497,1.192581364,1.857374038,1.222149492,0.341609767,-5.162471979,0.223891173,-1.703793167,-1.699667899,2.248381132,-0.163875535,1.221163312,0.376882124,0.656525033,0.261103777,-0.65857902,-1.185411197,1,Intrusion
-2.277284324,0.416005967,1.089998222,1.098868579,0.420321728,-0.857939097,-0.017231292,-0.261204187,-3.063523096,-0.605989483,0.377669527,-1.266622516,-0.053140265,0.450153499,0.584261649,0.515589982,0.324222603,0.107895124,1.356881317,-1.059415244,0.221017473,-0.006454053,0.06619594,-0.02875568,0.145068148,2.222912714,0.534680286,0.753369562,-1.70951546,1.358976863,-0.142439641,-2.346725604,2.994778064,-0.218326318,1.984058492,-0.130885419,0.453728621,-0.323345534,-0.926496888,0.456942311,0,Normal
3.094595377,0.204441526,-0.580457254,0.438113702,1.519494203,-0.003400457,0.678707704,0.035265386,-1.093483292,0.300181283,-0.801663719,0.155008296,-3.125914798,-0.538939036,-0.212119497,0.125867315,1.035377704,0.203129799,-0.425951902,0.107363295,-0.385702712,0.884561455,-0.425551771,-1.440375364,-0.397934007,3.991917268,-0.567952803,0.448207922,-0.361188268,0.089492413,0.734259231,1.293017856,0.479207784,1.350929062,-3.692747928,1.067511506,0.389577331,0.704760395,-0.192611507,0.67337122,0,Normal
3.707995933,0.246572161,1.975248221,1.361179788,-0.244522607,-0.053780626,-1.517397746,-1.525636109,-4.925644238,-0.02155339,0.022433456,-0.951294942,0.03598657,-0.790762135,0.279136289,0.911858273,-0.3296744,-1.786800509,1.706731467,0.850376654,-0.760593785,1.911904802,1.169175614,1.794657443,0.824356098,1.456141912,-0.083412947,-1.130432314,-7.007696725,-3.822503702,-0.521931718,0.773274074,3.587508982,0.616566718,2.740774864,-1.128534397,1.216035627,-0.449520711,-1.101797304,-1.261827106,1,Intrusion
-0.096988929,-0.082799758,-1.640746971,1.852808647,0.301706112,-0.792568623,-1.132525453,1.245656048,-4.33447087,-1.86249464,0.544863213,-1.182650236,1.188626983,2.033321089,-1.456185631,1.46772595,0.228362785,-0.047554716,0.107348316,0.785631436,-0.248444208,-0.487800516,-0.274515091,0.308998416,0.045852121,-0.073207103,0.662671702,-1.538801577,-3.562342483,-2.750586023,-2.192847107,0.155675444,2.517493107,-0.731311787,4.512449791,0.27131564,-1.05401462,0.544918926,-0.996733534,0.163008291,0,Normal
-1.074678702,0.149542244,0.914131092,-0.974916148,-1.265309662,-0.899581149,0.437898583,-0.200742965,-1.079461745,-0.063306218,1.289273855,0.507781618,1.180971625,0.245014619,0.944308853,0.444021558,-0.00489703,0.488994237,0.472997541,-0.607033415,1.284425622,2.661526217,0.601276313,0.377892708,-0.263536487,-0.42434365,-0.427083551,-0.99278508,-3.45030479,-0.790309605,-0.294842263,-0.052941643,3.530781234,1.42737685,1.34061719,-0.432257874,-1.207688422,-0.928720671,-0.974937906,0.607316477,0,Normal
3.003594146,-0.588353009,0.101877756,1.060284655,1.664797693,-1.926440352,0.100892137,-0.793876896,0.409446555,1.866971818,0.18690206,-1.248110161,0.446402982,1.327947281,-0.941161544,-1.184727429,0.326890901,-1.72265837,-1.036826776,-0.059035502,3.160702113,0.978814452,-3.696967718,0.124823587,-0.224254663,-1.988989838,-1.420219342,0.84038462,0.051398429,-2.428911656,-0.446812455,3.049649068,2.642779207,-1.415421816,0.388600048,-0.769480744,-0.49122607,-1.2506586,-0.959937382,1.228177038,0,Normal
-2.718570585,0.55047807,0.30914187,-0.299734872,-0.564081999,-0.686678223,-1.00086751,0.01432855,3.510172718,0.394701658,-0.785328224,0.263524178,2.71757504,1.934841444,1.728548438,-1.356503431,-0.853473704,-1.096603178,0.752437399,1.087707657,0.378560979,3.372544681,1.623057651,-1.25201494,0.508348899,-2.616167206,0.795875298,-0.742980923,-0.499835862,1.605846035,-2.299460972,-1.267155014,0.291876102,-0.654062381,-1.063503152,0.154799258,0.587465908,-2.510002843,-0.582113394,-1.079792618,0,Normal
3.699098476,0.201093256,0.736673817,-0.935394798,-1.625865557,-0.796107666,-1.729059028,-0.512495967,-1.869125393,-0.879002133,-1.157551921,-0.458747654,-2.80695558,-0.274883637,0.511747868,-0.799629606,2.231770697,-0.8039544,-2.377809998,-0.352793043,-0.728784563,0.504245846,-0.739943106,0.88794042,-0.937655715,4.61512158,0.903033736,-0.661652354,0.491690607,-0.239455313,-0.83101176,1.780156499,0.37470638,0.090844452,-4.575586831,-0.594815152,-2.485872363,-0.585369364,0.386209272,-0.443726312,0,Normal
1.014884952,-1.980027082,0.914146414,-0.509644094,1.603701642,0.564891248,0.359187147,0.342072097,-3.729856921,-3.298058705,-0.088342917,-1.151048684,-2.825360791,0.28767266,1.099156841,-0.271915299,0.559658902,0.255261817,1.104603384,0.267147726,0.456607446,0.910354156,0.021475541,-0.205754343,-0.270616107,5.92391806,-0.078203841,-0.981017222,-0.932885999,-0.088273246,2.346422905,1.196121108,1.530214922,-0.382922645,-3.507333013,-0.04724969,0.843897899,-0.334314259,0.650342103,-0.323907357,0,Normal
-1.518367378,0.651504584,-1.382006744,0.309183626,0.684243381,-0.893329848,0.371064113,-0.653065446,-3.241815137,-2.556221099,0.791561064,-0.138585261,-1.614434658,-0.468264484,1.385305491,-0.82506754,-2.008798512,-0.821533754,0.750137131,-1.194499279,2.25689715,-0.627200606,-3.273944198,0.279437988,-0.850260972,4.212763061,0.400857591,-0.165484842,-0.762808442,2.074982825,-1.108053794,-2.948907168,-0.401732453,0.854209616,2.214131831,0.38534897,-0.532003231,-2.088355384,1.660179541,-0.89762228,1,Intrusion
-0.821991298,-0.059030505,0.600842278,-0.483151151,-0.312906739,-0.449778252,-0.358684567,-2.559580076,-0.285138803,-2.16375058,-0.364707391,0.054839602,0.274186154,0.041247002,-1.914371444,-1.936021589,-1.655658095,0.311573795,-0.25254405,-0.765796744,0.852492088,2.974995565,-4.529462279,0.475545272,-0.809194835,0.290038804,0.788431027,0.752741257,-2.17982755,-0.454209275,-0.019432513,0.21881955,0.788504912,-1.017125138,1.942441575,0.095377706,0.812324802,-0.755899638,-0.745404125,0.253294971,0,Normal
0.755220685,-0.304030077,-0.228613012,0.092291469,0.457075467,0.566128002,1.24904246,1.24909105,1.166961975,-1.099003149,-0.129006111,0.352992547,-2.431589057,-0.567140072,1.470208729,0.515217749,-0.364145362,0.259473088,1.34536958,-0.418191132,0.559948008,3.430151507,-2.381715716,0.402693981,1.173499892,2.006202208,0.650323084,-1.120396558,-2.705923966,0.103359986,-0.211152143,0.515495804,-1.724540977,0.572534713,-0.822866695,-0.901838025,-0.504022034,0.041944988,-0.078626665,-1.037980411,0,Normal
1.455316938,-0.684859121,1.458518368,-0.171317088,-0.556195261,2.934695182,-0.341312675,-0.375483151,-0.111957288,-0.892438616,1.319689193,-1.582893745,-2.931140826,-0.949025831,-1.232334924,1.02066106,-1.096309384,-0.694775161,0.743258326,1.077047431,-2.250273816,3.873467885,-0.841163241,2.663838543,-0.0812334,2.295281913,-1.299644041,-0.080542967,-6.557361052,-0.932847953,0.11769259,-0.484573374,-2.450590714,2.2002475,1.664545958,-1.185582534,1.79681321,0.748710462,-0.406985574,0.255603572,1,Intrusion
3.524436998,-1.089013288,2.666360152,0.041224406,-1.529990041,1.330794207,-0.652404981,0.119142539,-8.049962555,-3.22478695,-2.547276144,2.206554036,0.353362124,-0.747698457,0.284813246,-0.696936881,-0.623320749,0.479698273,0.527557161,1.546061738,1.744157901,4.61898057,3.156404513,0.254186741,1.273184382,6.805050983,-1.166173739,1.400239615,-9.655555158,-1.437599696,-0.165793269,-2.634497766,4.079829067,0.70990303,0.08805486,-0.454802506,-1.285760731,-0.958990503,-0.456652129,0.918748638,1,Intrusion
-3.444282426,-1.622071217,2.083012385,-0.479668439,0.102940448,-0.505096097,-1.247831117,1.328407859,0.79950269,-1.203114749,0.017200182,0.738610268,1.666950835,-0.328371267,-0.688469246,0.981901195,-0.561786201,0.625580279,1.524453413,-0.389242686,-0.200087488,2.038452579,1.818944989,1.041548701,1.405672379,-0.37264741,-0.00746458,-0.385203241,-1.579996573,1.789111347,0.523389366,-2.511145093,-0.04993086,-0.214077657,0.617477808,-1.126281689,0.369101221,0.045060508,-0.429548455,-0.10341812,0,Normal
0.34307579,0.150242317,0.020777744,-0.182234376,-3.164691175,1.668238731,-2.164163316,-0.958674697,-3.74132527,-1.020621612,-1.51203952,-2.161416043,1.984325446,-1.66397126,-0.018146339,-1.640475719,2.528755784,-0.36077758,0.299129556,1.560383423,0.586367621,-1.213450256,0.733601413,-1.30519264,-0.338643806,1.84184256,1.229174757,-0.011574629,0.173082886,0.776961644,0.591665285,-2.299021694,2.15437212,-0.195656651,0.379050558,-1.930733634,-0.943708686,-1.095822315,1.463549951,0.816846818,0,Normal
0.590772186,0.97866668,0.946954202,-0.933225476,-0.192520059,0.450165381,0.346430254,-0.750844218,-2.491003752,-2.817530953,1.231582122,-1.366955018,-1.965247266,0.262332239,-0.190929663,0.880117921,-0.390345843,-0.739560344,-0.992376986,2.585976539,1.443820933,1.722070105,-0.241647564,-0.363320264,-0.949431635,4.85274475,0.118564965,-1.02231404,-1.463404798,0.56765453,0.323566077,-0.004544323,0.571242708,-1.549987397,-2.658187419,-0.230752456,-0.560402711,-0.255353761,0.417008312,-0.243392908,0,Normal
-0.977659233,-0.938920482,-1.041827396,-0.52664264,0.109190487,-0.453434223,1.132606012,0.699126106,0.037894944,-0.964782872,-0.569080741,-2.298416717,3.039196293,0.849342421,0.691686013,0.398458102,-0.553835876,0.167388235,1.363386613,1.95135528,-1.006561533,1.452686861,1.982124596,0.427920507,-1.557445365,-1.116965744,-0.100948578,0.8547535,-1.19704324,0.472530562,0.470641273,-1.85208483,0.119310787,-2.143658386,0.258328238,-0.911831736,-0.533471027,-0.307406818,-0.617077604,1.043379323,0,Normal
-1.47410478,0.196847927,0.33200682,-1.352140048,1.388974581,-0.287478134,-0.714348501,0.146612063,0.347785908,-0.757187391,-0.21972966,0.323025182,2.490094255,0.569196879,-0.842108363,-1.386183326,-0.143929209,-0.352618355,1.180981149,1.354852394,1.111004468,2.762031116,3.21604828,0.481741204,-1.254279255,-0.021038682,-0.876106458,0.125000064,-1.686536445,1.298018537,-2.323597764,-1.958952154,1.07464952,0.930761038,-1.568323735,0.638685094,-1.434671705,-0.469253252,-0.100698371,2.00634332,0,Normal
-1.88096474,-0.63157869,1.447637866,-0.609163823,0.139063494,-0.543825066,0.462338435,0.408535095,-2.678922834,-2.68193944,-0.296296079,1.130275902,0.096293771,0.863687011,1.087589128,-0.406506996,-0.894490814,-1.952795767,-0.455243416,-0.244927013,0.335364453,0.24016454,1.892810711,-0.816716622,0.248660678,2.369489312,0.658401017,-0.132501803,-2.251061409,0.620491188,-0.333271674,-2.031879619,0.018682054,0.912734159,1.018828941,1.029017725,-0.376253767,-1.837791062,-1.585880775,1.536435996,1,Intrusion
2.781602211,-1.359302268,0.645297597,-1.370802976,1.15360782,-0.4569376,0.067239548,0.012593937,-0.398917984,0.943975089,-2.095672265,0.445026929,-2.001987025,1.518273326,1.717909751,1.125719726,0.44407678,0.203053942,-1.349147962,0.405931047,-0.315668923,1.866960955,-0.082934988,0.516403739,-0.277035326,0.033912652,-1.154439825,2.717703414,-2.38275147,-3.537196424,0.578139062,4.678950206,2.842167077,-0.187666413,-1.401665242,2.192687555,0.179582849,-1.416844711,0.523824081,-0.853937997,0,Normal
-0.899352417,0.362892281,0.568245171,-0.134515178,-1.231843923,-0.225163576,-1.322837096,-0.135580162,1.609975491,-1.444836815,0.644682428,0.200592908,3.914132244,-1.026356005,-1.29504976,-0.119181264,2.176060712,-0.094429361,-0.377703447,-0.002718724,0.813179792,2.586029448,3.396719384,2.138157686,-1.100066937,-2.703461799,0.985992593,0.113333641,-1.145212486,-0.631973204,1.564290041,-0.183414387,-0.290117247,-0.495716433,-1.247801115,-0.959537021,-1.001553582,-0.519430491,0.568767055,0.356880977,0,Normal
1.170364843,-0.959127019,-0.002176672,0.212366964,0.097542924,-0.507095619,-0.422368626,1.20591633,0.967819259,-0.157951285,0.657611381,-0.035327492,-1.102848017,0.338277681,1.256547597,-1.435057138,-0.976914678,0.492877261,-1.23236539,0.829588911,1.265927804,2.934864736,-3.215042188,-0.332356745,-0.099951227,-0.014680563,-0.113262145,0.795886948,-2.435689549,-1.131376004,-0.349805398,1.40773962,-0.034121222,1.472149995,0.608345927,0.991240778,2.457312514,0.762189624,-0.442464892,-0.905841201,0,Normal
-1.723811203,0.866276399,-0.542004552,-0.543712957,1.407081447,-1.809715841,-0.791069153,0.53368496,-0.530766195,0.820147744,-1.08399814,1.582618004,-0.607910567,-0.012870478,-0.737425346,-1.093049489,-0.238218527,0.045401196,-0.352548491,-0.653888301,2.322749176,3.678887075,1.422898397,-0.902522171,1.516132085,3.997425422,-0.516443095,0.65844655,-3.332156394,4.389572712,0.526287929,-4.964808852,1.552697231,2.512437878,-1.242941326,-1.510117028,0.429831908,-0.450176381,0.736064063,-0.808770972,1,Intrusion
3.977138865,0.811162227,0.592070124,0.564303357,1.148061291,0.706160965,-1.274079457,-0.120674162,-2.74536103,-0.915805622,-0.145156597,-0.484586466,-3.487713819,-0.484628987,1.73172044,-1.033082521,-1.639222362,0.335557969,-1.251337232,0.658222653,-0.824970707,0.915588391,0.638243939,1.993626906,1.130010014,4.010798855,-0.044113593,0.502511045,-1.905587814,-2.641168682,-0.273140104,3.814568569,1.688406936,-0.798269049,-3.55046445,-0.645470781,-0.388979628,-0.50094495,1.46964056,0.722894159,0,Normal
-1.430294675,1.860280229,2.013050966,0.187357153,-0.639168848,0.247042355,-1.587772722,-0.472714361,-2.042841621,1.023580807,-1.488999969,0.866089957,0.729628864,-1.133509764,0.169146893,-1.28332105,2.267892246,-0.192554926,-0.497097163,-0.206575764,-1.302432381,-0.237017809,0.51106756,-0.04595562,0.026313622,0.486087819,2.477011706,-1.508091509,-0.746149685,0.746541034,0.099787912,-1.303262848,3.899472741,-0.364991017,1.363829088,0.699324381,0.834222103,-0.01836063,1.235934794,-1.232431721,0,Normal
0.692536563,-1.543486153,0.527459648,-0.612820788,-0.650876771,0.432763019,0.9544351,-0.402679385,-3.933071766,-3.062624388,0.271548833,-0.817259971,1.384166343,1.23049557,0.103398268,-2.140540295,-0.706883419,0.214717412,0.380018394,0.456302725,0.256707236,0.160658463,-3.157456558,0.089268535,-0.417824734,2.257596929,3.546643368,-0.204024169,0.654360256,-0.672875492,-0.188593605,0.547003717,3.29548016,1.141542966,-0.277850648,0.419539652,0.341603326,0.01043709,-0.000127295,2.302242153,0,Normal
-0.429971696,0.684498827,2.706200541,1.457898029,0.235509784,-0.735140551,-0.010357311,-0.390073884,-2.783529971,-2.33614515,-0.589993922,1.119152955,-0.418605514,2.012414576,-0.257015224,1.221797914,0.973362381,-1.040269973,-0.995142012,-2.370069079,0.845653826,2.843429836,-1.013046989,-1.617559072,1.118784141,2.396879033,1.74010463,-0.554946781,-3.707292031,-0.990784935,0.124517155,0.518672525,3.039385303,-0.479373571,0.522905463,-0.671963398,2.273844856,-2.495258763,-0.625084817,1.463618761,0,Normal
-0.314018258,1.375723093,-0.38082169,0.487636103,1.725482579,0.165627827,0.282924043,-0.274796039,-1.683285908,-2.322803017,0.077884167,-0.124150099,3.214169157,-1.306300384,0.095553628,-0.518458921,0.443411935,-0.009328978,0.885820081,1.726725623,0.517137793,1.06854823,5.267802286,0.54831867,0.229094736,1.500538854,-0.425171375,-0.260720967,-0.750667028,1.273984614,1.742774308,-2.698485771,0.014168366,-0.447256838,-2.846503644,-1.184347155,-1.58259573,0.263204232,-0.480569236,-1.211088642,0,Normal
-2.556758126,0.484878317,0.325839602,1.02439049,0.755954511,1.475259406,-0.648637591,-0.389601548,-1.336422252,0.786424109,-0.932198452,-0.549528731,-0.197257116,0.632057227,0.061429359,0.386839449,-1.514323507,-0.024555004,0.944323676,-1.623842727,2.56797951,1.865457491,1.622667322,-0.151794339,2.029072284,3.913605276,0.240334869,-1.436659164,-1.523054542,4.733311431,-0.58822523,-5.111715345,2.377007132,-0.508667019,-1.042684622,0.375745401,1.416723816,-0.368268934,2.431863478,-0.640411626,1,Intrusion
2.237922261,-0.90237055,0.197157644,1.245709801,0.173556992,-1.540009347,0.74850937,-0.359584399,1.86806063,1.949616397,0.557017306,-1.877434278,0.782862329,1.330595421,1.704692464,-1.316522066,-0.740545128,-0.629329023,0.935934096,-0.947615279,0.222884101,3.050994834,-3.979880962,0.419939127,-0.031770054,-3.805419437,-0.503972644,0.149329201,-3.02177432,-3.195886206,-0.444532769,2.757370565,1.531010145,0.17632991,2.84286776,0.87882837,-0.755776873,-0.402511994,-0.701466601,1.089542138,0,Normal
3.614053772,0.251530301,0.499593486,-1.059302891,0.313737069,0.944563248,-0.608437115,0.843261848,-0.910395547,0.642437014,-0.807256418,1.595321884,-4.517093468,1.423021565,0.527564015,1.920441037,-0.492671273,1.935247581,-0.035202609,0.017152317,0.448659001,0.229079539,-3.080902447,-0.181339897,-0.218924093,5.151563636,-0.442043464,1.08541738,0.610512868,1.162131259,-1.53497293,0.567793108,-0.783888009,1.890726797,-3.306560952,1.370346411,0.927473004,1.271154361,0.434493717,-0.957757078,0,Normal
3.863346711,1.237560661,1.90109585,0.581719428,0.474659256,-1.318437369,-0.459251897,0.941857116,-0.553699704,2.247127536,-0.439037639,0.041337761,-1.00318394,0.738778977,-0.893693968,1.16930115,0.693754204,-0.482880138,-0.875893007,1.041031379,1.63734281,0.497329567,-4.434174747,-1.815736846,1.206696152,-0.100656598,-1.301785352,-0.484927048,-0.169800147,-1.773127035,-0.590084599,2.338687946,2.415065182,1.000930888,0.343934906,-0.513516934,2.589983622,0.792154673,1.145911264,1.949710808,0,Normal
-1.740209784,0.390059453,-0.649305705,0.031704644,0.232459045,1.248712022,-0.405043686,0.375119405,-5.775504979,-3.133190539,0.95462925,-0.281305913,-0.23251501,-1.39485228,0.400647323,1.029584151,0.535352248,0.258150708,0.771883645,0.397648629,-1.118992879,0.37959462,0.814524006,2.107649583,0.222983314,3.142443784,0.246227852,-1.255376277,-5.553660424,-0.876729915,-1.920107934,-2.220134182,2.227112545,-0.392861031,4.524640298,0.299491174,-0.362309049,1.272309664,-0.488809308,-0.857439275,0,Normal
0.072139408,0.327213148,0.566191033,0.783877034,-0.368932375,-0.527478798,0.092325756,-1.6204231,-3.378007061,-3.284956002,-0.06673931,0.146797106,-1.95318628,0.377372291,-2.118816585,-0.052386314,0.490416589,-3.099069836,0.753599087,0.091783962,0.416916362,2.033837963,-1.948530029,1.414237145,-0.255927805,4.338117066,-0.486578285,1.18495936,-2.691009709,-0.541531039,0.777621111,0.680903125,1.863434057,1.182739275,-0.477848687,0.512665946,0.197211068,-0.641193739,0.640899969,0.284878419,0,Normal
1.070901682,-1.660155754,-0.217039959,1.033068801,-0.803226266,-2.03361057,-0.520191983,0.811625088,-7.933246133,-3.148359837,-0.432344924,0.140196107,0.729672998,-0.306373816,0.792202689,2.220704117,0.325988178,2.032447108,-1.83470618,-1.143832254,-0.207384889,-0.803828623,2.353032663,0.26766671,0.326601865,4.18859134,1.009597135,0.956797106,-4.793618005,-1.674263306,-1.749200293,-1.93177784,3.154464753,0.869022491,2.721795027,0.721798847,-1.208108603,-1.265850318,0.001194283,1.018911942,0,Normal
0.781143818,1.32234498,-0.782139223,-0.90686816,0.909350806,-1.27709722,0.430021311,0.303688979,-2.743051098,-1.582305269,-0.906393914,1.151475533,-0.380681837,0.06272794,2.830262487,-1.804144362,-2.632326913,0.425952553,1.718990417,-0.541945387,-0.897996665,0.831002117,-2.710569253,-0.7693114,1.067494736,2.589912861,-2.607599511,0.474120662,-0.570350416,-0.210041896,-1.008422816,0.344116052,2.492977966,0.298681531,-0.256436223,-0.617461415,-0.985883036,1.199433759,0.139798689,-0.847308343,0,Normal
2.050298076,-0.943830372,-0.790805835,-1.350755101,-0.572772463,1.301267916,0.582554228,-0.920038744,-0.474613903,1.175292123,0.247161916,0.172674271,-3.577388958,-0.593164637,-0.416881887,-1.199594681,0.191626776,0.033903993,1.111359487,-0.056837606,0.788619754,2.581898979,-0.587569745,-0.803765606,0.190014075,1.832133975,0.244332938,0.526883266,-6.144507554,-1.332568495,-0.683075996,0.091358832,-0.953118736,-1.383063729,2.216364784,-0.214848471,-0.705167247,-1.867026582,0.255706241,-0.419887274,1,Intrusion
0.040879676,-0.230664652,0.518755464,1.342630831,-1.747566522,-1.304778507,-0.54460339,-0.565521853,-1.884313302,-1.46969042,0.22745989,1.445815198,2.846344472,-1.528459685,1.125815211,2.077412487,-1.638797315,-1.632691355,-1.351758356,-0.00164058,0.533496523,1.278274336,3.730184109,-0.809188416,1.111378224,0.534466237,-0.128726678,1.108259825,-1.901054523,0.037540889,-0.752393973,-1.713813346,1.180882924,0.306319995,-0.922721373,-0.147112779,1.969405117,0.271658466,-2.112042877,0.286187073,0,Normal
2.952739941,-0.473718935,1.215089293,0.354842643,-0.7531842,-0.003754733,-0.219621704,-0.287937884,-0.435943725,-0.817342963,-0.508930327,0.214907271,-3.864927051,1.305188963,0.490077787,1.67757666,0.022432833,-1.470913319,1.049652617,0.840448352,1.213187479,1.118268276,0.005053937,1.661784511,0.951073219,4.230552772,0.422791607,0.777676086,0.290535021,-0.482492257,-0.238907911,2.888235011,-0.280334964,-0.060664184,-5.315001179,-0.552228542,-0.417704901,-1.006045283,0.485468504,0.355420174,0,Normal
3.597537339,0.19418779,-1.378384426,0.235603055,-1.451171955,1.373385799,1.582684183,1.729867024,-2.124551588,0.309520455,1.657271446,-0.134748751,-4.146242818,-1.029118685,-0.004875161,0.180396605,-1.267293577,-1.310528168,-0.356107313,0.450507859,0.239566796,1.975511412,-1.759730839,-0.300569311,1.577805673,2.866940544,0.008423701,0.41372845,-4.050359471,-3.140357741,0.1733606,3.751159746,2.154140909,-0.584135952,-0.465910817,0.59092916,-1.036850049,1.384789843,1.690440553,1.998865093,0,Normal
-1.312822706,-0.257762111,-0.635575537,-1.239596246,1.001174761,-0.702593442,0.558167801,0.53549203,-2.573028974,-2.464411555,-0.006417351,-0.253701803,1.596558394,0.970559994,0.94092803,-0.167222131,0.823285922,-1.130137261,1.25624324,-1.081950952,1.2672607,1.951909671,2.383994169,0.002679101,0.179359995,0.798682902,-0.627422052,-0.038513167,-4.350553028,-0.766488255,-0.75681001,-1.486726629,1.1953739,-2.074440071,1.828194404,1.620120896,-0.304403534,0.078820561,0.122052327,0.70976796,0,Normal
3.700630304,0.325970195,0.180086583,0.45014496,-1.389146748,0.895734918,0.603135402,-0.49845509,-6.572937819,-1.873271252,-1.13156974,0.440547264,-1.029934501,1.611579779,1.217908676,-1.708822366,-0.155192211,-0.68079573,1.218806672,-1.381450702,-1.580318581,1.199297178,1.451382409,-0.562499885,-0.703063196,3.280277815,1.556298616,-0.764961678,-7.663433834,-4.146966765,-1.259789644,0.653440145,2.476203368,1.411374785,3.035973548,0.478527657,-0.832383294,0.904883578,1.035788181,0.604580578,1,Intrusion
-2.536306582,-0.010977798,0.799767781,-1.51707102,0.841045784,-1.172373521,-0.176430649,-1.400531569,-0.817697284,-1.897543555,1.336133813,0.787359665,1.302614285,0.411813364,-0.0562483,0.100967326,0.624543489,0.356844633,-1.750450419,-1.516872176,-0.07834502,2.326354073,0.596709554,1.49518411,0.653552133,-0.076448156,0.611120608,0.823964192,-3.913689823,0.248767527,-0.987776763,-2.161584846,0.164576333,1.081792832,2.881616038,-0.113922006,-0.089955164,0.152955642,0.989181423,0.42299683,0,Normal
0.45899499,0.478382285,1.109775685,0.037120259,-0.448355889,-0.778218311,0.06135825,-1.48325502,-5.42077037,-1.896143083,-1.00840981,0.677192527,1.305801167,-1.354190265,-0.350947078,-0.387611791,-2.505652558,0.080007094,-0.235980843,0.08203012,-0.533648764,-0.353118146,1.412520913,0.176643261,0.647452296,2.560990331,-3.398335066,0.532919504,-3.181974377,-0.657574829,-0.766082658,-2.061954972,2.654207895,0.302213771,2.1493619,1.382556565,0.182368404,-0.689090578,-0.154385134,0.226105436,0,Normal
2.738878269,0.074251958,0.384209024,-1.960782314,1.077823553,-0.284005558,0.595784251,-0.610038378,-0.486803416,0.460268216,0.426970409,-2.389987178,-2.207065724,0.815739989,1.46982519,1.243315355,-1.054574124,-0.489008656,-1.746623521,0.754936881,0.105369146,0.19609782,-2.467878727,0.379907971,1.121365403,2.83828295,1.703470517,-0.917931065,1.416277081,0.442994253,-0.152117439,1.169954,0.450221319,-0.981691626,-2.965362061,0.526935705,0.585907584,0.07266985,-0.027115777,-0.214064595,0,Normal
5.469054862,0.381359195,1.954265857,1.422622112,-1.765855487,0.157101333,0.765116932,0.986003349,-10.6212656,-3.727044424,1.70212483,-0.323500886,-2.758753475,-1.655937472,-0.839982292,0.395972252,1.95770139,-0.755569865,0.585260623,0.564642682,0.199045015,1.607246851,3.01991986,-1.013272498,0.134863827,7.26600678,0.086386743,-0.033843383,-11.2283137,-5.253553493,-0.34659998,0.430425648,3.081571022,-1.069393129,2.936625275,-1.449056668,-0.443749651,0.473467158,1.573741808,0.087011377,1,Intrusion
2.799480186,-0.137568208,-0.508619859,1.600411409,1.11137777,-1.15612899,-0.641922564,-0.076123938,0.983602214,1.048367165,-1.028092439,0.693872242,-2.164307101,-0.545215862,-1.084348031,1.168116883,0.12048799,1.199698805,0.021584532,-1.129382872,-0.683264678,2.123801513,-2.602617375,-0.672641277,-0.739298525,1.163037744,-0.091470043,-0.948867549,-1.332486449,-0.571343037,0.64585499,1.443427637,-0.379636847,0.194780104,-1.265243642,-0.916963921,-1.371940334,-2.305302904,0.291284328,-1.015611032,0,Normal
0.983474241,-0.815251355,0.529010817,-2.732800583,1.639383486,-1.329348367,-2.092933802,-0.243656908,-0.424758324,-1.805698544,-0.694886352,-0.485359627,-0.134693456,0.471184733,0.89627173,-0.563749964,0.614103733,0.004227784,0.628073239,0.768423998,-0.82653537,0.576840025,-2.990428022,-0.702517658,0.52791255,2.903738466,0.017327451,0.551613608,3.073587758,1.786779444,0.541113133,-0.072717986,0.123589044,0.203323121,-3.748659668,0.334340474,2.552200808,-0.5821861,0.2549554,-0.027721542,0,Normal
3.595417192,-0.237415434,-0.4328272,0.175599539,-2.435177924,-0.289490085,-0.582129397,0.783795117,-0.161009183,1.465514929,-0.795871626,-1.376715799,-3.346591526,0.279985361,0.781887082,-0.454673766,-0.037311493,0.155926328,-0.712232746,-0.437466627,-0.061721771,1.577911499,-1.997949341,0.303372056,-0.447694411,2.38868482,0.982682536,-0.339335545,-1.650359893,-0.958500973,0.422075549,2.027750383,0.522965912,-0.836056002,-1.786290905,-0.005671643,-0.386137663,0.284402362,-1.725707985,1.87379799,0,Normal
1.522927612,0.824982724,0.884384458,0.486994276,-0.75820713,0.497073316,-0.694023584,1.077378644,-0.966016079,-0.949996005,-0.280320732,-0.31787892,-1.564509084,1.172342245,-1.629870704,1.113544971,1.798115409,-2.980598047,0.592523873,-1.8041064,0.968312797,0.988698891,-2.773688541,-2.366042321,0.798917608,3.767665415,0.409853475,-0.053795521,0.752260818,1.636203329,0.317689931,-0.654152194,-0.088204914,-0.515732447,-2.477903891,-0.981613754,-0.674869517,-0.264327283,1.0715729,-0.994435053,0,Normal
0.932452274,-1.063318901,0.326988108,-0.232993449,3.10175705,-0.102851617,-0.477647533,1.228417191,-1.545125494,-0.78507609,-2.127087738,1.310167561,-2.391621369,0.571615498,-0.433849366,0.06135176,-0.058135582,-1.373115719,-0.116251758,0.062974101,0.307507258,1.364835161,-0.405946842,0.857895795,0.67836225,2.614887535,-0.518100599,0.079909146,-4.082752581,-0.405192056,2.386591507,-0.801939457,-1.187212278,1.088026097,1.501447779,0.717733295,2.909582799,0.469527485,0.557200049,0.842468236,1,Intrusion
3.81625141,-0.777696229,-0.548164217,-0.314186547,-0.590692974,0.359408049,0.666899572,-0.251457754,-8.287371885,-1.745039544,1.806069713,0.152883778,-0.846571394,1.610096903,0.652068647,1.014605184,-0.815699407,-0.02637689,-0.513576412,1.198595745,0.074048143,3.247596434,3.779611241,0.412243335,-1.705727691,5.329558123,0.320917837,-0.43722875,-10.70921761,-3.475608049,0.813018199,-0.903147091,4.644002611,-0.407104918,2.284700595,-2.748676966,0.803434277,-0.436972677,0.910919351,-0.914186935,1,Intrusion
1.963025017,0.176035358,0.572373004,1.230092055,-0.980130514,-1.178836716,-2.334923505,0.033148676,-4.016724661,-2.24213317,-0.960062191,1.237156697,-2.816600275,-0.628750225,0.644202979,0.210982516,0.062448695,0.962851894,-1.90810489,0.393617823,-1.800903216,2.075902915,1.477000499,-3.005177108,-0.006259829,4.561192142,-0.777928215,-1.434349013,-3.95205821,-2.416107996,-0.432040805,2.78394637,3.11762108,0.245661953,-2.328181473,0.422853493,-0.544234882,0.201070312,1.829173574,0.849883263,0,Normal
-3.619527422,1.137886278,0.858371741,-0.933869327,2.425572659,-0.576278616,0.543551206,-0.770222949,-1.096873449,-0.806012719,0.511970363,-0.296679509,-0.528966934,-0.439808537,0.769065983,1.019309002,-0.4343268,-1.547042972,-1.420181038,1.234555829,-0.0523881,3.792867057,0.321992851,-0.652483091,1.138781261,-0.163538664,-0.99776913,1.366078724,-6.490605403,-1.030239752,-0.233124694,-0.239711666,3.374516981,-1.641397629,4.088823988,-0.256802541,0.00086997,-1.539871884,0.335658691,0.723186888,0,Normal
2.04694394,0.842510689,-1.307935989,-0.14826247,1.644931362,0.229380524,-0.582453067,0.662319591,-0.459092381,0.233771966,-1.139068676,2.007770021,-1.514919127,-1.5541336,0.218578862,-1.964370944,-1.872766841,1.140814411,-1.01401023,-0.86210964,-0.550683148,1.203600712,-3.004927395,0.162932678,0.14165278,2.428256537,-1.303478278,0.267806426,-0.034103982,0.683907436,-0.71984478,0.083011189,0.428033218,-0.495329898,-1.450626572,0.65581938,0.613197841,-0.658614864,0.712588656,-0.467882668,0,Normal
2.334157093,0.127335601,-1.647256696,0.831688864,-1.520337402,-0.553534617,-0.256710625,-1.976807913,-4.642146078,-0.661480938,1.825521371,-0.798593261,-1.566316147,0.455342521,-0.286304472,-0.766398744,0.950724687,-2.248050975,-0.323171957,0.436048528,0.226210454,-0.073067155,-1.491626544,-0.877708674,0.636522626,3.978763224,-0.13464008,-0.596764621,-1.966083961,-0.832711604,0.362122314,0.210158607,3.160300839,1.361821004,0.177915429,-1.233106124,-0.956452095,-0.744431243,-0.57438218,0.371268206,0,Normal
1.369489122,-1.862817367,1.01342988,0.009011222,0.309274643,0.090852955,-0.297047627,-0.996592718,0.570932225,-0.531799974,-0.49841714,-0.843962038,0.56091502,-0.616783124,-0.370415605,-0.580465531,-0.263526256,-0.580893927,2.476088405,0.24067078,-0.341051581,1.11751242,-3.91827708,0.901474811,0.175676184,-0.000720299,1.457340074,2.813773218,1.562931621,-0.077693836,1.942397263,1.098245525,0.548304542,1.305884135,-1.172626354,1.091973949,-0.977971142,0.783713746,-0.404066603,-1.718762621,0,Normal
-0.61719033,0.061021624,-1.062276046,-0.834994594,0.512154302,-0.345926424,-0.791478644,1.458346703,-1.162633085,-1.309097952,0.003806674,0.983176806,3.602489449,0.829372364,-0.481103172,-0.346783541,0.212005166,-1.245878584,1.95918537,1.858444064,0.244364921,0.831335501,-3.801782596,-0.256018845,-1.56477501,-1.880612678,0.893246845,1.369763461,0.862430287,-0.705596799,0.659479152,0.221949345,3.306581837,-0.822283905,1.818476756,-0.797514349,-0.567793342,0.111424548,0.420989441,-0.620043302,0,Normal
-0.549698315,1.60187282,1.114445897,2.134935011,-1.643707572,0.696516449,1.163421255,0.818279135,-5.756472219,-2.480241607,0.446295003,-0.514047646,0.662420679,-0.872836397,-0.190033628,0.187783529,-0.921499971,-1.61005563,-0.350034177,0.877152386,-0.227067442,-1.184689993,1.882855524,0.16438674,0.957148356,3.148244801,0.364474035,0.681564207,-2.69115559,-0.319404575,1.25550383,-2.183486701,2.293705963,-0.175212403,2.215787592,0.945765405,-0.988358075,-0.307062608,1.177656608,-1.021620805,0,Normal
-2.304466439,-1.578163119,-0.829349913,1.885841939,-0.754939628,0.4202949,1.645001084,-2.111262549,-1.287486257,0.700502423,0.354754835,-0.475786244,0.402446907,-0.388305281,0.489861149,0.380791582,-0.56981306,1.329687014,1.354196426,1.032961183,-0.504766411,1.187555134,-0.514910058,-0.021815399,0.942494436,0.500975006,-0.009115968,1.01602557,-2.235717151,1.242630164,-0.797568143,-2.107700528,3.096045952,-0.349672406,2.464385521,-0.478374807,-0.817344842,-1.10749492,0.381639072,0.268533302,0,Normal
0.502236477,0.576328823,-0.030278874,-0.394726223,0.026249464,0.277479115,0.085046824,-0.895969254,-0.574895743,-1.527082872,-0.254145283,-1.963923671,0.217587269,-0.90634673,1.225470899,0.778922537,-0.391491604,-0.603338501,-0.437854226,-0.620359226,0.870124423,0.723574054,-3.953523654,0.819923188,1.09194713,2.301949123,-1.300513449,-0.548864261,2.645978243,1.671395531,1.270419882,-0.259454898,0.913973552,-0.361278632,-2.404382488,0.734991596,0.153223196,1.255630573,0.446482356,-1.738035431,0,Normal
-4.368694473,-0.864705644,1.358866887,0.80545435,-1.026974023,-0.717431116,0.34217628,1.247710752,-0.243894877,0.361502532,0.289129992,0.080407765,0.235241455,0.953337536,-2.41014887,1.550949527,0.473322567,-0.204347108,-0.175103064,-1.4021444,0.028292375,0.567699099,1.501019457,0.403727041,-0.957107716,0.354462461,0.39953905,-0.763152158,-1.350296652,2.407110244,0.502499389,-2.905392077,1.787249741,-1.955721962,1.922426796,1.246680765,-0.534336507,-0.000741037,0.488532738,1.103618198,0,Normal
-3.920933643,-1.821416754,0.530273736,0.480746799,0.630374378,-1.515905287,0.553056989,0.208935866,-0.101130025,2.315068241,0.524129824,-0.230051245,-0.142554809,2.286251209,1.948066243,0.467957177,-0.993010282,-1.270784273,1.331599181,0.734310237,0.181350954,0.895773232,1.688792343,-0.719497558,0.957397031,-0.419982607,0.223771537,1.296811324,-1.606898908,1.587155523,-1.260023458,-1.382863281,4.524723349,0.164745599,1.643975931,0.706695103,-1.2257104,-0.731413574,0.614629124,1.113225371,0,Normal
-0.046575144,-0.541308,0.832116785,-0.972941162,0.688437844,-0.220124139,0.698116971,-0.054754258,-1.405293763,-0.247300641,0.285591664,-0.839045508,1.883044436,0.678820678,-1.269171117,-0.16202434,-0.24050422,-1.366199741,1.277589714,-0.732342799,0.886608808,2.38169694,1.078073498,0.036649224,-0.095209157,-0.627575575,0.349829176,0.794954476,-3.127655475,-1.299943133,-0.91519401,0.206246124,3.369416512,-1.218104342,0.798617238,-1.588854493,1.82625811,-0.011387922,-0.103726041,-1.396002822,0,Normal
-4.207150337,0.910018493,-0.117104162,-0.043168185,-0.003352853,-0.101357368,-1.126199331,-1.611684089,-4.558547999,-1.9861322,0.722186109,0.645481594,-4.473693315,1.937755931,-0.483899934,-0.2550233,0.541063824,-0.628579294,0.696431672,0.901288542,-0.472404198,-1.973683753,-1.879868624,-1.516923171,-0.94660002,7.112768221,-0.216173159,-1.512797543,-1.3151284,4.357821308,-0.739030343,-5.026337559,0.094947343,-0.876512208,3.028277759,0.522281793,-1.122975584,-0.598688048,1.540566161,-0.758261675,1,Intrusion
0.795550695,-1.971016504,0.328591425,-0.462361149,1.251657771,0.903098551,-0.05709956,0.572780988,-2.14009785,-2.573450083,-2.759175103,-0.482029986,-3.230934969,0.945525427,-0.744032797,0.038633959,-0.433033253,0.743315468,-1.333866392,0.12655672,0.238052363,2.73584983,-0.756906289,-0.500839371,0.123891972,3.813203299,-0.828338273,-1.481619377,-3.974457138,-1.59881827,-0.740179145,2.034200456,0.837204322,0.441577317,-0.923418545,-0.986725234,0.242170092,0.251403813,-0.438583124,0.158948104,0,Normal
-1.149989208,-0.943089197,1.054337474,-0.072700174,-0.415683547,-0.578528699,0.32268883,0.068419989,-3.672972646,-4.846173263,0.980391245,1.906848217,1.96941293,1.543445289,0.692123336,-0.090764793,1.208055647,0.635362629,0.356748598,0.170337351,-0.158138302,1.712456843,2.67523309,0.390077486,0.320123242,1.651652584,0.346989226,-0.273409165,-5.223736347,-1.094909848,-0.034793425,-2.351410863,-1.099496641,-0.946990024,2.559850601,2.03484254,-0.082517735,-0.185583755,0.524647663,-0.276778953,0,Normal
3.07074976,0.577827205,-0.149000314,-0.245583014,-0.443708649,-0.051423619,-0.296294032,0.439014636,-3.811406492,-0.356879315,-0.567585595,1.196111424,-1.210941957,1.862682551,0.302264392,-0.886163982,0.388275393,-1.289584594,-2.42396528,0.742537263,-0.583672501,-1.19339481,-4.933745434,-0.060807342,-0.805178117,3.583497719,0.817995933,-0.28928336,1.527991653,-0.084669959,1.374080809,0.587235649,2.846341739,-0.444904666,-0.546142943,-0.54959255,1.711003822,-0.919054771,-1.33340677,-2.177884912,0,Normal
0.854284783,-1.130682099,1.02318254,1.323038705,0.647553421,-0.732420923,-1.24238068,0.779338093,-2.767844113,-3.536289192,0.904694418,0.328399367,-2.306592007,0.41706366,-1.656227111,0.052442969,-0.124825578,0.482139578,0.943172087,0.512797117,0.641255518,1.929416254,0.524021512,-0.235593288,0.43621621,4.852236823,-0.517394786,-0.028101615,-1.542442996,-0.745074437,-0.13722629,1.921660744,1.293317108,-0.055485131,-3.713280824,1.516716572,0.314283121,1.884597328,0.487260619,0.394203144,0,Normal
-0.557858205,-0.718619418,-0.274974,-0.54188154,-0.990102735,-0.571965704,-0.906201721,0.716911497,-1.950343231,-2.378964061,0.4111393,-0.688779002,-0.592609005,0.848459705,-1.229293914,-0.881252317,0.089550134,1.288508255,-0.353897171,-2.108088695,0.886678019,2.80847743,-2.059594754,0.408862245,-0.998753226,1.660995308,0.40166753,0.535967063,-3.649958551,-1.153719782,1.449237108,0.635689837,1.866441285,0.50112297,1.393413568,0.549304567,0.646940871,0.326814065,-0.097608891,-1.789134865,0,Normal
0.2341578,0.841936341,-1.566557739,0.764059818,-1.587880768,0.816489363,-0.989977098,-0.910542719,-0.054238334,-1.510166466,0.193953488,-0.519771318,0.441043034,1.122345127,0.740612989,-1.062494084,-0.039524214,0.292820246,-0.320065865,0.126459807,0.591509871,2.814146335,-1.347236693,0.849743773,0.488191175,0.129655661,-0.049845749,0.398779602,-1.52544906,-1.189589849,-0.75175131,1.685358252,1.587244784,-0.147199693,-0.872373805,-0.121785057,0.082855044,0.317560205,1.683766976,-0.680956513,0,Normal
0.683655579,0.360440501,0.918421877,1.642384102,-1.21679096,1.04951887,0.147587345,0.386586485,-3.852986947,-0.440726154,-0.400174242,0.62699821,-2.625488736,-0.726286615,0.430287018,1.666204527,-0.191319491,1.428643433,0.479847402,1.31849986,-0.84574604,3.085169573,0.890586492,-0.466175829,-0.493046823,5.241318653,1.53852017,0.200324592,-7.07483803,0.752352278,-0.359128712,-2.879551859,1.593488464,-2.584203087,1.510456575,-0.760836428,-0.203567321,-1.060315256,0.750605549,-1.467931381,1,Intrusion
0.783847957,-0.323585068,-0.185519465,0.452806353,-0.210316548,-0.105646904,0.164941873,-1.257335323,-4.987895344,-4.545054505,-0.825758494,1.448467154,-2.441729782,0.247282134,-0.885926033,0.676338919,-0.076176222,-0.714220622,-0.556896041,1.577427621,-0.849639363,2.968337011,1.701807343,0.44619389,-0.118901362,5.071478414,0.87072667,0.111563839,-6.025151402,-2.78055928,0.21790407,2.035427217,2.246177392,1.074401579,-0.847535133,0.31708084,-0.160292972,-0.428507549,-1.289294611,-1.03121716,0,Normal
2.729482345,1.142430587,-1.942887345,-0.431913216,0.926239686,-0.17221583,1.011805907,-1.025465918,-1.906237633,-1.032110747,0.421637509,0.110848953,-3.696664814,1.72781113,-0.965750809,0.169825828,0.914426376,0.219713711,-1.655327293,0.77766744,-0.972368723,1.12941221,-1.779628528,-0.417976708,0.751498282,4.485124629,0.88983905,0.427819981,-1.380347541,-0.597467581,-0.446314088,1.671375167,0.24714941,0.820897993,-2.382555254,-1.120044301,-0.300522736,-0.268960712,-1.463146642,-1.304851219,0,Normal
-1.660725646,-0.79578997,0.969284777,-1.333266491,-1.279488421,0.517912666,-0.354725735,0.302437688,-2.361237784,-2.112358208,-0.787913993,0.880974582,0.936676903,-0.163120975,0.05523105,0.140848549,-0.661293755,-0.328624681,0.107303699,0.001620222,0.017773349,3.745238727,3.273694177,0.941329701,1.399610694,0.12152237,1.500460693,-0.524317842,-6.870283182,-2.381540911,-0.222107818,0.347467637,3.004639376,0.622380017,2.171883074,-0.97667983,-0.314066411,-0.443912569,1.015021629,1.128100557,0,Normal
-2.874849509,-1.519177592,-0.682970192,-0.437508089,-1.804308791,-0.835416948,0.443819704,1.947942685,-2.400096551,-3.713886584,-0.628138449,-0.998672431,2.72908612,1.741076115,-0.052827628,-1.841350797,0.876749433,0.698811866,-1.610590661,0.090740916,1.369137782,3.261644994,-2.54624283,-0.392805473,-1.926408347,-0.389047524,1.049844653,-1.726126414,-3.59812829,-1.106167883,-0.840603581,-0.413113028,3.460281274,-0.552284803,3.445568634,-0.252207107,-0.357658695,2.352340048,1.258269645,-0.583117233,0,Normal
1.344951288,0.653283768,-0.685606914,-0.29427993,-1.329685699,-0.931917,0.828833418,-2.301180024,-4.615669509,-2.813107084,-0.87916852,-0.538202726,0.954966208,-0.575685114,0.17693927,-1.295289626,-0.957266669,-1.136158529,-0.518592856,-0.75761327,-0.612536609,-1.722133559,-2.875405333,0.289122789,-0.619526196,4.317091994,0.157381325,-0.053743803,3.670017459,1.247304652,-0.372218285,-0.599658528,2.915027716,1.194896777,-2.663325716,1.194877077,0.356484818,0.015654673,-0.29360182,0.177555163,0,Normal
-1.410709662,2.412908825,-2.101499911,-0.731049124,-0.158430766,0.048693812,-0.124287773,-0.033440619,-5.234342687,-4.552009179,0.753238223,-0.792518501,-3.398413519,0.542977174,-0.073623494,0.089745752,-1.26761912,-2.64466456,-0.112119156,-0.923665807,-2.032878899,1.204095039,-4.509102312,0.215366844,0.903985891,7.3737882,1.688195514,-1.676071591,-4.214734352,2.139793399,1.579001183,-3.864239274,-0.777045939,0.215198555,3.17756011,1.404353959,-0.013458672,-0.074559094,-0.097388184,1.116368787,1,Intrusion
-1.373524971,-0.3704663,0.517286431,2.882884508,0.62924483,0.180061583,-0.645408971,-0.167455148,-3.362361571,-2.402248106,-0.909187229,0.400798433,1.78635044,-0.625246991,-1.766508755,1.175798006,0.878316008,1.16446271,0.525248134,1.19004464,0.286077422,-1.438393209,1.134300096,0.512309128,1.348053137,1.815434095,-0.507739036,-0.364557515,-0.725562234,1.376790711,0.202058265,-3.805102949,-0.539746341,-0.093354618,2.141534848,-0.552791799,-1.089821911,-0.935429415,0.770354525,1.545212476,0,Normal
-0.618629339,0.533229252,-0.068581801,-0.508374869,-0.591825598,-0.381844487,0.428373646,-1.584522432,-1.990075321,-1.374684388,-0.471499166,-1.696830807,1.257832107,1.47282004,1.156792368,0.022038069,1.02214541,-1.024889442,0.622859454,0.477361043,0.448597196,3.876922644,1.419883798,0.973685171,0.541949185,0.370600237,0.195317185,0.934110561,-5.407826899,-1.593255928,-0.508823552,0.130785294,3.469813929,0.704959039,1.177994019,1.752250188,-0.732181772,0.978749016,1.515301794,0.275955955,0,Normal
4.639752662,1.618035725,0.132083856,1.795441712,0.89504132,-0.886947288,-0.232272873,-2.02824643,-0.212911759,0.93817185,-1.381131354,-0.51877893,-4.52391385,-1.993146869,0.121465708,-1.808253248,0.892550827,-1.542733873,-1.12188624,-0.83285818,-0.096406646,0.532845975,-3.322473115,-0.14871255,-0.909765977,4.127101924,0.96820959,-0.849006111,0.060519106,0.052916843,1.62742348,1.518140222,-1.549351054,-0.36614694,-2.977820643,1.071960425,-2.360654986,0.734872311,-0.900764354,2.476097223,0,Normal
1.355584455,-0.017638542,-0.925011998,-0.330380744,0.088437107,1.653117794,-0.688369226,-0.604651816,-5.605912407,-1.925945105,1.865261571,1.131792295,0.838010106,-0.064823755,0.6198602,-0.525376579,0.169859381,1.084219737,-0.923230127,-0.134086221,1.729969222,2.591894812,1.205128292,0.504178982,0.221488166,4.230733433,-1.37586169,1.703430284,-5.984064159,-0.169119295,-0.336824993,-2.87542539,3.212064258,-0.227948979,1.330247546,-1.41664813,-0.258515553,0.251202688,-0.010045184,1.933771314,1,Intrusion
4.513277045,0.081412815,-0.036228101,1.425267199,-0.80458049,-1.570468042,0.282618773,-0.962513201,-2.72250921,-0.984573289,-1.94779926,-1.878703845,-4.475816997,-1.455935374,-0.765225155,-1.402085958,-0.34584443,0.251909348,1.142897182,-0.136623058,0.278752189,-2.779333713,-5.744261216,0.145311316,-0.65149974,8.659902577,-0.268726163,-0.218131565,6.05360823,4.102413641,-0.552799347,-1.414082455,-1.988249222,-0.562960296,-6.002095635,-0.309706412,0.627212709,-0.292424091,0.777066925,1.818851669,0,Normal
-1.513440317,0.198504798,-0.282885287,0.611350329,0.053693872,-1.100130494,-0.829699872,0.055712992,3.250956955,0.095725626,1.207725019,0.890847456,1.539300698,-0.538855691,1.099854546,0.572081659,1.106011115,1.200039735,-1.168842378,0.373765832,-0.809855807,0.507734063,-1.864627648,0.342306612,0.557311099,-3.732281939,2.05824968,-0.642540728,1.982061794,-0.46177967,0.853418234,1.493369684,-0.682827109,0.170525688,0.516111858,1.608599502,0.730059136,-0.494811521,1.247261082,-0.590921254,1,Intrusion
-1.431970894,0.836894447,0.550273721,-1.24092085,-0.565091932,-0.178654126,-0.355832006,-0.248113587,-1.719601556,-2.937723554,0.26250705,1.952315501,1.760725676,-1.371565442,-0.329147239,-0.237735719,0.540946981,-0.791086589,0.055959556,0.692843103,1.847507611,2.133891949,0.795487896,1.613781787,-0.235332002,-0.079175575,0.66830476,-1.738547381,-3.860161411,-1.13281406,1.201707105,-0.881509501,0.383005404,-1.061945379,2.336309596,0.450521311,0.323560984,-1.622389383,-0.948100412,1.375143123,0,Normal
0.043966593,-0.23146309,1.040731208,0.86816372,0.875575613,-0.084349295,-0.770665738,0.848129016,-2.901053023,-0.478915289,-0.030179893,-0.379466841,0.185117735,0.328438672,0.329480118,2.298316728,0.815476871,-0.497160916,0.851991549,0.10753119,-1.479349634,3.829801042,1.480140062,-0.298769332,-0.021380114,4.24672532,0.193673883,0.48491322,-5.10669846,2.158372655,-1.048011054,-3.939837582,2.553752932,-0.01327363,-0.389347921,1.030082671,0.117156664,-1.247598477,0.440228954,0.985570509,1,Intrusion
1.935897839,1.026631839,0.889342884,0.300407993,-0.504450072,-0.021749685,1.311398124,-0.912061569,-5.058817677,-2.560415451,-0.211080351,0.488702583,-2.068182149,0.214024593,0.589693931,-1.521835647,-0.237477652,0.222211508,1.502453928,0.123861578,-0.894581627,0.70162886,0.304472083,-0.820034895,0.245290614,5.555429445,-0.562202122,0.752474367,-2.19902938,-0.87015214,0.152753857,0.849021058,2.8349239,-0.573895312,-2.109849151,-0.308091213,-0.634492966,-0.811072498,0.99350374,-0.029531239,0,Normal
-0.337299233,-0.055772642,-0.823392277,-2.363862486,-0.529324813,0.410117404,1.201860575,-0.306765076,-2.272394617,-3.778314057,-0.844708175,-0.047704632,-1.763297686,-1.249319775,0.317083136,-1.315351189,-0.551076037,-1.118581711,1.904388983,0.582523495,-0.844222219,1.581401961,0.19894932,-0.163083055,0.602956223,4.951955263,-0.61023314,1.348698972,-0.181441664,0.738560915,-2.00258871,0.654410315,0.805138079,-1.169695761,-3.942409822,-0.161012415,-0.311168276,0.066187823,1.788975978,-0.881139915,0,Normal
-3.297874007,0.554828808,2.251291046,-1.372840047,0.429228766,1.423644816,-0.938199171,-0.68847923,0.257402838,0.168073349,-0.313902927,-0.76628669,1.459236527,1.511729101,-0.891914323,0.429593115,0.130515036,-1.114326431,-0.17508762,0.298620671,0.674618268,0.524224259,2.098068054,0.274301728,-0.230892564,-0.128189291,0.456480555,1.722430949,-0.006569251,2.35146427,-0.204324014,-2.624012371,1.31178725,1.142404806,0.185661399,-0.785997816,1.438905425,-2.246994138,1.688442862,-0.384465127,0,Normal
-1.064537647,0.710782383,0.91527745,0.315490461,-0.964544043,-0.004342891,-0.606348316,-0.056159944,-2.348887355,-3.20167359,0.649964185,0.941760485,2.364252925,0.005505889,-0.654899016,-0.645147011,0.573040862,-2.084848934,0.002881562,0.251411507,-0.441962533,1.300676397,2.959128002,-0.306789486,1.289888044,1.013900518,-0.20837868,-0.199514076,-2.9104997,-0.068488873,0.512365326,-2.217907858,-0.290953026,-0.163147643,0.701561799,1.078459834,-0.230115529,-0.622860962,0.247133037,1.057770343,0,Normal
-0.921523448,-0.950728936,0.068446033,1.699981526,1.711450552,1.351600009,-1.345490986,0.804706616,-4.375600424,-4.087367987,0.239762781,-2.468427698,1.440459579,-0.103240852,-0.623504042,-0.671662089,-0.669486757,0.3947463,0.030298843,1.258150854,0.022440285,1.046367031,0.757577031,-0.825149659,-0.148619568,2.124614468,0.15881126,-0.69811737,-4.749468052,-0.745908182,1.374847977,-2.620686131,-0.106129977,-1.392582236,3.499389127,1.145551023,-0.325682711,0.643059172,-1.116804631,1.052518638,0,Normal
0.948389611,0.351187434,-2.234049436,-0.440099266,-1.924281416,-1.098768347,-1.281854997,1.028702564,-5.252732305,0.741481062,0.106798423,-0.716896894,0.590502098,0.607456206,-0.888853253,-0.294637195,-0.360871827,0.719286587,-0.764012617,1.107452361,1.718291233,-2.012548599,0.162929746,1.143836344,-0.093902522,2.218474746,1.083945463,-0.635929359,-0.077231315,-0.361440399,-0.669883793,-0.526531203,5.726053076,0.913491026,0.895174466,-0.861987423,-1.282039053,-1.843900352,0.120555776,0.104519567,0,Normal
-1.491631187,-1.253170189,-0.744916985,-0.571734132,2.195430076,-1.082717696,-0.35353104,-0.649519082,-2.562927273,-0.643715353,-0.518417113,0.415660576,1.049711641,0.979470396,-0.95633049,-1.223047448,-0.012223202,2.321926304,-2.166219077,-0.284806115,-0.046677177,-0.047311616,0.799579652,-0.264969179,0.271019397,0.709204586,0.518281838,1.101870733,-1.686715066,0.224467137,-1.311940941,-1.564372438,2.474425515,0.643737902,1.98299427,-0.558193036,-1.59081061,2.258942667,-0.135638684,0.611318611,0,Normal
-2.006381861,0.28127558,-0.938802633,0.674772442,-0.105472899,1.291303648,-0.040303325,0.326777836,-2.424288812,-1.074328191,1.319908223,-0.199921705,0.989770374,-1.155354018,-0.559842188,0.313835498,1.55050984,1.576041789,1.216320776,-1.205596756,-1.931632542,-0.01794313,1.676923913,-0.900673369,0.607772009,1.508477807,-1.024123307,-1.587685222,-1.510026091,1.26967651,0.881289982,-2.665747408,1.51989325,-0.096380714,1.302538353,-0.591382532,-0.07029146,0.477935272,0.949720019,1.483916307,0,Normal
-3.497109576,-0.273182223,2.238511186,0.551202934,0.123847863,-1.202413081,-0.395077728,-1.081791246,-0.441286932,0.573800532,0.780819703,0.319161495,0.15777118,0.29823583,0.706595574,0.287664352,2.256472912,-1.006442518,-1.732011218,-0.704612082,-0.989271275,1.441787038,1.080698755,1.456014894,-1.388019879,-0.196237613,-1.602779198,0.082699377,-2.63738106,0.965644562,-0.333531866,-1.5428338,2.815437124,3.519926235,2.312721654,-0.184572532,-0.99199072,-0.718673323,-0.968505201,0.476497843,0,Normal
1.97405704,0.959830582,0.849115054,1.743379819,-1.437575969,0.900855732,0.210841284,0.121148695,-4.087307136,-2.245777416,0.141788129,0.382141654,-1.835985515,1.014576135,0.280161015,-0.371130244,0.281850099,-1.364992018,-2.080184097,-0.019434858,-2.095365441,1.750520701,1.843702368,-0.213834615,-0.026514182,3.339100705,1.82306958,-0.533021969,-4.005519769,-3.188545839,0.262286663,3.098400864,3.341911681,-0.559522783,-1.556265987,-0.101710305,0.197084072,1.319800935,-2.616329325,-1.817008915,0,Normal
0.744146431,1.099462866,-0.981973217,-2.393569607,1.134048371,-0.458867044,0.750576219,-0.306977449,-2.340570923,-2.13509701,-0.23230431,-0.136197764,-1.644906253,-0.561969774,-0.437262291,-0.065515609,0.95397666,0.316566942,0.759003893,0.384213119,0.268778207,2.836423979,0.61217741,2.627917394,-2.583165861,2.476289427,-0.295383492,0.427584378,-3.984139476,-2.305710652,0.112651822,2.501464605,2.528592971,-0.214044316,-1.044190694,0.09696656,-0.561898959,-1.370042699,1.732895885,-0.566202093,0,Normal
-0.289789438,-2.349447114,0.94811577,1.573902606,1.520529232,1.108510599,-0.19861161,-0.989960866,-0.832589397,-2.514655833,-1.021538621,0.264400599,3.340220201,0.521619874,-1.05823268,-0.014827702,-1.051422288,0.86898659,-1.169421389,0.529512797,0.676432746,1.563538651,3.000445966,-1.115717905,-1.206847736,0.943945047,-0.094226274,0.371978715,-0.366067225,1.381997832,-0.611511666,-2.611379453,-0.639951599,-1.369532249,-2.253069984,0.579188326,0.23683594,-0.620336603,1.33631148,-2.869497526,0,Normal
-1.447338765,-1.008825186,-1.044394798,1.895709958,1.607374815,0.494353984,0.154800526,-0.410514458,-3.977764431,-4.912527255,0.176397314,-1.659334558,-2.373767949,0.691626127,-1.881282385,-0.203926127,-1.758210671,0.748948282,0.283185938,-0.543263557,0.066273727,2.850671656,0.013398836,-0.596845262,-0.299973335,5.526964818,0.206746012,-0.199893271,-4.455189955,-0.238232459,-0.436616201,-0.085929295,1.22911566,1.008527396,-0.475314874,0.191982037,-0.019832956,-1.134536377,-1.393904433,-1.248333743,0,Normal
-1.828104475,-0.791450621,0.111008632,-0.437576811,-0.368424696,1.713692174,0.563270623,-0.005679102,-0.284681136,0.474770702,-0.470488181,0.904782761,0.508388279,0.95949394,1.523819741,0.754960216,0.852994109,0.944592772,0.585724147,1.27037167,-1.019463157,2.683380491,-2.199091618,-0.584777965,1.27649282,-1.592299068,0.30359068,0.811049973,-3.473679778,-1.226411194,-0.468382155,0.711494228,3.792709736,-0.312206567,3.432241926,2.193016839,0.215599009,-0.222940171,-0.371420014,-2.219417143,0,Normal
-1.242804897,-1.60183161,1.175412566,1.816079945,0.276665621,0.153533079,0.005846504,1.083439445,-3.720134709,-1.745447916,-1.988842271,-0.588819627,0.631180659,-0.565062117,-1.548067773,-1.129076502,-0.550096445,-0.272397528,0.468132493,0.748103593,-0.578301215,0.632445924,-0.702668781,-0.308368146,-1.270419691,0.541209816,0.640425506,-0.45844705,-4.762667923,-1.439084878,0.431539608,-1.391119852,1.882185723,-1.925229421,5.230697626,-0.635980049,0.873308105,1.178366345,0.932224625,0.751977637,0,Normal
0.423089876,0.670717208,0.039929426,-0.129468621,-1.265326008,0.112538821,-1.688983099,-0.544857497,-0.435190958,-1.523265257,0.870647501,0.520847824,-1.766554803,-0.855841469,-0.359618259,-1.450835346,-0.309534191,-0.835100945,-0.117650962,-0.137877641,-0.427734312,2.343264257,-1.431431179,-0.456334385,-1.062256958,2.543664393,1.698706468,1.027601712,-1.160887298,-0.100352867,0.473719149,1.293310629,0.787383154,0.447505137,-2.068115039,-0.217167704,0.531838247,-1.511891486,0.57085175,1.274929612,0,Normal
3.314463499,0.069238392,-2.495473696,0.848818763,-0.557191186,-0.672555043,0.568900948,-0.334378434,-1.99553041,0.098111285,0.235430901,0.61814526,-2.561250245,1.100632578,-0.766966208,-1.510209599,-0.082504915,1.071086881,-0.512502582,-1.109364255,-1.652765965,0.895881321,-1.388671874,0.487736505,-0.415579954,2.520532077,-0.505430885,-2.755366423,-1.764140175,-2.02667534,-0.534103959,2.6543471,1.779065304,0.205768469,-1.327911253,0.336486003,-1.766869399,1.170723948,0.635906887,-0.990148772,0,Normal
3.495578331,0.600504199,0.823433949,-0.606588614,0.350034664,2.278524694,-0.167336108,-1.19506418,-11.89746408,-3.441166575,0.114322441,-0.033799461,-1.261930323,0.679627643,0.318725553,-0.620476467,-1.308718996,1.056556926,0.077239909,-0.730928788,-0.211460759,-2.921884086,6.247371518,0.716425007,-0.220209638,5.388786442,-0.093492419,-1.026857477,-7.466565474,-5.835394293,-1.13028399,1.294032677,4.880631016,-1.551078196,3.2393044,0.687200004,-0.132100316,-0.058522543,-0.724052296,-1.163026646,1,Intrusion
2.529988584,0.906642386,0.168888462,0.322666573,-0.50407936,-1.852262537,0.171547528,-1.215043942,-7.250589957,-0.828118587,0.824899988,0.526254908,-1.593750578,-0.037398565,-1.081909294,0.229851212,0.768103261,-0.119418228,-2.254247665,1.016527068,-1.894499991,0.232405404,2.176498948,-0.717305342,0.898129354,5.214446388,-1.076592514,-0.316550399,-6.208307327,-1.524829449,-1.007504969,-1.456082985,3.676016291,0.83335336,1.973226142,-0.65901781,-0.783038807,1.135357059,1.611916237,0.901874061,1,Intrusion
3.226006252,-0.215840223,0.621625838,2.116076881,-1.632541637,-0.912851902,2.15767431,1.806314624,-1.239554489,2.035049938,0.753745938,1.544150217,-0.457440893,-1.687223537,0.289268891,0.268507914,0.638190733,-0.670590685,-0.545454303,0.490944465,-0.33481489,0.751374587,-2.019165597,-0.724400415,-0.438993137,-0.390223164,0.642294537,-0.223880453,-0.920965306,-2.570026366,-0.312841886,3.108604582,4.124537211,0.375353449,-0.196130805,-0.362925082,2.541293206,-0.803219237,3.068302181,-0.568994452,0,Normal
3.068326967,-0.66188085,-0.687399057,-0.809538939,1.414735938,-1.065442708,-1.300729805,1.065529401,-1.72432824,-0.029837062,-1.224599579,-0.205678236,-1.50847694,-1.726120154,-0.790759683,0.816742122,0.3357759,0.093048455,0.352947573,1.808129591,0.992324944,1.761634734,-1.866513018,0.607912746,-0.185548165,0.767028755,-1.010527312,0.166626314,-3.225053264,-3.236952163,-2.399169685,3.100972076,2.143092823,-0.191950402,0.49862937,-1.167319668,-0.544378626,-0.822265655,-0.22829255,0.625327901,0,Normal
2.217843968,0.721634941,0.013139175,0.673535267,-1.930045086,0.443838575,1.850161142,3.165585704,-1.589637824,-1.592848968,0.184600677,-0.702985474,-2.270304921,0.680249667,0.428791109,1.053937553,0.370907059,0.051135781,0.896516431,1.085535847,0.866805175,2.401289397,-0.390459824,-2.173369539,-1.255938082,2.484369714,-0.290764062,-0.534689293,-2.921688097,-2.420496643,1.106889321,3.111352258,1.342820389,-0.890344088,-1.856064293,1.254555488,-1.413047249,-0.13370751,1.42184205,-1.386722656,0,Normal
0.884333979,-3.336811257,1.221612653,-0.654338931,0.55717006,0.511731134,-1.026899702,-0.612737781,-2.701678951,-3.219229758,0.177984622,-1.113506684,-3.805972465,0.180308571,0.752602735,-0.071743867,-1.018333824,-1.290753492,-0.348701846,0.101585423,1.973083822,1.180895651,1.13497845,1.987315357,-0.31208882,7.267690811,1.699531673,-0.00167082,-0.382513267,1.511458821,0.582837739,0.17585648,-0.224611243,-1.162771191,-5.441878477,-0.794625149,0.00053888,-0.304379762,-0.099669582,-1.122219908,0,Normal
-0.020792473,-0.332420545,0.025854685,-0.804669077,-0.536867032,-0.719097268,0.181059269,-0.048419888,-2.681487286,-0.725638822,-1.527852573,0.88680051,-2.367967214,-0.093787346,0.577009702,0.256404297,1.279079165,-0.264789437,-0.348165772,0.380583856,-0.090522951,1.156685231,-1.020760235,1.552261284,1.156070368,4.073815163,1.197856213,-0.24253093,-3.940393489,1.275057765,-1.250673155,-2.748261003,-0.155493764,0.989689504,1.959964744,0.487335643,0.593497095,0.709794255,1.098353925,1.320139707,1,Intrusion
-0.009411084,-0.425260405,1.294598627,0.943163632,-1.552875188,0.740955012,2.440980799,-1.209577485,-1.397958311,-1.833180351,-0.778737619,1.364742645,2.585289363,0.093050655,-0.208833492,-1.751297836,-0.15742755,-0.548231913,1.073768064,1.281083624,0.211632469,2.313338982,1.125835609,0.922482716,1.318098488,-1.589621148,-0.108758244,-1.802291877,-3.892085703,-2.511845801,-1.024542735,0.525803286,1.500511975,-0.457546801,2.046391565,0.795751937,1.018234595,1.274250538,-0.782396223,0.414340002,0,Normal
-1.584993932,-0.756360723,0.670453561,0.877155933,0.900427548,1.945514458,0.011059193,-0.441785102,1.250038302,-1.097850269,-0.113888331,-0.554286358,-2.456544878,-2.384962842,0.82327818,-0.668190142,1.635912868,0.077350528,-0.659425375,-0.011858381,0.45371151,3.18480914,-2.657255922,-1.019546525,-0.973330782,1.421079774,-1.407116287,0.353119522,-3.279518128,0.72935107,-0.356551146,-0.516635714,-1.488852074,0.129046784,1.407355447,0.141258178,0.93606645,-2.411837539,-0.678204377,0.600505565,1,Intrusion
-1.937856761,1.95893853,0.109869252,0.611201743,0.157975057,0.698288509,-0.447965452,1.232455239,-0.919437682,-2.51022372,0.06287844,0.327380697,2.043230571,0.294411936,0.460040878,1.812002061,-0.975368195,0.131496387,1.002910549,-0.027866331,0.142670153,1.429353528,0.625907462,1.336352826,-0.227003394,0.050444741,0.013893501,2.86266579,-2.378007811,0.587212241,-0.931014134,-2.546011022,-0.916440257,0.265229463,2.054664266,1.226593182,0.17518379,-0.56024046,0.07238639,1.874628716,0,Normal
-0.231350741,-1.258159505,-1.091357335,-0.486955944,0.364549995,-0.6267493,0.711699604,0.097959496,-4.139183098,-3.197433507,-1.612814445,1.038357957,1.479767758,1.231747065,0.468082723,2.793787089,-0.537462344,-0.195106136,-0.166129504,-0.703221915,-0.396862969,1.239630564,1.297064562,1.72247342,-0.132372599,3.370092454,-0.550717392,0.953939636,-3.241948528,0.799800459,0.758953165,-3.290728706,0.644847025,-0.066051353,0.80990505,0.747334243,-0.762759102,0.210402248,0.432557024,0.317361663,0,Normal
-0.970134375,-1.571556464,-0.184970132,-0.162637062,0.664701278,0.336473001,0.850887307,0.967408268,-0.573817756,-2.291664069,-1.74200609,-0.758573944,-0.555641096,-2.430288976,-0.277980603,-2.548484894,-1.357494737,-0.653272485,-1.037102404,1.027239664,-0.199614409,1.920803936,-2.691467432,0.118143036,-0.019660604,2.208465387,0.434634995,-0.547557784,-0.374551522,1.004086981,0.720078387,-0.353676405,0.384441204,-2.697453063,-0.699063563,-0.891446274,-0.992950613,-0.755005112,0.414207902,0.112817574,0,Normal
0.739807114,0.46025772,1.069087925,-0.736804989,0.342894201,-1.209537347,-0.637233184,-0.834869943,-5.954252633,-3.589776483,0.076292719,-0.588376406,1.197565517,2.100833843,-2.217909324,1.995316628,-1.830685708,0.708480053,0.672283699,-0.682289254,0.594436353,2.111244342,3.187232241,0.633602122,-0.705200789,3.048459431,-0.520602343,-1.179705225,-6.418568945,-2.367329609,-0.564637187,-0.75586875,2.993856285,0.742119664,1.503883104,1.349891793,-1.172621454,0.817517341,0.182275053,-0.408572613,0,Normal
-0.167116167,1.706409495,1.075337036,-1.187677954,0.72092886,2.147471484,-0.149499729,0.33836911,-0.380544451,-2.323199315,0.674535384,-1.575193813,-2.642419211,-1.02522979,-0.714500278,-0.241562447,-0.242460423,-0.895167676,0.967771665,-1.391609424,0.431992985,2.468627249,-2.351770065,2.672672444,0.281218986,3.820774699,-2.627900776,1.432479652,-1.012151959,0.930954438,0.789746215,0.455798136,-0.375366034,0.311023117,-2.164564009,-1.344888836,-0.909724068,0.412767109,0.142884111,0.344657821,0,Normal
3.937408645,-0.432649913,-1.355018162,1.058684656,-0.080464985,-0.338811164,-0.043597206,-0.365096097,-11.12382249,-5.269172439,-0.508468098,-0.168617957,1.45477035,-0.121873367,-0.925213533,0.249955477,-1.095415635,2.282817472,-2.954470223,0.268310628,0.500872068,-0.352393855,5.192764669,1.927873394,-0.697665565,7.044643312,-1.012105776,-1.209809892,-5.88044535,-2.776186885,-0.442130657,-1.570608234,3.904125749,0.908666512,-0.381109658,-0.661529707,0.923981304,1.205779967,0.438860999,-0.09209317,0,Normal
-1.675969536,2.080548832,-0.687575259,0.643876056,-1.263507261,-1.403508637,0.103641006,1.536091294,1.607809643,0.516849256,-0.025457041,-1.656882195,2.649747425,0.40679364,-1.110033753,0.367409654,-2.245669704,-0.643105229,-0.378138352,0.914296257,-0.20925228,2.154585457,2.300447229,-0.607062454,-0.499471925,-1.954318128,-0.38756256,-0.131504033,-0.365985074,0.727712348,-0.626784948,-0.651762501,1.727013516,-0.063489991,-1.132118648,1.683285062,0.126791969,-0.995270039,-0.300608201,0.295151137,0,Normal
-1.034143741,1.354669073,0.323938837,-0.313374002,1.509106976,-0.258624354,2.263204547,-1.567795203,-1.091901707,-3.530750988,0.924935991,-0.056597428,-2.243550773,0.501304072,-0.400683901,0.699082526,0.537944372,-0.205517966,-0.817178591,-0.244717463,1.123904833,3.898008297,-0.023127538,0.146946754,-1.527284945,3.585687448,-1.965888711,0.669427113,-3.998286464,-0.34638305,0.105422515,0.804943684,0.139885036,-0.920711749,-1.395011075,1.40857837,0.623683718,0.563964289,0.777343634,0.620346109,0,Normal
3.328679687,-1.22710385,0.110171753,0.53482356,-0.305149474,-0.262944794,0.609696313,0.892495029,-3.99075017,-1.708949716,-1.110363057,0.046858391,-1.663695876,-2.071309111,0.392402439,0.773255896,0.636347727,0.071474388,0.065690029,-0.157768917,0.893023269,-1.148687936,-1.433197525,-0.863754191,0.500118059,5.104255776,0.106933664,-0.903072639,2.097165712,-0.098042551,-1.104993298,1.390498217,2.096909267,0.06951396,-4.103455857,1.228097024,-1.136735408,0.000350656,-0.772927992,0.492416591,0,Normal
4.670568942,1.104626716,0.030285133,0.153232245,0.677587643,1.308931219,-1.795245976,2.294379459,-3.901347525,0.630624684,1.362579684,0.935817635,-3.545237695,0.645470206,-0.572050866,0.514440784,0.795963801,1.580391489,2.368724012,1.099892163,0.521546737,-0.072058736,0.897670441,-2.466088153,1.218899501,5.023058318,0.07041236,0.212443385,-1.563287164,-1.546103029,-1.180529364,2.298193171,2.835662305,-1.323127334,-3.440940741,2.381111486,1.027586216,0.290019767,0.495087854,-0.485679473,0,Normal
1.50170528,-0.652498035,-0.098118231,-0.023980255,0.462008452,-0.178811428,-1.313031183,-1.37535799,-0.172027816,-0.116766841,-0.610312778,1.165767621,-0.145635997,-0.118280103,1.7000227,-0.91937478,0.890654394,0.690277796,-0.368362833,0.63159466,0.220132504,2.339137437,-2.650739963,1.403577309,1.080099059,-0.758803635,-0.240584562,0.063794336,-2.371619667,-2.338081328,0.110846228,2.342196785,1.786012871,-1.300626259,0.982585124,0.208776291,0.04695093,-0.632231706,1.043256134,1.186627214,0,Normal
-3.737466259,0.082248515,0.089107351,-1.885832569,1.000961175,-0.704234945,-0.620278335,1.277193491,5.236886944,0.859222718,-0.503296753,-1.449561488,3.675628865,-1.03806197,0.656550796,0.839274898,-0.001929652,1.203058353,-1.110000668,0.735314862,0.143955498,1.287379813,1.772258203,1.070087619,0.940831395,-4.416383385,1.998752315,-1.841418332,2.553385481,2.642658631,-0.589891462,-2.047182452,-1.83679187,-0.829764595,-0.857763014,-1.241117885,2.119011984,-0.161795923,1.874029027,0.189051239,0,Normal
0.199191235,-0.414636094,0.796895346,-0.50998929,-0.310818487,0.625422693,-0.69496905,0.062020684,-4.180676735,-1.597929238,0.242982902,-0.81604782,1.894744546,1.72466968,0.754487991,-1.761594427,1.804297608,-0.0347918,-1.607899935,0.919612973,0.394889773,-0.344769225,3.182320064,-0.383037996,2.846485873,1.983862843,-2.03548577,1.092309172,-1.900948554,-0.144960035,0.769372461,-1.901281944,2.259749955,0.580487373,0.215638553,2.26674421,-1.27019388,-0.016242192,-1.026110519,-0.58091722,0,Normal
4.81704439,-0.770165074,0.430407187,1.369688207,-0.834645255,-0.913867895,-1.5658169,-0.798220205,-1.491916685,1.484540328,0.12273736,1.063581074,-2.567092721,0.515352506,0.030034761,-0.525012497,-0.884876506,-0.020201718,0.459784421,-0.692494497,0.110609831,-0.697722706,-1.099589706,1.902120325,0.131843625,2.80153835,-1.468386824,1.009402202,2.050509591,-1.366307846,0.396725419,3.667482013,2.567841345,-0.299865066,-4.683641433,0.824207234,0.179013589,-0.716094807,0.33539232,1.01274909,0,Normal
3.710474188,-0.467680409,-0.185885309,1.005072047,0.456250727,-1.470580909,-0.08332303,1.444326822,-2.375807012,0.275199511,-0.882641731,-1.05239188,-3.458495815,0.892156866,0.417516738,0.99859913,0.020324444,-0.569334218,0.220722384,1.598062837,-1.599343997,0.362056995,-1.350805518,1.180328276,0.421731769,4.004704325,0.925828264,0.135101827,-1.066171612,-1.104300288,-0.608474303,2.077307867,1.444037892,0.331697683,-2.332208685,0.936947717,1.546739306,-1.446792412,1.353519584,-0.818725204,0,Normal
3.924366926,-2.041913551,0.302806739,-0.701620202,-1.778322613,0.531565984,0.751934249,2.128652342,-7.891843098,-2.478941968,-0.50938645,0.334863557,-4.538539925,-0.841789961,-0.717020505,-1.12983878,1.850342695,-1.292974052,-1.033063419,0.322229217,0.199438842,-0.380317215,0.100725536,0.11108187,0.309064552,5.832631901,-1.056180498,-1.140878485,-8.321935073,-4.164841177,-2.530372371,0.662911813,0.568546391,1.500090258,4.378237763,0.754190045,0.987028801,-1.558861932,0.596770377,-1.369258477,1,Intrusion
1.095894002,-0.850526662,-0.719098224,-0.045613277,0.14028695,0.364802914,0.789511788,-0.021920644,-5.64805478,-3.958262145,-0.487491656,-0.315987563,1.735631276,1.181365119,-0.336996798,-0.830968136,0.600071905,0.188541092,-0.909944943,-0.277236042,-0.394345903,2.193283808,4.536279453,-0.013623551,-0.393139803,3.960419966,-0.689774095,-0.748157486,-5.074192934,-1.227025585,-0.574357293,-1.424852643,2.396407385,2.321737014,-1.052403801,-1.42464749,0.506215232,0.307628843,-0.383828017,-1.3212707,0,Normal
-2.774638856,-0.68183506,-1.182115652,0.68705777,1.517878904,0.028992501,-1.757422791,0.364259478,-0.079936141,-0.479068027,0.766796267,0.296690211,1.963893796,-0.838838415,-1.329603136,-1.407191703,0.33289488,0.630363586,-0.278380665,0.953924854,-0.166281404,0.160136635,1.731604797,0.126518798,0.469278614,-2.155513264,1.240117512,-1.628973891,-1.653548609,-0.23976829,1.499356966,-1.238477855,0.534902044,-0.288194859,2.964246879,-0.488018067,1.019198376,0.3217695,-0.012750443,0.886154515,0,Normal
3.923939509,-0.610690596,1.615505254,-0.300004966,-0.70654879,0.653189646,-1.765583003,0.761807818,-2.410312515,-0.256882711,0.356903199,1.035040056,-2.173337278,-0.0024688,-0.242080187,-1.7375484,0.671049668,0.493616826,0.483522683,1.20946562,-1.512696449,-1.794284196,-2.140086334,0.363486338,-1.072284668,5.158430624,0.194445219,-0.736758356,4.373974994,1.336572257,-0.626067199,0.964423795,1.07815824,-0.862046764,-5.634150671,-2.448691363,-0.902085774,0.529945896,0.451692837,-0.528529402,0,Normal
-2.343688145,-0.502970429,-2.115063082,-1.574170258,2.022049722,0.074407503,0.012870439,0.96378753,3.828939302,1.985332531,-0.484905909,0.015013575,1.683252113,-0.139860955,0.218938212,0.809643734,-0.0088835,-0.903726494,2.998682174,-0.270981625,-0.235531969,4.688583623,-1.267175363,-0.256172402,-1.767138953,-3.6491011,0.859399243,-1.072658237,-1.899966748,0.158282528,-0.356631515,0.813670766,3.033690433,0.050413942,0.514480291,-2.271173277,-0.392129564,-1.400886727,-0.067854629,-1.735853382,0,Normal
-3.025093148,0.302625465,-0.041474137,-0.207208228,-0.904982928,-0.06462099,1.155495332,-0.548685834,0.303997611,-0.535399487,0.748068373,1.075125317,1.292627067,0.910815672,0.59158391,-0.941194337,1.610658712,-1.207752772,-0.221597361,-0.33659009,-0.420428142,2.077770936,1.584351472,-0.297451086,1.391700519,0.82064322,0.703455806,-0.113190755,-1.17062012,2.695850528,-0.706518404,-3.082953651,0.932750623,1.873961255,-0.30786779,-0.097082491,0.227841148,0.738145657,-2.00568414,0.787283622,0,Normal
-2.093101827,-2.79084898,-0.02464141,-3.51140721,-0.930762435,0.47208852,0.54221196,-0.052370407,2.77360649,-0.310919046,0.179496191,-0.581462766,3.391831265,-0.100263742,-0.122296269,0.296961422,0.726685005,-0.603404071,1.319476637,0.723325814,-3.02016739,2.802480004,1.995001956,1.706359338,0.857685679,-3.993207222,-0.236104221,-0.743857484,-1.825304223,-0.457379977,-0.792285529,-0.446489671,-0.389699731,-0.071304319,0.986105512,-3.200201164,-0.578319974,-0.505802541,-0.820742747,0.19327759,0,Normal
0.000203782,-1.595365961,0.122284479,1.481107366,-1.872400621,-0.650118409,-0.697825764,-0.657988661,-3.140175728,-1.464967874,1.14938983,-0.81597075,1.933548535,0.654901839,-0.326806178,-0.100352242,1.636627616,-0.171974669,0.214865336,0.828792581,1.182778362,0.004155505,1.87347784,-1.87485864,-0.370663324,0.560166883,0.021050878,-0.134071259,-1.935567024,-0.933157537,0.803328444,-0.876011427,2.025163954,0.759459052,1.129840646,-0.304180805,-0.168329621,-0.492160032,-0.093589803,-1.656445138,0,Normal
-0.002941634,-0.724563303,-0.228505722,-0.375112193,-0.389239887,-1.092646047,2.959344617,1.671681064,0.936726259,-2.116606309,-0.09809931,-1.409283751,3.899521134,0.289231838,0.729172333,0.447927938,2.135999509,-0.850101206,-0.602795828,0.014541067,-1.13942954,4.521518235,4.215972725,-1.708991332,-0.134853252,-0.50784494,-0.751027686,0.027790982,-2.529138468,0.271460149,0.319219362,-1.254307954,-0.065796891,0.163556654,-3.244537072,-0.849790006,-0.547040306,2.40087903,-0.097245732,0.948839854,0,Normal
-3.158758867,0.609423615,2.151334116,0.368292969,-1.458157241,-0.396708298,-0.185744399,1.022082709,2.053799488,-0.711272868,-0.220922498,0.770261636,2.768373587,0.52930741,-2.006484187,0.477865131,-0.614856353,-0.22694591,-0.952863129,1.728174729,0.683590456,1.370107586,2.816218713,-0.461043805,0.506281569,-2.580937833,0.750029156,1.361857274,-0.720743754,0.942001217,-0.437467429,-1.7707268,-1.004061564,-0.281535678,0.707009523,-0.481695336,1.32003214,1.609944436,-0.275866984,-0.337075056,0,Normal
-1.052150483,-1.006136045,1.309426919,-1.652515778,2.347508379,-0.529790792,0.728265902,1.09245078,-6.895676792,-2.374761664,-0.931399754,-1.361716322,-0.838680109,-0.491264265,-1.597458238,0.380754603,-0.377570365,-0.519246277,-0.252337406,0.522273622,-0.576176433,0.981036135,2.806807026,0.257469737,-0.577399477,4.901877221,-0.807368297,0.448970404,-6.110908632,-0.567802515,0.951115075,-2.023969385,4.524221599,-1.824874033,2.307807007,-0.335516546,-0.7082137,0.99752247,0.316990854,0.047143573,0,Normal
0.943110353,0.994768339,-1.40118783,0.249670829,0.617971719,0.356329053,-0.267475069,-1.350382858,-2.618955311,-2.314345637,-0.898481564,1.329278488,-0.999570069,2.447344574,2.397582364,1.001512384,-1.627237648,1.407718512,0.61455741,-1.014229881,-0.214311102,0.847669592,-0.089680438,-1.583423281,0.176208407,4.095233124,1.47376538,0.812293754,-0.195513251,0.469807331,-0.246415192,0.126387122,1.22620761,0.095504598,-2.876652148,-1.59485906,0.18086175,0.086212304,0.958335611,-0.009842261,0,Normal
1.732479773,-0.812767506,1.847597869,-0.302259967,0.619482465,0.197002509,-0.654283568,-0.714039861,-5.623749429,-0.249003522,-1.092135182,1.21268612,-1.469653389,1.219462372,1.096367804,-0.703857445,0.357132901,-0.225338326,0.317746936,2.201087954,2.595998099,0.379832108,1.917154996,-0.168378446,0.099163603,4.165053184,-0.13330965,-0.82142207,-5.322117141,-0.967170044,-0.54722215,-1.444320351,3.110403468,0.484289685,1.795069335,-1.085757473,-0.976794333,0.121583423,-0.05202899,-0.769856482,1,Intrusion
0.99920596,-0.155219697,-1.739307109,-0.044559815,1.197749667,0.197925357,-0.27441692,0.22725045,-4.248838151,-3.317145827,1.917287922,-0.310281549,2.453853116,0.698577951,0.952326046,-0.400930225,1.461463878,-1.399681972,-0.446152624,0.194599107,0.480259992,1.518581267,3.319164733,1.167446343,-1.024056574,2.823213351,0.40795549,0.42955547,-3.399019572,-0.287557301,1.100632603,-2.321169206,0.941193554,-0.483596859,-0.65721664,-0.752310994,-1.746401068,-0.466133862,-0.466538802,-0.905830703,0,Normal
-0.030551163,0.047600565,0.138256898,1.167530061,0.863997714,-0.403442039,1.380845769,1.623753558,-2.283241295,-1.049764211,-0.601955493,-1.088482971,2.154126332,-0.77222195,0.922810522,-1.118393178,0.352779716,-0.998576938,-0.443287819,1.034501394,-0.33122249,1.359207247,2.286623803,-1.660854989,-0.359509316,1.46638475,-0.412988658,0.611202111,-1.640915064,0.711806947,0.026799611,-1.983966304,2.151120669,-0.191071922,-0.887841259,-0.777390596,0.782075024,-1.307706437,-0.408901621,-0.864219965,0,Normal
-1.322040638,0.340326684,0.572654095,0.662180707,-1.062012122,0.866150381,0.61707473,-0.269459523,-3.871756763,-2.582036082,-1.333846806,1.306868992,0.409168567,-1.178728452,-1.534497627,0.094484615,0.012350711,-0.257746644,-0.494450686,0.404546285,0.096330216,2.189715095,1.317560594,2.150001686,0.257858479,0.91861191,0.205679488,-0.638109502,-6.335218187,-2.469720378,0.788345823,-0.026566846,2.791211295,0.177199584,3.771585977,-0.01980471,-0.55845622,-0.235277274,0.9942046,0.024689593,0,Normal
-2.137701192,0.25560647,-0.181452948,0.02597602,-0.4535944,1.351639352,-0.989187294,-0.74437169,1.055291832,-3.057134089,-1.403544897,-0.986810766,3.978754994,0.572212781,-1.210017244,0.638697607,-0.82655861,1.087257609,-0.52519721,-0.268878843,0.723994274,1.41588826,5.114933453,-0.753203306,-0.168799128,-0.476473921,0.464439127,-0.871287051,-0.10843435,2.007633957,-0.23904203,-3.468042068,-3.213780987,-1.504769455,-2.070420112,-0.347245147,0.583267497,1.207385358,1.631433246,1.168691574,0,Normal
0.363266789,1.768870478,0.704358706,-1.056526054,-0.712875119,1.212483948,-0.142206944,9.63E-05,-4.328124065,-0.362185312,-0.556891246,0.049404011,1.137468533,-0.161758522,-0.744503139,0.797638687,1.383377509,0.112189983,-0.158391393,-0.487596403,0.429058859,0.355930441,2.044490226,0.344178919,-0.674054944,3.073499885,-0.344903576,0.512536478,-1.779027541,0.832554819,0.321865186,-2.139543859,4.178292004,0.988072564,-0.537309848,-0.217697171,0.5265849,1.113537269,0.580884882,-0.92951968,0,Normal
1.440535089,-2.386774731,-1.61937148,-0.923949752,-1.12306147,-0.288428413,1.570228521,1.077776945,-3.735987919,-1.214277498,-0.681152747,-0.151998473,-1.967455186,0.626098566,-0.801959652,-1.033030873,1.347695885,-0.102569264,-2.021060253,0.209677723,-0.452531706,1.532685704,0.411532676,0.278002258,-0.389908989,4.170871873,0.782878725,0.076184823,-5.020029885,-0.331447434,-0.862627842,-1.514892757,0.594646457,-0.948837653,1.196718437,-1.023761504,1.195116935,-0.158023743,1.369566349,0.875905309,1,Intrusion
0.67811811,-0.631016102,0.090909918,0.049950916,-0.22325873,-1.184082843,0.198904238,-0.896685144,-5.882233857,-4.943271006,1.060147444,1.135496786,-1.256829427,-0.680480564,-0.072780279,0.46229826,0.506749516,-0.5650488,2.187083136,0.124784881,-1.040647396,1.623559457,1.185107102,-0.331420457,-1.648292082,5.419288331,0.55815894,2.053925985,-3.017836052,-2.11070064,-0.452507705,2.13814554,3.831358327,-0.230930708,-2.348727559,0.088925348,2.206573888,0.320522812,0.691990013,-1.58356582,0,Normal
-2.135798478,-0.377017433,1.030666528,-0.649019729,-0.979068639,-0.551567571,0.80823344,0.221509143,-2.13004773,-3.874698813,-0.756232109,0.56577722,-1.607354335,-0.470234886,-2.471314839,0.496901524,-0.325758337,0.061325902,-0.400518833,-1.304594675,-0.144752261,3.024728192,-1.367084406,-1.185109925,-0.740732353,2.861428497,0.262063501,-0.199241036,-3.951457295,-0.720382971,-0.005191905,0.615425384,1.255737979,0.183655664,0.967103305,-0.737505648,0.472698233,1.22225651,-1.619608715,-0.714985174,1,Intrusion
3.40978132,-1.747057953,0.271775145,0.520575467,0.485897689,0.179376095,0.095579681,-1.019202786,-7.407737458,-3.61113101,0.531622724,0.713898312,0.025557018,-0.519952952,-1.272340044,0.556785621,1.720185551,0.496555897,-0.948165174,0.575783952,-1.666652066,3.391039971,3.545727402,-0.334824671,-0.84330523,5.130886989,-2.18E-05,-0.747963928,-9.195791916,-3.175547657,1.723840737,-0.769149586,2.822008379,1.837000575,0.974210594,0.3514682,-0.224722941,0.05730255,1.104348725,0.963728115,1,Intrusion
-1.569272329,0.645355348,-1.304125556,0.762379538,0.264703333,-0.872753657,0.998913529,3.257539822,-2.15349501,0.801561503,-0.869280168,-1.252057519,0.421207683,-0.150516906,0.03316287,0.144408098,0.048941388,0.131039531,0.074432194,0.704182123,1.80358122,1.212319736,1.402511766,1.206057492,-1.435100699,0.870235592,2.39175785,1.454574884,-2.53506492,0.339510383,-0.83324211,-0.970515952,4.578131778,-0.920923686,1.072671111,-0.375222257,0.651145781,0.415063679,-0.836829127,-0.352249572,0,Normal
0.778674756,0.147480649,-1.38502336,0.065225664,0.680137802,-0.487958685,0.502991104,1.044574046,-5.946338123,-4.699197756,0.576007861,-0.735622792,-1.718077609,1.869441538,-0.600673644,-0.583437867,0.262302753,-2.63759852,-0.026983301,0.725977408,1.488851575,1.188142835,2.270615911,1.020531657,-1.318793786,6.281119371,0.878137693,-0.644403914,-2.908762481,-1.286535955,-0.165946123,1.180995363,2.966214051,-1.617394951,-2.916800436,0.394132706,0.098861642,0.27236046,-1.064845432,-0.367875495,0,Normal
1.4943609,0.383526529,0.009809412,-0.277638875,0.113090244,-0.980968841,0.217329736,0.223747633,-4.722699451,-1.811667949,1.118556887,0.458211311,-2.860460203,0.001166358,-1.684190101,0.755096469,-1.70083148,0.076076164,-0.550209343,1.183045221,0.20105426,1.628257959,1.637022331,0.176257903,0.892060759,4.563120023,-0.880189148,1.015870121,-7.359159149,-1.550398091,0.095929775,-1.165101535,0.155316778,-1.719045483,2.480666143,-0.247612631,1.724098156,0.717414015,-1.167405012,-0.426235964,1,Intrusion
-0.866322145,0.487252963,-0.424568265,0.104506211,-0.459034712,2.471219161,-0.385243978,-0.93320828,0.007563678,-0.668520205,-2.008196561,0.019839836,2.744140839,-2.457133233,0.338049862,-0.247964639,0.197464722,0.356282281,0.594861233,-0.700957228,-0.738078065,1.953739764,3.539151551,1.152399864,-0.92710312,-0.453308624,-1.915336336,1.724801292,-1.078297899,0.576080732,0.392939707,-1.221951871,1.296544346,-1.191191093,-1.701679862,0.140883233,-0.075516766,0.327082351,-2.159849126,-0.694425482,0,Normal
-4.28273592,0.62917249,-1.905752475,-0.510045688,-0.053863081,-0.028786047,-0.714934987,0.199400164,6.74310012,-0.622978722,-1.123339525,-0.641774848,-0.027111152,2.002711852,-0.146596446,-0.153096164,-0.188965966,0.604776381,-0.706052269,0.354890797,0.506251461,4.950260636,0.410511285,0.423021321,2.033119437,-4.491726696,-1.554924278,0.706538233,-2.091313184,-0.574772844,-1.519619434,2.293017574,-2.352359937,0.122095932,-0.00408053,-1.78818303,-0.240375881,-1.639932621,0.629308228,0.167654076,1,Intrusion
2.81449089,-1.073715162,-0.342264761,-0.172178123,-0.197039566,0.076069066,0.524481344,1.552670939,-3.361516754,-1.563956657,1.225916834,-0.310533878,-3.756888999,0.406193688,-0.139194379,0.34899706,1.215654272,0.167873549,1.609667289,-0.84642012,-1.371131037,1.397286144,-2.314292209,-1.611179163,-0.80546408,5.484081208,0.356181771,-0.086182318,-2.527768311,-0.663171899,-0.770677999,1.107398936,1.062727288,0.675430584,-1.52802964,1.074972742,1.004663811,1.925980415,1.711581843,-0.047680038,0,Normal
-1.528982003,0.669488068,0.649754052,0.008190708,0.449120568,0.599520105,0.477644457,0.658593268,-3.482215943,-3.660975243,0.491990421,-1.335154214,1.514518394,1.106267805,-0.273210422,-0.483173987,0.727856455,-0.74992481,-0.867067503,1.239364815,0.707475573,2.219237054,4.872584678,1.49404245,0.314141553,1.740573655,-0.944379487,-0.180170916,-5.575853758,-1.130452601,0.53876805,-1.57218991,0.870536938,-0.235123878,1.112300715,-0.719018341,1.358150059,1.061078106,0.129439289,-0.055778317,0,Normal
-2.200640046,0.115868076,0.300272507,-0.001814249,-0.896906829,-0.426752059,2.161590468,-1.700051567,1.058622711,-1.492454169,0.425097231,0.619694636,2.749647549,-0.999497555,0.00181612,0.335900813,1.29529701,-0.380756398,-0.225411809,-0.154249042,0.415032164,3.11819852,4.4349311,-0.771625904,0.584755172,-0.879398395,-2.119047223,1.282552879,-2.22041257,0.702930747,-0.80041187,-1.461700197,0.15163626,-0.771776839,-1.493830764,-0.514818913,1.86411705,-0.341732064,-0.857362911,-1.177736655,0,Normal
2.054648146,-1.10388467,0.317735986,0.610979551,2.264832749,-1.386770247,-1.519695633,0.630399931,-1.079735481,-0.6686358,0.02303511,-0.016519226,-3.205831618,-0.304833638,0.230182676,-0.004865219,-0.039435807,0.815738207,-0.087604976,-0.825321066,-0.348147983,2.04506958,-1.339587156,2.787346564,0.181386762,3.54661098,0.096676192,-1.549140749,-1.807171323,-0.691566689,-0.418495144,1.960447249,0.935769312,-0.381150806,-2.436661763,-1.29265967,1.53388901,-0.95326827,0.079281294,-0.639673421,0,Normal
-1.251279115,0.930749321,-0.875826894,-0.0804273,-1.164755918,0.974281125,0.563813072,-0.850856499,-3.91257296,-1.373467486,-0.956013218,1.454388654,0.391151939,0.988278437,-0.192418696,1.632967049,-0.464898145,0.793495581,0.309841956,0.051275792,0.446770151,1.092338606,2.464629539,0.24510296,1.518048745,2.817453541,-0.865899446,-0.489577413,-3.487319145,0.382658593,1.654830887,-1.936510444,3.275400699,0.544106773,0.784344462,-0.467330348,0.380600574,-0.532991305,0.084875107,-0.255323652,0,Normal
1.009863986,-0.480591348,-1.253858242,1.75162006,1.730383112,-0.928628522,1.836868876,0.599223607,1.218445869,-0.637048697,0.123231713,0.800714556,-1.405127617,-0.647563103,-0.455308394,-0.566169392,-1.694413069,0.950358205,-0.216845636,-0.796002845,0.806119473,1.35704799,-5.097249777,-1.562898707,0.324191509,3.033686126,0.465762572,0.227598125,2.136944526,3.131827271,-0.617146712,-1.711211387,-2.127208195,-1.420135518,-2.284722631,0.142375808,-2.823464769,-0.558541894,0.913270794,0.310542451,0,Normal
0.097501667,0.627447171,0.182974223,-1.797418288,-0.560339303,-0.279945354,-1.087165721,-0.601090425,-8.283563453,-2.317870378,0.568494745,-0.318985566,-0.527233855,0.556474263,-1.609169046,-0.460827384,1.782416214,0.998470496,0.013354864,-0.204482881,-0.096905974,-1.065276257,1.38181716,0.533252194,-2.636605342,4.213123152,-1.543083525,0.680934513,-5.295433736,-1.907918314,-1.104130719,-1.308515382,4.755980607,0.130097395,4.092794093,0.739706989,0.649689246,0.827759928,-0.733407519,-0.762616763,0,Normal
0.317010279,0.531899539,2.144877068,-0.781559697,0.800112819,0.765891628,0.775068108,1.401047577,-5.549546548,-2.195048128,-1.000622401,1.150401268,-2.777116349,0.90789415,0.02379576,-0.584605449,-1.268896041,0.152645459,0.148481158,0.225247921,0.287799506,1.38273217,2.344795422,-0.17553819,-0.789013947,7.464574634,1.087628449,1.269786899,-5.209437913,1.697186114,-0.328587835,-3.553409809,1.118695915,0.00250188,-0.316183132,1.325308108,0.021350178,-0.263109473,0.516045747,-0.699045254,1,Intrusion
-2.696311524,-0.224139928,-0.758543591,-0.174764757,0.145020038,-0.980169849,-0.087001091,0.007357332,-0.49932787,-0.028229379,0.797303812,1.334138549,1.441500465,1.491971254,1.040582818,0.895174958,0.139013916,0.266704677,1.374340276,-1.836193803,-1.2500855,1.031624709,3.967906762,0.559980321,0.220781813,0.954377159,-0.687191274,0.650573871,-0.944687887,2.397682901,0.999916923,-2.954523008,1.601114233,0.661070958,-0.990781033,-0.371485075,-0.526381948,-0.968866924,-0.893130487,-1.512689393,0,Normal
-1.228208536,1.321447452,1.516064001,0.538102121,0.112833197,1.451269491,1.281044168,-2.55158417,2.827091078,-2.140999984,-1.434012954,1.190157308,-2.324958074,1.06106666,0.689885921,0.826593468,-1.553778429,0.647005899,0.417972031,0.708118784,0.991894675,3.304245032,-0.48696993,-0.213685306,0.669203557,1.268533976,-0.210346623,-1.439737396,-2.825581334,0.948908782,0.434947165,-0.709205653,-5.000056687,-0.270365574,-0.406760097,0.019860097,-0.069153745,0.931363448,0.991439432,0.756983068,1,Intrusion
1.668554974,0.651275998,-0.174344267,-0.424966919,-2.34755165,-1.853095258,-0.404347894,-1.157290693,-2.914978686,-2.582025025,0.445261837,0.436496194,-4.819967163,-0.604607875,0.62368795,2.415667852,-0.451350828,1.243520162,0.759625488,-1.361213419,0.584261199,3.288516705,1.017981594,0.755809194,-0.247094614,4.878431696,1.124565279,-1.43194426,-6.495373012,-2.726283236,0.233382012,2.726147494,0.565664368,0.144628775,-0.922210293,0.451498827,-0.754453004,-0.563706639,-1.305933807,0.77442585,0,Normal
-0.907529234,1.231870344,0.418366278,-0.773824498,1.728175957,-0.455250564,0.233019896,1.418230357,-0.595154864,-2.390848448,-0.694625676,-1.07814607,0.567970656,-2.0511738,0.671207428,-0.676653574,1.349823253,0.020426461,0.777791856,0.202545862,-1.855687079,2.732544458,-3.670353911,0.76759605,-0.607179147,1.109287921,-0.680548969,0.122097291,-1.312845467,0.381705783,0.593010044,-0.385977005,0.949872951,-0.404587237,0.6251527,1.325652417,-0.088376673,-0.300829643,0.146251103,-0.030030418,0,Normal
0.383609877,1.284427931,-0.082533127,-0.209636968,-0.89718605,2.356060022,0.594993011,2.173503016,-0.091821186,-0.250666849,0.512490309,0.650348871,-0.62708195,2.280010628,-0.564651675,0.687944414,-0.114970563,0.253140834,1.68723975,0.090105449,-0.188080502,3.15965958,-0.599861397,-0.559477505,0.107211772,1.857941424,-0.472537002,0.258939755,-3.739489217,1.050889249,0.488454786,-2.08357983,-0.611647446,-0.266545086,0.468321507,-2.300794697,1.10008162,1.094590106,-1.051766249,1.074343606,1,Intrusion
-0.909341023,0.458792598,1.546193428,-0.267205844,0.840800626,0.785233717,0.242652922,0.169712718,-0.109787728,-3.580193147,0.86594152,-0.282880866,2.856891837,-0.711171163,0.71741396,0.273687925,-1.222295112,-0.740305635,0.997133851,-0.130289987,0.538267458,4.533952993,2.640498875,-0.870644692,0.619193284,-0.519507902,-0.258588534,-0.712706269,-4.515872195,-1.209462709,0.559332483,-0.450833176,-0.35292722,0.02775929,-0.314570509,1.983590516,-0.001040467,-0.015680314,0.085372247,-1.085826248,0,Normal
-1.60788092,-1.625388745,-0.646307596,-0.978558873,-0.144693285,-0.127532278,0.563276646,-2.872479749,-2.988902939,-0.455313436,-1.087479264,0.653693164,0.282609028,0.910970861,0.391507078,1.477594597,-0.401077224,1.409616344,-0.382994519,1.342712215,0.062446861,1.480265644,1.504861626,-2.290460549,0.411498529,1.624728957,1.073294991,0.635351281,-3.748517664,0.077150864,-0.53203873,-1.425352857,3.742600404,-1.763460631,1.747028582,-0.753061923,-0.173640616,2.058147185,-0.210682118,0.069855661,0,Normal
-3.14932297,-1.196891781,0.397553525,-0.148421244,-0.176796491,-1.62281198,0.665616734,0.725836274,-0.963319514,0.540654584,1.612462717,0.658356181,-0.211865044,1.084063546,-0.014708112,0.036324165,0.835407305,-0.975754252,-1.143573307,-0.021334422,0.588354627,1.765237631,-1.506562711,1.388994648,0.175679698,-1.364191287,1.781436698,-2.982981878,-3.99666581,-1.095891533,1.007809876,0.25331137,4.01477282,-0.420149253,4.844848837,0.315185405,-1.2591137,-0.797056568,-0.232671889,-2.309689781,0,Normal
3.330989636,2.404886716,0.165994178,1.245164886,-0.689625172,0.343842186,-1.100691914,-0.456543807,-1.171084402,0.754871224,0.489137753,0.30047089,-0.756085297,-0.659828512,0.146345962,-1.393099713,0.271305453,-0.451658614,-0.079345616,0.465465939,-0.466590057,-0.177836688,-2.370806661,-0.496353964,-0.233411573,2.004888298,0.537368521,-0.034244875,1.68113599,-0.05160627,0.375460975,1.119817742,1.562959942,0.880206197,-2.556995301,-0.780214678,-0.526727834,-0.068964364,0.592959037,0.169629639,0,Normal
-2.135306227,0.233338288,1.198216957,1.138283922,1.083676994,1.960064725,-0.249654925,1.578760557,-0.827809493,1.159353174,-1.294723841,-0.344559528,0.201901978,-0.336009629,-0.786012704,-0.46875329,2.716389663,-0.53285634,0.336836846,-0.778097323,-0.417219621,2.506259794,-1.05405001,-1.421063241,-0.709286654,-0.729667967,1.978802211,0.251379618,-3.590264656,-0.441963101,1.10786783,-0.036217137,4.741482358,0.132785549,2.937500978,-1.724548248,-1.834723796,0.659817671,-1.429728796,0.383950065,0,Normal
-1.710652019,-0.978469694,0.302358784,-0.421072047,0.351304529,-1.120379103,1.685802331,0.023638608,-2.872995017,-0.628977133,1.068079097,-0.72497481,1.050735288,0.619103867,-0.853247301,-1.635316652,1.691811491,0.554466799,0.648222728,-0.792691273,1.076565552,-0.601925532,2.157951556,-2.612989981,0.154872749,1.966788495,0.572615859,0.308302371,-0.782578611,1.66216366,1.034466517,-2.90211067,2.125021275,-0.907512671,0.618097942,-0.036787024,-1.018311904,-0.358156303,0.882027262,-0.672985343,0,Normal
1.510753274,-1.466354712,-0.863029586,0.483462262,-0.025148024,-0.976239676,-0.288686268,-0.252640626,-1.343718191,-1.840685226,1.630845221,0.734882107,-3.394624212,1.746238292,-0.003854206,0.806733711,0.681426598,-0.975698989,-0.722645287,1.051354387,-0.384456247,3.658414677,0.370423823,-0.487399315,1.034113333,3.417278802,-0.737272725,-1.107691632,-5.1268308,-1.961581186,-0.598189634,2.257576862,0.415766323,-2.38051116,-1.381908679,-1.650812322,-0.76795432,-0.161075028,-1.556633658,-0.825314633,0,Normal
-0.518731122,-1.037137551,-0.239402233,1.375488569,-1.034784862,1.524296226,-0.591897332,-1.39441447,-2.556688721,-3.617570894,0.261000343,-0.140580958,1.775406338,-1.581055994,-0.163648506,0.44285747,-1.596833329,-0.69550491,-1.298765803,-0.63920207,0.474491176,3.898700026,1.780796495,0.803182084,-0.29707715,-0.133104492,-2.041428033,0.521918602,-6.950812743,-3.114348056,-0.930449071,0.369615768,1.247014636,-0.767880382,2.734389519,0.80053023,-0.365862765,-1.380342577,-1.472931452,1.613013665,0,Normal
-0.900753614,-1.197515292,-0.122143312,-0.184683155,0.046076052,-1.068679494,-0.359975093,0.303090526,-0.6491199,0.076104414,-0.648810654,-2.809732619,2.150124732,1.930505732,-0.688005409,0.055748693,-0.70978683,-0.958321227,0.695131438,-0.502328196,0.606797811,1.617640207,3.014417499,0.040523721,-1.034185056,0.538650605,0.962138456,-0.413382466,-0.623720644,1.317480685,-0.194775444,-1.593847996,2.610484717,1.398525524,-1.965625155,0.385170364,-0.608961733,0.158893365,0.575435276,0.681911668,0,Normal
-2.315551019,0.001408812,0.849823101,-0.014032103,1.193340939,-0.810052906,-0.635669787,-0.979378033,-0.338701011,0.767804918,-0.671312116,-0.973821761,1.018570573,-1.816608689,0.024371441,-0.078070641,-0.664938261,-0.565051809,-0.185454957,0.891518109,-1.99489308,2.165812557,2.418990055,-1.651924325,-1.387024056,-0.440701837,0.466757049,2.453534794,-2.689427669,0.432462827,0.240519088,-0.884416176,3.474323917,-0.256454635,0.607921312,-0.58434819,-0.228263799,-2.271443127,-1.833938735,0.93654293,0,Normal
1.860723445,2.760558286,-0.613406938,-0.27800878,1.002760331,0.819681718,-2.339781458,0.405241667,-3.38764286,-2.846641774,0.363468766,-1.016624876,-3.418092777,-0.125780825,-0.343224028,-1.348505868,-0.969721486,0.330855272,0.263154705,1.269764871,0.004631105,2.498344711,1.937804422,0.372554179,-0.295595634,5.126546883,-0.469337997,-2.220112424,-4.352620209,-2.002473993,-0.20829914,2.36099088,1.336922719,0.439342688,-2.806071553,0.073341687,0.201120794,0.834415652,0.408126531,-0.246828947,0,Normal
0.069840077,0.463012277,-1.145332775,-0.174492571,-0.277027729,0.92155496,0.579970926,0.673300635,-5.045651657,-4.116992702,1.608660716,0.488303991,-2.233267812,-1.351534325,1.174734261,-0.663188828,-1.006616402,-0.715472387,0.015894288,-0.054812552,-0.596238372,2.109615537,3.013790852,0.163366336,0.328630555,5.694283658,-0.702537484,2.490522977,-4.303221501,-1.446447376,-0.333130854,1.31494486,2.894438445,-1.236091774,-2.376525524,-0.498404949,0.760675194,0.045239839,0.110382307,-2.265324061,0,Normal
2.366670857,-1.161826939,-1.424360377,1.392099924,0.018355857,0.986769596,0.14657562,-1.932096004,0.334571248,-0.20451817,-1.351999968,1.085956527,-1.971368479,0.741047761,-0.756303523,0.71278216,-0.239123444,0.689044144,1.513037581,0.635056818,1.220384653,0.630960192,-4.52232439,1.188749201,-0.265296321,2.298372793,0.36322821,0.504607687,1.214152211,0.776068932,-0.285034253,0.405418762,-1.310321447,-0.292657591,-1.525507866,0.912325218,-0.246776099,1.34500374,-0.040798426,-0.126867896,0,Normal
-1.531112276,-0.438217531,0.174372057,0.318661963,0.902965354,0.16712009,1.07455378,0.71449624,-2.064553586,-4.064343508,-0.258765962,0.472175931,2.845784661,-0.097675454,0.044021855,2.381569652,1.035376353,-1.461382317,0.06260731,0.199020022,0.427286521,-0.09337382,-5.087717611,-0.041127948,0.264756767,2.735221383,0.767526231,-0.303164902,4.248884648,3.38129667,-1.136528128,-2.951561474,0.759226742,-2.009381788,-1.329052819,-1.344213459,-0.276108816,0.257205716,1.131607684,1.900844343,0,Normal
-2.178740574,0.817631917,-0.929499255,0.603035054,0.414680365,0.692991166,-1.466449696,0.203892882,1.105166924,-0.890850387,0.369698831,0.913134977,2.542214032,0.529284574,-0.516018567,-0.331841892,0.652056592,0.57349244,0.18998316,0.784261726,-0.122929169,2.901468512,1.524374141,0.345850586,-1.142521226,-1.526141446,-1.446724342,-1.253600808,-2.335120658,0.599637215,-0.044212066,-1.645279349,0.315973955,-0.338369432,0.742936754,1.710852776,-0.474056803,0.096686944,0.652784385,-0.001424665,0,Normal
1.187434411,-1.008559469,1.883357591,-1.125522907,-0.1431691,0.787244936,0.937226833,-1.643353224,-4.48801738,-3.779244329,-0.072915859,1.400179224,-3.668957996,-0.50889544,1.019300446,1.012934157,3.413525979,-0.211153075,-1.433287071,-0.739279947,-1.713898886,1.99506562,2.942246236,-1.349688607,-1.357458265,6.669194954,0.004986504,-0.527433737,-3.738034653,-1.295246054,-0.673874296,1.935423305,1.823777438,0.258331642,-3.914398557,-0.835698607,0.406487511,0.414888879,0.108336861,0.605176055,0,Normal
-3.066221919,-0.118574344,-0.61532714,2.583177267,0.627069743,-0.638016089,1.567243022,0.361739529,3.414274795,-0.417838794,-0.055184563,-0.115911297,2.634387113,-0.335571424,1.369535658,-0.73651791,-0.199913167,1.149418212,0.355314972,0.813220996,0.770811067,3.864328012,0.26293573,1.506174634,1.760623987,-2.982965622,1.473227369,-0.238303737,-1.768126095,1.014868216,0.245062056,-1.311711648,-0.434021605,-1.048575211,0.784599491,1.311691246,0.096776045,-0.852476623,1.578477829,0.760486637,0,Normal
0.154617294,0.063159071,-0.196959356,-1.588373732,-1.369044768,1.602916288,-2.837043264,-1.566320994,-1.084509929,-1.562522168,0.454479279,-1.058937844,-1.299665842,-0.421060624,0.444641447,1.896364524,1.97871814,0.051459917,0.277703611,-0.484233911,0.678423342,3.654159591,-0.830588432,-1.361452238,-0.447350545,0.677440152,1.601973538,-0.298086756,-5.137163944,-2.677850751,-1.049969773,2.345392971,1.964858545,-1.841840366,1.210454918,0.396625362,0.03452285,-0.247590227,0.255907476,0.646739185,0,Normal
-1.555676732,-0.918595201,-0.966935936,0.270313581,0.931771943,-1.343142897,0.133861422,0.457963909,-0.35373698,-3.269538657,0.832964129,-0.303263001,3.342570264,-0.25908349,0.829808662,0.793853359,1.945081997,0.110571827,-0.395543382,0.751596468,-1.207207908,0.174334518,2.467133918,1.243653101,-1.737787225,-0.484021153,0.302511529,-0.79070192,-0.207475516,0.877703364,1.138161093,-2.791710907,-2.813015407,-1.526019397,0.3219116,-0.940601037,-0.122732727,0.803261811,2.634551908,-0.43549132,0,Normal
0.218712663,0.220173787,1.837238228,-0.062650435,0.024739277,-0.629963682,-0.884344134,0.78722733,-2.207063489,-2.816572686,-1.709070515,-0.151485665,-0.187975176,1.121518847,-0.087044327,-0.22722648,-1.269767983,1.835927639,-0.646197173,0.056465088,-0.616976732,3.257569986,-2.859354024,1.749950435,0.665213942,1.248790329,-0.642081727,-2.900910369,-4.015780007,-2.174835008,0.743924129,1.548593345,2.228598568,0.84084552,1.563092947,-0.636034051,0.698849565,-0.32429346,-1.262580211,0.922884841,0,Normal
4.76260032,0.679186164,-0.296153357,0.446941245,0.087122585,-0.76935868,0.680525961,-0.786994356,-1.518997447,0.926125584,-0.627825137,-0.52507363,-3.161407228,-0.457157313,0.394326339,-0.143843224,-1.90917927,-0.266953668,0.642815922,1.463384566,-0.909767237,0.09109793,0.106748319,-0.208049912,-0.229156131,3.611960922,-0.019995819,1.191823019,0.235583955,-1.204502833,-0.866141593,2.839982866,1.150488778,0.833184412,-4.50700329,0.840705077,-0.51739129,-0.146269954,-2.110327055,-0.415379839,0,Normal
-1.576412884,-0.39872942,-0.189950039,0.74518605,-1.10885052,-1.968140454,0.719028899,0.16424631,1.912602239,-1.40389367,1.368100192,0.461497686,3.372056185,-0.234684857,0.063373163,0.660555296,2.279526508,-0.598208917,-0.877869327,-0.923959478,0.827413571,3.771334215,2.413057557,-0.162917415,-0.498309353,-1.757042694,0.06947877,0.71479291,-2.026949969,0.600249279,-0.712677871,-1.433035086,-0.423732345,-0.920833618,-0.976167779,-1.313847523,0.416519922,-0.415792556,0.106467868,1.462250287,0,Normal
3.026466703,1.011365026,-1.517187931,-0.701101382,0.08042226,-0.480525657,1.620973236,-0.59163542,-2.755053639,-1.039294843,-1.169274943,0.861755999,-3.534001165,1.539540766,-0.390953252,0.364270296,-0.79178185,-1.200153497,1.231283206,-0.105518803,0.461741964,0.3278754,-0.262995055,-0.450427278,1.480802183,6.239493622,0.534230232,-0.482490312,0.293558169,0.835340799,-0.08894017,0.710567623,0.766256626,0.329634516,-4.83256955,-0.162126586,0.26565254,0.396593806,0.643453373,-0.887881802,0,Normal
0.110424488,0.573514982,-0.744537019,-0.180368575,-1.178756702,0.047570874,-1.328484953,2.199891373,-2.897084724,-3.121171663,0.715554053,-0.781624413,-1.485372474,1.549668822,0.074570279,-0.344370408,0.122430142,-0.146036931,1.254237288,-0.264789194,-0.070773929,5.12806197,2.226243922,0.533207535,0.310008908,0.269349297,-0.277851985,-0.293608489,-10.01292729,-6.050253538,-1.422324917,4.248735577,3.026096314,-0.605239413,2.925160377,1.267231544,0.300223817,-0.502977089,0.702810888,-0.819287863,0,Normal
2.171697217,0.286968844,-0.391944435,-0.08844745,-0.184718776,0.902889816,-0.380977422,-0.500445852,-0.699350653,0.607240566,1.085046256,-0.781255719,0.360279041,0.23156573,0.574721813,-0.697158086,-0.614264728,-0.059139457,1.9487613,-1.186953786,1.328985411,0.349460422,-2.500468046,0.224287816,1.086579583,0.118732716,-0.627456203,0.715093662,1.198091691,-0.936064317,-0.442759033,1.846652782,2.582115414,2.212529178,-1.28546223,-0.521302725,-0.688342088,-0.216232568,0.438487617,0.005845254,0,Normal
-3.593739711,0.196901696,0.379451785,0.426934044,-0.300390693,0.443921391,0.352174682,1.230479949,3.73023787,2.499701539,-0.374785978,-2.399258038,1.666952631,-1.863270189,0.116305772,-0.064954245,-0.851836991,-0.247436155,-0.672055933,-0.55813029,-0.675411797,3.180604543,2.231306839,0.06895876,0.023697222,-2.165585383,-2.500876763,0.127491531,0.159940972,2.629414361,-1.978786897,-1.160034266,2.801274711,-0.571879673,-1.918992049,-0.700713594,-0.306838804,0.306137016,1.25081599,2.12035771,0,Normal
-4.109195005,-1.294571499,0.883819723,0.12928218,0.154823144,0.565470739,1.042357944,-0.513746128,0.748166138,0.207559605,-1.317430255,1.590819246,-0.105570129,1.429105482,-0.336801317,0.842813959,0.742621455,0.410705294,0.029106043,0.587820484,1.200066487,3.902160197,-0.130018455,-1.171159853,0.557817358,-1.159183099,0.537805144,0.456454524,-4.883680343,0.033015858,-2.018133532,-0.518704805,3.011939428,0.068520628,3.27771015,-0.346827207,-0.17617224,-0.784232578,-0.918001428,0.643086485,0,Normal
-0.656972788,-0.144311402,-0.272286088,-2.326017689,0.509098413,1.050081858,0.972733393,-0.457992858,-0.545247,1.048607119,1.567199614,-0.767318006,-1.605025851,0.61387403,0.211096196,-0.573589696,-0.068419783,-0.347261303,2.256776003,1.779830714,1.091689639,2.941139464,-0.715555947,-1.284697529,-0.214150994,3.449965429,-1.087365791,0.676940076,-3.364505035,3.083539485,0.289310758,-3.663282683,0.883366444,-0.807743551,0.210356193,-0.137360005,-0.295855909,-0.246962938,0.366443892,0.033857677,1,Intrusion
2.898863639,-0.225880769,-2.11192876,0.116182293,1.45078073,0.406117726,-0.614526386,-0.365830095,-4.95907445,-1.946841762,-0.124092203,0.805630252,-2.842564772,-0.19125046,-1.146070133,1.212029702,0.420246196,-0.555156377,-1.010650092,-0.536549695,0.359228488,-0.506254861,-0.207566036,-0.732017975,0.833838545,5.79566652,0.146641221,-0.871518142,-0.587264134,-0.978692317,-0.480275916,1.68748706,2.625020623,0.044932331,-2.988983754,-3.67460634,0.255047403,-0.199699732,-1.00906183,0.446056874,0,Normal
0.110089335,-1.119289608,0.039567993,0.228057046,1.952380321,-0.370802493,0.088179072,1.074725684,-0.03665085,-1.022275282,0.648445945,1.145293861,1.133884687,0.660433053,-0.401996862,2.29290433,-0.862939176,-0.214158062,0.372982273,2.349479588,0.248249467,1.437471126,-3.582504035,0.56511736,-3.141550236,0.448778481,-0.022192055,-0.740906932,0.970877468,0.790726256,0.149072597,-0.296435552,1.052570126,-0.728183728,-0.497679246,-0.445627268,-0.097019528,0.149134274,0.419686504,-0.577123665,0,Normal
1.034094104,0.447936786,-0.449416964,-1.240810224,-0.008700608,-0.704773699,-0.553892958,-0.49262668,-3.327977218,-2.604454929,-1.947018022,0.036976693,-1.074451327,-0.521556318,-0.875977516,-1.872660162,1.092133702,1.288061903,0.548124852,1.12325085,1.069425158,-0.457548683,-3.312806413,-1.177560314,0.151397273,5.448163641,0.285125905,-0.69704498,3.074660993,1.958903062,-0.704596007,-0.294820199,2.019483831,1.413305364,-3.761315579,-0.82450937,1.125821982,-0.185167171,0.845334458,-0.466061923,0,Normal
0.009344228,-1.041386366,0.227165265,-1.079565289,-0.968972031,1.524833036,1.081495908,-1.882293203,-6.970650827,-1.636588651,0.120445908,1.543267721,-0.461947737,-2.208599416,2.000864348,-1.508711047,-1.390121436,-0.293272515,0.259939258,0.150596005,1.071114761,0.448417351,3.33397222,0.861803421,1.246682553,4.601652006,1.154463729,0.653135082,-4.747352961,-1.034614145,0.788979306,-0.874725153,5.757070801,-0.674798761,0.739947061,-1.095607796,0.343828859,1.122971948,0.309298619,-0.494983109,0,Normal
2.960488042,1.550217906,0.045037223,-1.850965139,0.59752283,0.132877458,-0.986794146,0.201446024,0.712174857,1.335033727,0.081961769,1.565458974,-4.030238442,-0.724154893,0.294765705,1.307787963,1.161412544,0.310524152,-0.974374499,-0.48956786,-0.041539172,3.12735959,-1.62401117,0.200974355,-0.042270494,1.494204391,0.870486646,0.734767225,-4.188698238,-2.093101346,-2.126830132,2.876649712,0.104312455,-0.790752102,-0.531737202,0.578731341,0.386545572,0.844630816,-0.093374563,0.88733613,0,Normal
1.165990355,-0.054186045,-1.194150814,0.264344584,0.666576975,0.613349537,0.400416256,-0.078835626,-4.653730666,-1.611858162,-1.182676862,0.25035395,2.067783241,-1.12971003,0.914968729,-0.161925601,1.68145535,0.699011392,0.317772871,-0.22253233,-1.130878588,-0.309425272,2.030468037,-0.146453912,-0.330746296,0.424695783,-0.103254003,0.274324645,-3.043843445,-2.6453602,-1.545190713,0.188430083,3.137971434,0.417513273,1.989801771,-0.188167174,-0.66323169,0.744030846,0.394907253,0.213284796,0,Normal
1.109339613,1.984858041,-1.058820313,-0.705556575,1.821777254,0.186310988,0.143732516,0.289895586,-2.764947399,-1.735852478,-0.268276045,1.807392414,-3.000857448,-0.466754295,-1.631882664,-1.562774656,1.182418536,-2.35788874,-1.065544567,-0.934912052,0.589106267,3.141807572,-0.182006272,0.680828964,-1.8923164,2.594690988,0.686152504,0.768806929,-5.498433081,-3.457862584,0.439422576,3.647437117,3.209140379,-0.657371868,0.110125275,0.549164997,-2.689999096,-0.147169669,-0.35199397,0.05298749,0,Normal
-2.377065787,-0.322423681,-0.093324924,1.562288985,0.587498222,0.37152776,-0.753766888,1.827733749,0.58072455,-1.751605147,0.923575841,-0.314888422,1.721339628,1.042746713,0.03021112,-0.135577601,-0.215085284,0.357384619,-1.15335428,-0.536840415,0.341578007,4.490759976,1.807675741,-0.465505159,0.094024108,-1.664600446,-0.736697923,-0.789651125,-5.391374345,-1.357183927,-0.511692585,-0.037161553,1.080606553,0.997187103,1.900024933,1.185681167,-1.12212012,-0.845232451,0.731292585,-0.984844145,0,Normal
-0.323494583,-1.392566362,-0.966598103,-0.229976506,-1.452505488,-0.795893266,-0.199131964,0.170210113,2.922079859,-0.557692823,0.856619801,-0.495616033,-2.197109121,-0.966480501,-0.138557495,0.786929534,-0.788414005,-1.260908383,-0.119045716,0.053872693,1.696054674,2.154219563,0.69693642,0.561538128,-0.215082704,0.444880769,-0.021535045,0.362584054,-1.594628645,0.375063291,-1.313765691,0.362995328,-3.814995718,-0.170069874,-1.311679106,-0.063839726,0.23559634,1.067348496,-0.523737096,0.754599064,1,Intrusion
-0.548842149,1.548464066,1.009721203,-1.449398656,0.452166752,0.859258998,0.305234802,1.219472569,-1.257824675,-3.345425644,-0.408507533,0.251349355,2.885493097,1.148692596,0.227222716,1.618096608,0.781427627,-1.070549135,-0.583151874,0.264067335,1.507864431,4.235053782,4.985127062,1.519356629,0.100387784,0.317242519,-0.123841378,0.455866804,-5.495146505,-1.170068588,0.350801164,-1.174361133,0.060531104,0.443294939,-0.635971948,-0.642122689,0.058235729,-1.064692908,1.514623362,-1.135423019,0,Normal
0.201623016,-1.273282263,0.093176691,-0.117110118,1.315431686,-0.68458615,-0.553317903,-1.177130934,-2.221107786,-1.879137061,-2.100663897,-3.308229486,-1.993696869,0.602275078,0.524355765,-1.804562461,0.708963584,-0.381341325,-1.203033199,-0.924079739,1.997881995,1.626708008,-2.88786326,-1.775597256,-0.616504439,3.948282568,1.066551489,1.036146225,-1.69113686,0.736650803,1.874559882,-0.515524461,0.965856319,0.458960272,-0.228408171,0.030113519,-0.66026001,1.432034817,-0.027436543,-1.269033364,0,Normal
-2.412712246,1.312882094,0.60233973,0.484428918,-0.764741894,0.363260359,-0.497705895,-2.118542906,-0.084021931,-1.968130471,-1.467287939,0.335124122,1.328497227,-0.800826305,0.584742473,0.949220148,-0.524887701,1.306613461,-1.493772204,0.185591339,-0.993566633,3.511731111,0.114121057,0.154529698,-1.228649818,-1.233368133,-0.088718966,0.222625789,-5.024755275,-1.056754246,-0.450666143,-0.713453055,0.497938322,1.357438848,3.322449092,0.32235548,-0.739417198,-0.786898686,1.648926624,1.35980712,0,Normal
3.245013132,-0.15148248,-0.415811522,0.440368232,-1.360206164,-0.437075696,1.572140632,-1.082700066,-2.632701669,0.733974369,-0.909944192,0.455724968,-2.696453609,0.606443611,-0.958686135,-1.07063971,0.568239891,-0.440692792,1.037395269,-1.253365037,0.248297296,1.488887205,0.37127605,0.985057752,-0.22701649,1.572049295,0.573597207,0.292945564,-4.18528619,-3.866425075,-0.574304509,3.966822903,3.600890606,0.261196044,-0.183161336,0.774787425,-1.691454365,0.954659345,1.527346395,0.168351181,0,Normal
-0.955622422,-1.950091519,-0.463744843,-0.140259217,1.931240498,-1.033950542,1.342838671,0.624450177,-2.658850884,-1.679926166,-0.143742186,-0.947709872,1.266053863,0.52245102,-1.033034492,-0.349442897,-0.153244197,1.108651659,-1.105434667,-0.571965189,-0.843856377,1.084585913,0.861701103,1.470619859,0.180899533,-0.267547636,-0.554201944,0.243937945,-3.585917476,-1.945908768,0.893424336,0.187019075,2.456195482,1.076686058,2.731009931,0.606223508,-0.614338405,0.571165801,-1.380349499,-0.582232515,0,Normal
2.093705135,-2.574175748,1.918555144,0.111997202,-0.529776322,-0.4090179,-2.084677722,-1.560987888,-0.457895989,-0.857748408,-0.988053121,0.424700761,-3.889430321,0.330932596,0.693511141,0.605083286,-0.220571881,-1.719583509,-1.582012643,1.166634958,-0.602094394,3.05553359,-0.134107568,0.925225297,0.85448058,3.018173109,0.92326726,0.166293937,-2.969371815,-2.114161826,-0.377783758,3.909733611,1.230393112,-0.148564353,-3.137620981,0.776460933,1.008778828,-0.067749909,1.132957269,1.165267724,0,Normal
3.257219173,0.0068948,0.729873191,1.166282803,-0.692334175,0.017541951,0.041330213,0.622280301,-1.977501892,-0.44201897,-1.279161936,1.445671307,-1.59724433,1.618082761,-1.144554749,-0.042570339,-0.534003046,-0.093289402,0.169406031,1.700379913,-0.309821179,-0.628772481,-2.074222556,1.043700324,2.348943065,4.649198411,0.132340299,-1.261305263,2.924545562,1.521156929,-0.523419458,0.114168852,0.753844287,0.435849673,-4.635658853,0.836402252,0.675314076,1.592939468,-1.016828083,-1.904846635,0,Normal
-1.756470391,-0.070221895,-0.333871279,1.037048235,-1.884227569,-0.506834564,0.165811272,0.745380159,0.938841458,-2.763490568,-0.195765951,0.674649101,3.923931212,1.166155923,-2.319509958,-1.154229284,0.224722014,-1.001958497,1.776464919,0.371079545,0.064906849,1.235675124,3.962210426,0.36857987,-0.479390753,-1.189198738,0.562618191,1.537547574,0.079637449,1.035373975,1.380874018,-2.239224474,-2.269366858,0.38486224,-1.502173513,1.408065246,0.512721879,1.559662711,-0.191431796,0.13649594,0,Normal
-0.314095716,-1.025220028,-0.860880847,-1.790352947,0.278942727,0.241610842,-1.90002681,0.547785721,-8.633785492,-3.966930692,-0.296298085,1.592160014,-0.337626162,0.416671443,-2.106409559,1.394952698,0.089072544,-0.948837876,-0.69522977,0.495854237,-0.215632715,0.324111009,4.242244677,-1.520373145,-1.499098385,5.47581911,1.473904749,0.501672211,-6.900912381,-1.719987827,-2.141141249,-1.866547379,3.964611312,-0.351378628,2.498667474,-0.637945944,-0.191979739,-1.201133873,-1.119426886,-2.171736134,0,Normal
-1.314951942,0.034994111,0.30171944,0.140817979,0.676530878,-1.706686601,1.236037384,-1.202603815,0.198281233,0.845770926,-0.824725393,-1.175884137,1.479279674,0.24268669,1.040012883,-2.063502217,-0.071791383,-0.555871579,0.86227268,0.000417952,1.227626801,2.719573029,0.086322078,1.035897739,0.749481754,-0.825249805,-0.034920919,0.186231436,-2.055501139,0.393627247,-0.163691536,-0.625986496,3.336623379,-0.356810515,0.531172501,0.621269321,0.814262543,0.775922183,-0.315236375,-2.870230171,0,Normal
4.049316805,0.102959602,0.199563367,-0.708145991,0.008492478,0.111394669,-0.490315352,-1.104419009,-8.857000144,-3.47883327,0.538560774,0.013703024,-1.276806538,1.29606274,-1.161581531,-0.186101003,0.379964234,0.217444132,-0.359415264,0.019766166,1.172172088,0.369883756,2.521470024,-1.372041198,1.182352567,4.92977599,3.097926771,-0.33096266,-8.228612465,-4.724952924,-0.254459018,0.60364367,2.560664994,0.952200676,2.971265028,-1.97612073,-2.39519055,0.440188287,-1.556605903,0.049844942,1,Intrusion
-0.966202042,0.011056586,0.575570786,0.614127473,0.965327261,0.111440566,1.38700816,-1.10641348,-1.992554725,-2.245264324,0.644178332,-1.029871709,1.554461922,-0.405484478,1.006127992,1.17003069,-1.549863771,0.20031341,0.758836499,0.049927541,0.933844491,3.298321126,2.515403334,-2.391870746,1.17546858,1.371435238,-1.128902602,0.721806051,-4.496395602,-0.219149932,0.101563246,-1.47103501,1.660599427,-0.314467975,0.20241958,-0.068954936,-0.459963879,-0.91962919,0.633069139,-0.770265052,0,Normal
1.972514416,-0.359251489,2.014193149,0.142463381,-0.381420675,-0.454000281,0.82827348,-0.984523132,-4.644527505,-3.29180898,-0.626034004,0.453403383,-2.406604228,-0.126470881,-1.316254528,1.861946842,-1.123220261,-0.773996735,0.894917389,0.591638937,0.901033898,0.207127498,-1.799319853,-0.20051619,0.001169755,6.357690533,0.466313733,0.637681202,-0.288436843,0.194855175,1.006009149,0.437766943,1.530478292,0.937441107,-2.788139336,1.368073248,1.451621593,-0.973643454,-0.589198673,0.929293322,0,Normal
-1.381290551,0.088025646,-0.435679781,-0.036183074,-0.840749191,3.044730636,0.548217152,-1.50462041,-1.596835999,-2.926198908,-0.537998237,-1.547805924,2.238952818,0.178330705,-0.487524062,-0.176996983,1.988221005,-0.553489125,-0.354769786,-0.397105619,0.262799523,1.964991482,2.448381581,-0.800876258,0.39764709,-0.037733094,0.570648916,0.22253977,-3.397419467,-0.856490485,-0.994938206,-1.097445998,0.232143847,1.029256183,1.17460103,-2.825550689,-0.548803603,1.276828114,-0.726602966,-1.655547292,0,Normal
1.154055857,0.371793173,-0.233795199,0.699083068,-1.142215777,0.826610015,-0.552744316,-0.164097118,-4.56450781,-2.891127674,-0.640818073,1.661435429,2.599799075,1.788034731,-0.156476863,0.765741743,-0.247597564,-0.049252727,2.225800003,0.145925077,-1.208671876,0.292096401,2.423363018,1.380708601,-1.492387711,1.24497764,1.433056163,0.477316716,-3.184237799,-1.80938175,0.490802671,-1.057522743,1.489710211,0.589013707,1.252234644,-0.085407904,-0.493748601,0.320931444,1.309052798,-0.475683555,0,Normal
2.995924729,0.643332768,-2.14452189,-1.03105338,0.125894788,0.8607017,-0.238146429,0.571214146,-1.117096629,0.859671332,-0.794674111,-0.032962134,-1.393324982,1.31561693,0.548847779,-0.103665266,-0.027213084,1.161423549,-1.319897513,-0.962114871,-0.63167569,-0.419001154,-2.530074778,-0.105019836,2.263531128,2.081030715,-0.93439947,-0.468392207,1.913453616,-0.202309628,1.614039304,1.710991009,1.883964315,-0.339340114,-2.584926932,-1.686583265,0.984325938,1.282744249,0.075793226,-0.162969809,0,Normal
-0.977707439,-0.547453424,0.187401465,0.054468162,0.530932826,2.464110928,0.005569561,-0.765275482,-2.340670883,0.382384432,0.342747178,0.177453845,0.756968853,-0.667379775,-0.277982573,0.786262799,-1.148700146,0.706172009,0.240340735,-0.546454805,2.766705562,0.566701119,-0.530679882,0.621808687,0.944555557,0.350289504,0.610361131,-0.341470087,-2.039177853,-0.123706757,0.159423464,-0.902364439,3.752114726,0.431861796,2.315371796,0.848774074,-0.267449804,0.437132236,0.444096718,-1.016820654,0,Normal
2.033267354,-1.900166696,1.418539973,-0.72123646,-0.630162653,-0.077567938,0.521525141,-0.245727162,-2.351692752,-1.057385075,1.191165365,3.202001357,0.404556753,-0.951183975,1.442346884,0.599347875,-0.930021767,2.098144666,0.310971139,0.145966811,-1.427520738,0.00054628,-2.942321361,1.760878535,-0.732336428,1.695063224,-1.075003399,0.399649895,1.27875331,-0.678328528,1.108620178,1.270325678,2.602789656,-1.97385125,-1.330140278,1.318536877,-0.265062818,0.640576064,-0.89423809,-0.35180262,0,Normal
0.459050799,0.393673325,-0.194532397,-0.767943653,-0.079718384,-1.161542404,-1.327169826,-0.184721228,-4.063157448,-3.39563677,-0.305766962,1.046838574,-1.846038416,0.743400378,0.739170422,-1.511454528,2.51210599,0.165082318,0.299974508,0.795282065,-0.449460045,1.163114797,2.414787452,-0.034883578,1.7114187,4.760031661,0.001943606,0.322010781,-1.772500099,-1.34090528,-0.705285383,2.231676806,3.043090176,0.364615956,-3.58110535,0.670731014,1.51157309,0.420523679,0.705675007,1.799926222,0,Normal
-1.030291547,-0.416846985,0.153310619,0.745366788,0.143498081,-0.586600525,0.520191384,0.548030726,-2.664447513,-1.375150881,-0.988150111,-1.200508721,1.206277082,1.716982022,-1.937051069,0.495138408,2.026482082,-0.898817336,0.105436733,-0.921366308,-0.437919801,1.56502643,1.571626366,-1.672475343,0.322404227,0.025174356,0.381238741,0.880981284,-4.148470583,-1.669059345,-1.37267417,-0.142387073,2.819542516,0.873835308,2.406009906,-0.458457093,-0.954346108,-0.146122318,0.350290419,-1.302413961,0,Normal
1.075864097,0.858684968,2.172790834,-1.060432688,-1.961169722,-1.870839728,-0.062573005,0.81031232,-1.912841733,-1.016650803,1.560729114,0.20708102,-1.340420805,0.21832638,-1.908583121,-0.231994407,0.083963208,1.611983133,-0.107143594,-0.247442047,-0.506999422,-1.258671435,-3.761159921,-0.190842337,0.753275895,2.733284805,2.402380004,-1.303469545,1.120283764,0.974128335,0.063670651,-1.035098923,-0.754628039,1.403070199,0.612820177,-1.168780612,0.632114429,0.699784996,-0.392319724,-1.462927241,1,Intrusion
-2.633619061,-0.914594001,0.732081831,-0.209112461,-0.270694344,0.153671607,0.077524006,0.26343759,-1.502070208,0.08337978,1.550985446,0.09879216,1.243841073,-0.569036408,-0.266750873,1.785202405,-0.860014314,0.467960156,-0.117208252,-0.347218296,-0.442905968,-1.736616851,1.409893561,0.14120351,0.680304296,0.735463047,-0.299603984,-0.12621276,0.923984319,2.498523051,-0.062336403,-3.482382587,0.923072125,0.014437053,1.369847472,-0.431135043,1.003995384,0.74552162,1.056066359,-0.337712698,0,Normal
2.437009821,1.0078447,0.396554398,0.670563015,-0.953039538,-0.616241769,0.509934,0.63051691,-1.060185333,-0.498130665,0.151586844,1.021250643,-1.497917982,0.246639048,-0.14871099,-0.427835125,-0.419107497,1.414112116,1.192742465,0.714415746,-1.075422373,1.714385061,-3.314505806,-0.352263883,-1.727627153,1.683229842,-0.617215073,-0.896484213,-1.79407626,-1.244346711,0.378241858,1.410984825,0.702489604,-1.037407459,-0.018666113,0.342541995,1.207914067,0.262551981,-1.29293497,1.370588218,0,Normal
-1.200209623,0.84935088,0.384919392,0.522106608,-0.169635862,0.32417326,1.714671736,-1.036057497,-1.624269888,-4.243415212,0.727585231,1.103893912,-1.105533384,-0.357287963,0.438348254,-0.460467991,-1.312217676,-0.419279363,-1.713393276,0.728151505,-0.869411231,2.797902285,-1.750778932,1.912566061,0.398144773,3.311444504,-0.492219796,-0.820410495,-1.75590469,-0.074621911,-0.422075379,0.796645865,0.65600212,-0.256818337,-1.371499163,0.025976267,-0.82741039,-1.284923016,-0.857535663,-0.218231902,0,Normal
3.570674239,-2.338262363,-0.623565139,-1.179882151,-1.436770719,1.10600723,-0.104157993,-2.539189274,-0.031011474,1.602517764,-0.281442168,0.54639209,-2.386863175,0.879673389,-0.402753137,0.668248205,-1.82770015,-0.721727373,-1.455963294,1.732274322,0.649334976,2.359871968,-3.195261131,0.446743529,1.245675395,-0.667447223,2.011780017,0.854803462,-4.145239034,-3.800716451,-0.267099021,3.730731372,1.398472391,0.260169157,1.846514726,-2.018200758,1.351846967,1.128062872,0.079850343,-0.726951246,0,Normal
-1.919423624,-0.030685472,0.04853017,0.654927765,-0.49399847,2.963562923,-0.466090215,1.459355441,0.407949086,-0.396128703,-1.469669237,-0.254122233,0.117126271,0.041631782,1.039590513,-0.792145242,-1.121809031,1.042248358,0.587299763,-1.38392915,2.614225738,2.468185136,1.21819565,0.214792116,0.581343555,1.278091922,0.709533573,0.642981161,-2.392452525,2.073662446,-0.561670549,-2.661300907,-0.138329169,-0.762998885,-0.022731186,0.153455383,-0.295882737,0.965108518,0.813923715,0.129697888,1,Intrusion
3.380646886,-0.934313298,0.335745703,-1.019306448,1.030640932,2.466716022,1.19282934,-1.062465366,-0.577366811,0.456232019,-0.726035249,-0.824474239,-1.94646635,1.388808594,0.328427878,-0.313327048,0.940914008,1.048410698,0.815922295,0.148506816,-0.949112655,2.954339178,0.716785413,-0.092736534,-0.567976166,-0.738521391,-0.254546575,-1.325817263,-4.696410874,-5.425341701,-0.585962393,5.921322159,2.867447758,1.19257037,-0.61172296,-1.060176571,1.63388568,0.093907178,0.021333558,-1.816944257,0,Normal
3.459444173,1.033907802,-0.195793911,-1.9409256,1.221368963,0.156050325,1.664538797,2.105662398,-12.13452526,-3.40873007,0.147075004,-0.517199688,-1.514439206,-1.527403476,1.237232119,0.386229569,-0.242244721,0.38511589,0.396528946,1.899384201,-0.22985991,-1.539295556,4.911326312,0.381698014,0.569102803,6.654509427,-1.926661855,-0.212636347,-8.499584678,-4.692191933,0.184271731,-0.040289439,5.273623908,-0.726562519,3.367203272,-0.124907248,1.171397937,0.718315267,1.409616064,-0.906600449,1,Intrusion
-0.186739352,0.191835102,0.27058525,1.219016108,-0.969606393,-0.07554667,1.076479737,0.591386413,3.078711385,-3.178679036,1.022045153,-0.551034403,5.202018353,0.136628856,-1.920372006,0.642598363,-0.350966903,0.099548073,0.212290794,-0.518735516,-0.814877937,5.296097356,3.58682754,-2.140512888,-0.135613924,-4.230024513,1.045887015,-0.502719716,-3.220610209,-2.293029056,-0.174557812,0.959185293,-2.056097724,1.679860315,-1.529905075,1.37786617,1.511703521,-0.536001543,0.219764804,-2.261692775,0,Normal
0.345740278,-1.293307068,-1.095393202,-0.29936334,-0.664144425,1.412130917,-0.584848796,1.923821059,-1.045631941,-1.773544858,-0.586773363,-0.711910828,-0.62665908,0.401619898,-0.260504255,-1.25479327,1.123168003,0.180122047,0.125436177,0.585941945,1.493224589,3.035335267,-1.46694513,1.218053338,-0.07690183,1.129039033,-0.317388127,0.996496704,-3.219877259,-1.561207963,-0.491652654,1.538946615,1.609124513,-2.209627642,0.152814129,0.42271222,-0.90212777,-1.09953059,0.912824618,-0.466445698,0,Normal
-1.607493808,-0.300626844,0.984764253,1.167750878,0.082314448,0.015219957,1.04176237,0.156742307,-0.44324315,-1.550906496,0.443744615,-1.843944738,2.082127742,0.353526854,-0.430984646,-0.734328301,-0.925635123,-0.852831457,0.180156681,1.219105562,-0.091521544,1.70260088,1.198846352,-0.831375065,-0.71594275,-0.797129958,-0.179606729,0.023626811,-2.073034307,-0.205792684,-1.252511403,-0.999049593,0.666753301,0.286574047,1.135813923,-0.492962909,0.946612483,-1.022933285,0.729765623,0.11647872,0,Normal
0.970543261,-0.006945793,-1.892814459,0.879347362,0.390575195,0.230404169,0.808657158,1.248183433,-0.918879078,-0.986595822,-0.57844055,-0.878898799,-3.636221956,-0.822768788,0.523692697,-0.202749776,0.186707772,-0.562805879,0.597897074,-0.560863298,0.611298967,2.496891182,-1.423130552,1.731893532,-0.382738354,4.177453758,1.343978066,-0.398834226,-2.255195711,0.195698637,0.437235236,1.076081167,0.607923618,-1.590554836,-2.174170638,-0.472040502,-0.66434319,-1.768929801,-0.832454905,0.37544049,0,Normal
-2.810243543,-1.550931351,0.328582003,0.211651124,-0.062448469,0.557487366,1.034650715,-0.512627182,2.254342826,-0.442580728,-0.716872979,-0.733854093,2.509130022,0.913682185,0.6756753,-1.96022663,0.187795615,-1.787264645,-0.381774218,0.78791284,-0.198529909,1.207881337,-0.585328065,0.249285587,0.523068264,-2.090404797,-0.157256462,-0.636611665,0.465637559,1.999105248,1.258521415,-2.548927063,-1.309096894,0.782639259,1.2999256,-0.486231204,1.061337582,0.176734289,1.038498267,-0.445123274,0,Normal
-0.039850276,-0.515268618,-1.069978894,3.55404975,0.174438713,-0.734850903,-0.236683999,-1.333791533,-1.605328361,-2.646064775,0.306436566,-0.91315645,-0.391304172,0.880528718,1.520328149,2.400995675,1.293367439,-1.214211904,-1.329935458,-0.66122503,-0.966623981,2.963487218,0.17355175,0.592197706,-0.077020044,0.986548637,1.277026447,-0.353255717,-3.550895155,-2.513966323,-0.934391574,2.530800846,2.16109155,0.550529138,-0.316941568,-0.990647969,-0.869026331,-0.04918909,-0.187248865,-0.916872651,0,Normal
0.06864823,1.401047256,-2.735049366,0.459824443,0.308323586,0.198261899,-1.320543786,-1.766766699,-4.763698158,-4.139507775,0.580103575,1.01862659,1.536813421,-0.8344161,0.125407434,0.560045287,0.217499324,-0.29360186,1.474283755,1.095862288,0.385367722,2.775745927,4.066971338,-1.567434285,0.694455511,3.30717177,-1.133664938,-0.309035216,-5.745233246,-1.166808726,-1.454112652,-1.552737232,1.684666273,0.772968259,-0.045053753,1.887258153,1.017961056,-0.07130515,-0.329033365,0.932109736,0,Normal
3.586972831,2.461963183,2.111257784,-0.190606064,-0.845882988,-0.198963256,0.507480221,-0.735582515,-2.36110837,0.22217861,-0.656215273,1.865300621,-1.160801111,-0.607992872,0.04125804,-0.625303595,-1.726111115,-0.653885585,0.562641092,0.578375788,0.576570863,0.714288049,0.497175285,-0.722333689,-1.023874475,1.493923814,-0.421355852,0.751111682,-1.238479852,-3.006506309,0.994701882,3.768765991,3.485132523,-1.434052473,-2.409044911,0.986090014,-0.330606567,0.690143567,1.206497105,1.157308926,0,Normal
-1.495768488,0.248108139,0.1386729,-0.156207386,0.476972418,-1.53238253,0.703232309,-0.335879472,-1.842444492,-3.12055715,-0.156500641,-0.172465105,1.788280297,-1.440114682,-0.727610428,0.559698806,-1.29186202,-0.249967799,-0.645094949,0.958355397,-0.351056612,2.80260896,2.610690257,-0.285711126,-0.284154649,1.059542942,-0.033598593,-0.853430702,-4.105353848,-0.29797873,-2.345680044,-1.564608644,0.515026894,-0.124944589,0.580583625,-1.114685635,0.332865348,0.644223723,-1.414642847,-0.430512813,0,Normal
-0.437963895,0.961098858,0.360209515,0.655532329,-0.593134613,0.702334136,1.116417389,0.253004811,-2.687533408,-0.639362781,-1.136855576,-0.25510606,1.916144027,0.426812775,-1.448660043,1.059359442,1.194543711,0.080920045,-0.223268503,0.306397357,0.708795975,-1.237222413,0.532087036,0.291723245,-0.171116515,1.070927724,0.788227548,1.727497609,0.400998897,1.157586933,-0.430019238,-2.562545379,1.447667872,0.02089532,0.921743766,-0.427210132,0.599183599,-0.630516861,-0.950823824,-1.526096327,0,Normal
-0.387319379,-1.967564577,-0.423764008,0.592473703,0.158131511,2.609942277,0.275628816,0.14446959,-7.119700653,-5.559101923,-0.614782446,-0.958845995,-0.245567049,1.35226106,1.09428768,-0.043659128,-0.899169093,-0.377520101,-1.816228773,-0.725487655,0.305423416,0.304983387,0.670634813,-0.315799424,-1.21801653,5.882864439,-0.687513656,-0.245909311,-1.382654456,-1.075200439,1.951055855,0.941655181,4.748721228,-1.364810222,-1.954396604,-0.09964411,2.054793018,-0.564306934,-0.895020145,-0.456431954,0,Normal
2.770602468,-1.424327777,1.265960916,0.990393607,-0.787687867,0.956303745,1.263739483,0.657783756,-2.876704431,-1.868890239,-0.856703225,0.724739414,-2.786771467,0.406683808,0.3765778,-0.189352,-0.917952751,2.043114934,-0.709675772,-1.96893798,0.459973427,0.574202633,-1.339242024,1.261850698,-0.747152166,4.686986731,-1.296508257,-0.954655946,-0.709799237,-0.741070263,1.996811717,1.620648478,0.745149061,-0.600067005,-2.761249742,-0.764916515,-0.373472509,-0.065786156,0.499301775,0.625353131,0,Normal
-0.072635545,-1.370720025,2.794803067,0.7529372,-1.954069242,0.401740532,1.131311186,-0.193422044,-3.267542579,-1.991516442,-0.807411663,-0.264305508,1.743560093,-1.798853217,-0.70420996,0.182081882,0.10744194,-0.019817494,2.148529929,0.850137794,0.230054523,0.07759444,-0.00432657,0.256180938,0.414237899,0.03051796,0.847652133,0.520014774,-2.509618538,-1.741650534,1.012287752,-0.355045641,1.749730038,-0.791479825,2.817717587,0.730388541,0.538778587,-0.079959691,1.508769966,0.751120353,0,Normal
1.09673911,-0.312095281,-0.060446807,-0.515283133,-0.949493323,0.173080638,2.285877075,0.820815377,-2.549150778,-2.937745083,-0.46555904,0.055821462,-1.185892542,-0.68802791,0.195193223,0.229462922,-0.283903867,0.18175573,-0.087795984,-0.643852984,-0.569846026,1.90997255,0.6516505,-2.80266151,-0.663537947,2.650544176,-1.376880576,0.581106896,-2.377697321,-2.261508741,0.457114323,2.715842334,1.864176978,-0.817876854,-2.011578007,0.609559642,-0.554071663,0.077349915,-1.729766443,-0.145120083,0,Normal
1.823102385,2.601870139,-0.565304767,1.30637473,-0.081017135,1.109096741,-0.42265319,-0.612367358,-1.565622401,-1.055107525,-1.009136082,0.702780257,-2.064041633,-2.620811105,1.796459838,0.393114406,-0.88827767,-1.03076019,0.303907395,0.989224609,0.763736122,1.626094647,-0.878729905,-0.078568808,0.550209902,3.462460415,1.148806339,-0.179854991,-1.356590992,-0.231156244,-1.559422167,0.968530699,0.893508791,-0.009975457,-2.301116863,-0.464863307,-1.338857678,0.123132669,-0.576162311,1.665386552,0,Normal
2.283757046,1.145184278,-0.796939403,1.743195077,-0.159718248,0.298517057,0.002573622,1.050046065,-3.910650215,-0.834882341,0.523650569,-1.058239561,0.390193004,-0.436223882,1.038706239,0.605858556,0.195140437,1.546661814,-0.219916075,0.746582358,-1.261794927,-0.268478535,-2.102720474,0.099446757,0.609207605,1.33806114,0.193209495,-1.550909686,-0.295513663,-2.348194642,-1.363836038,2.312778937,4.546712167,-0.287812484,-0.00940212,-0.223250808,-0.177246827,0.013022589,-0.433087969,-1.53414617,0,Normal
-0.697843058,-0.161330727,-0.153134652,1.313857653,-0.128747173,-1.334790959,0.120312929,0.450355175,2.204953862,-1.036562395,-0.878640716,0.540278214,-0.849782277,-0.095680696,0.180204998,0.730636302,-0.32922999,-1.562209871,-1.140977235,0.60041431,2.036913518,4.447655552,2.047222807,-0.971180548,0.013355056,-0.789371147,0.863322696,0.151131375,-5.366818447,-1.422079349,0.20993734,0.841014455,-1.935894257,-0.292148293,0.343470892,-0.961568119,1.600131537,0.199148687,0.172469154,-0.953728275,1,Intrusion
0.501265951,0.941654541,1.451428658,0.292996135,-0.576126221,-1.44607979,0.566868467,1.324895122,-5.522369736,-2.261663622,-0.399590126,0.198347736,-4.202011782,2.417177285,0.523065122,1.283210207,0.152916515,0.961815578,-0.85369845,-0.671909209,-0.923171241,-0.27456138,-2.070080928,-1.948704752,-1.351839809,7.609246784,0.73024221,0.233151052,-3.843327843,1.88117175,0.39707571,-3.604839257,-0.530801186,0.544599317,2.041498625,1.908914324,0.67412885,1.272346389,-1.087078414,-1.209412979,1,Intrusion
-0.954267337,0.693436173,-0.931463467,-0.076017484,0.755673759,0.201064151,1.202742255,-0.696894383,1.366236423,-1.392978712,0.238270024,-0.073828852,-2.677464004,-0.272313531,0.258419104,0.40301287,0.900284964,-0.125029122,0.939015797,-0.820623778,-1.155244157,5.072055528,-1.714699001,0.896930138,-1.418823865,1.095319402,0.779790819,0.21977622,-5.30099382,-0.987261713,-1.010865139,1.430561923,-0.356618279,1.14177079,0.650847959,-0.230969695,-0.188306966,1.48737673,-0.131218936,0.700092769,0,Normal
-2.497202379,-0.085319356,0.939504592,-0.411493627,0.839016795,0.197165576,-0.507621179,-2.527900899,1.888469608,0.992933488,-0.457326489,-0.349086352,1.416671774,2.309204381,0.498540194,-0.928478505,-0.007249051,1.189931863,1.486631621,0.228588354,1.813396533,2.858707362,-2.022512471,0.532518029,1.055229451,-3.228833812,0.43947305,-0.73200172,-2.457101258,-0.438390952,0.982166728,0.082373968,2.179192904,-0.985531786,3.282635858,-0.610105708,-0.432588777,1.646291744,0.560264454,1.492888251,0,Normal
1.076569808,1.745293831,-1.042264436,1.717360479,0.036600433,-0.552434244,-1.151496228,-1.31698879,-2.887197453,-0.966810378,0.744374627,-1.007713632,0.72028096,0.838604815,-1.323998117,-0.518147805,0.722880824,-0.600282423,-0.413313561,2.603874414,1.065690175,0.744482249,-0.73067078,1.530917845,-0.952794419,1.943353266,0.11870559,0.326804596,-0.06716317,-0.556513714,-1.361597512,0.865173636,4.017631002,0.886691885,-1.552695682,0.765851894,-0.698261789,0.348280286,-1.357263727,-0.921658679,0,Normal
-0.710126593,1.080662956,-0.904591506,0.340257919,-0.630034668,0.030859794,-0.339720703,-1.169174669,-4.365618648,-2.354884804,1.617154524,0.818403246,0.887610208,-0.591301019,-0.098739326,0.305341684,-0.391888447,-1.194717049,-0.405557825,-1.099086086,1.092175607,0.756116019,3.93290177,1.107502907,-1.855426168,2.101991256,0.209988347,0.440713923,-3.562798925,-1.400056983,-1.053894425,-0.184149304,3.350001359,1.436157121,0.229999035,-0.718767276,-1.05812228,-0.422295808,1.322115512,1.174374203,0,Normal
0.456924442,-0.062654413,-0.74326725,0.598381779,-1.214971515,1.129002134,-0.169805197,0.410030755,-2.392958902,-1.198268784,2.248168689,0.426908904,2.22277102,1.401150156,-0.017367836,1.234946776,0.950869316,0.273738233,0.257786266,0.275366084,1.468159261,2.20181337,3.321931419,1.040343095,0.33974145,0.923459716,-0.821335748,-0.121780762,-2.718044573,-0.806935837,-0.122249212,-0.305739307,3.208464431,0.816668679,-1.410998596,1.053411076,2.035052139,1.360195006,-0.367120682,1.253940201,0,Normal
4.026033657,-0.717882372,-0.218218994,-0.049988265,-1.817056064,0.984963116,-0.93553293,1.567060948,-5.120490409,-1.71841484,0.399311637,0.718934916,-4.097008744,0.650254918,-0.372528203,-0.716245656,-0.146514476,-0.412684334,0.286586843,-0.228379068,1.09791094,-0.37808631,-0.389062845,1.397172269,-1.143398188,7.577848258,-0.82100897,-1.019754223,-0.6093463,-0.198521541,0.405291075,1.157787153,1.759153864,0.310962493,-4.209139823,-1.743705634,-0.149276632,-0.133953499,0.469634554,-0.068208552,0,Normal
-3.499226295,-0.622947707,0.394341386,-0.64212694,-0.404800984,-0.235777855,-0.135891411,-0.171742182,4.038226625,-0.432871764,0.029075043,1.26933689,3.056398903,2.232750753,0.444086769,-0.520090201,0.440546551,0.624392665,-1.079209465,-0.418739067,1.886324635,3.914420424,2.441256947,-0.474530458,-0.777748284,-3.458974596,-0.078448477,0.157418944,-1.684429569,1.064851447,-0.065993685,-1.295419132,-0.883045955,-0.134722666,-0.153501365,0.103447176,-0.583482201,-0.561740414,-1.146091315,1.108743426,0,Normal
-0.369334968,-0.885768973,0.531731997,1.601161581,1.258251399,0.846456469,0.073243301,-0.191393483,-5.172125346,-5.221821319,-0.105917162,1.102399195,-4.746995738,-0.105381636,-2.718911997,0.245726091,1.268216927,-1.588935357,-1.696044426,1.018246555,-1.603111961,2.147900131,1.345727147,-0.104426656,-0.693922509,8.420188453,0.785369099,-0.600913528,-4.074435999,-0.112009299,-1.834876091,0.755442615,1.195583728,-0.595229967,-3.009337977,-0.141150106,0.357137115,-0.714950582,0.593267183,-0.659253111,0,Normal
-2.188984241,1.764435079,0.910051296,0.001720325,0.006307439,-1.077791953,0.378775363,-0.523376384,-4.941971036,-5.26644183,0.484492734,-0.523242884,-1.052498956,0.462211072,0.387847064,-0.573974572,-0.632433911,-0.333676263,-0.322250666,-1.821934431,2.675623461,2.765486756,-0.923555003,-0.097041655,-0.646699585,4.705192569,1.639632659,1.369171451,-5.490179325,-0.413329767,-0.941017128,-1.251399213,1.807332971,-0.363993117,2.202263303,-0.917304074,-1.613873363,-0.16947103,0.370477874,1.750877099,1,Intrusion
1.667147308,0.315563967,-1.855384042,1.012474411,0.795349887,0.808042809,1.284127747,-2.726627541,-3.193146708,-1.29653098,-0.385146315,0.588937454,-1.47070024,-1.192065827,-0.801297514,-0.309757814,-0.215756365,-1.51513228,1.025651853,0.692713326,2.099960185,0.669465699,-3.616576003,0.003064226,0.488494745,3.228455709,-2.750872187,-0.503884879,-1.065512461,-0.649054384,1.519830128,0.79393038,2.422188855,0.755641451,0.121728081,-0.025751188,-0.282092179,1.533729598,-1.089246213,1.074480132,0,Normal
2.19380109,1.805654867,-0.702494724,1.433024563,0.749782805,-0.43416811,-1.529689546,1.472413048,-2.420661855,-2.908600685,0.393214171,-2.241341009,-4.826101627,-1.977027427,0.883613016,-1.377626125,0.024828608,0.338225851,-2.236885722,0.03619285,-1.373778343,2.428240756,-0.846794012,-0.295571474,-0.002034598,5.539766511,1.414469841,0.002162602,-3.681351035,-1.586893673,0.015878467,2.51738085,-0.409421045,0.79476066,-2.40370922,-1.844194848,0.51513647,0.624897699,-0.461783025,0.55666411,0,Normal
1.58661583,0.018378912,-1.147301258,0.855544247,-0.790704529,0.206977083,0.734443069,-0.011584299,-4.367866004,-3.572861879,0.70319302,0.354871691,-3.108716064,0.941200956,1.443027643,-1.616973421,0.231445645,-0.255922939,-1.387764927,-0.906700099,-0.189430428,0.950848245,-0.859827846,0.778466011,0.54456264,6.498387848,-0.179761358,0.461772657,-2.11358286,-0.064337566,0.847536336,0.221220821,0.505458173,0.163837581,-2.129923022,-0.538497053,0.273748602,1.225724292,0.604123503,-0.589753761,0,Normal
-2.024191057,0.204862611,-1.103512696,-0.837885773,0.237941331,1.836423095,-0.589245235,0.554558018,-0.449029832,-1.428072781,0.092346785,-0.609407082,2.361436445,2.364827319,1.930160805,0.336323311,-1.63083497,1.103020199,1.682691147,0.10391683,0.193595934,0.549336941,2.451933097,0.324522738,-1.490155043,-0.396725157,-0.666343775,0.358539328,-0.891883478,0.988002237,-0.606485976,-2.343718678,-0.275427111,-0.323890884,0.61205623,-0.769696496,1.453637105,0.013023376,-0.912330959,-0.911327275,0,Normal
0.726994243,-0.062777119,0.799477313,0.488361033,-0.616266249,-0.133029121,-1.092749959,0.511809895,-0.929380566,-0.405233969,1.087528443,1.406045064,-1.673035128,0.35154567,0.150857831,0.280925235,-0.226554104,0.074900214,1.356983584,0.118413203,1.618733523,4.527733416,1.025408327,-0.219895038,-0.68454025,-0.15123636,0.356086297,-0.256719845,-7.626994349,-3.995335949,0.668573354,3.067892856,2.559112985,0.680883585,1.914245351,-0.528906963,-0.909935268,-0.862503379,0.767786244,-0.840474561,0,Normal
0.580360512,-0.502548964,-0.283622092,-0.377811783,-0.607654985,-1.142312892,-1.006054431,1.181298454,-0.889305474,-1.816035594,-2.122033701,-1.655305655,3.730128317,-0.530846179,0.431432845,1.142542733,-0.202222143,-0.396949549,1.779680945,0.069058304,1.774222438,0.452094663,0.541964035,0.451716036,0.599628771,-1.433693446,1.122366574,0.608279562,-0.441198721,-0.687793894,0.511581821,-1.175585425,-0.481269125,0.113327629,0.819043696,0.037750317,-0.397530994,0.026946955,-1.513156809,-0.511810426,0,Normal
4.820353132,-0.323530594,1.399258575,3.180670129,1.569798352,0.004470299,1.1996138,0.014486109,0.709670687,3.464037316,0.549413743,-0.50596376,-3.167833135,-0.806588828,-0.423397683,0.981253769,0.200121959,2.359482716,1.151225612,0.110851186,0.599553124,1.497265342,-2.656888452,-0.583586237,-1.101672702,0.354407976,1.233759961,0.690917342,-1.691930943,-2.333588044,0.789076585,3.565892172,1.581776806,0.159562327,-1.060957993,-0.32439438,-1.276074281,-0.023902815,1.978001317,-2.483405282,0,Normal
-2.995462266,-0.089975053,1.751377584,1.216188808,0.410780105,0.448073355,-0.659535114,0.115131135,7.564323795,1.296719649,-0.206833618,0.613193515,4.791787791,-0.719354169,1.101697976,-0.305686733,0.84010487,-0.495425306,-1.022526481,-0.674417789,-1.76474472,3.070238388,0.244704963,0.611292977,-0.299065921,-7.097013298,1.239051549,-0.732463533,2.011062956,1.418285707,1.819100388,-0.728195825,-2.538467699,-1.511626483,-0.395905236,-1.049776839,0.942775911,0.522010027,1.110127043,0.14737,0,Normal
-0.91567342,-0.079863656,-0.347899624,-0.201827092,0.097888772,-0.533925342,-0.590002153,1.550537303,-1.962993738,-3.535158188,-0.620765912,0.035883753,2.128610548,0.582141293,0.233278676,-0.733405352,1.048563657,1.534710121,0.47795281,-1.161818645,-0.860231211,3.375888429,2.354445462,-0.160295247,-0.244363605,0.68888496,0.155537743,-0.356901445,-5.069675597,-1.094069018,-1.140543528,-1.251243536,0.233841747,0.401173069,1.103121842,0.728606122,-0.319268727,0.29200637,0.889641981,2.205538518,0,Normal
1.384424658,-1.493305294,-1.318576982,-1.156073544,-1.655298868,-0.329741816,-0.505347051,-0.519245056,-0.656575802,-0.230945677,0.661725863,0.027597099,-1.002784666,0.292145021,0.672371099,0.007104356,-0.377170343,-0.490689214,-0.698778995,-0.461575681,1.676568799,1.903863276,-4.58714247,-0.971950276,0.841672118,1.315412356,1.258492944,-1.500680214,-1.701199435,-0.180898019,-1.253957043,0.048518261,0.654899829,0.337264028,1.242809981,-1.524909372,-1.145955962,-0.374253352,0.416142054,-0.435398751,0,Normal
1.667828952,0.026242199,-1.415731594,0.046545396,0.723058154,2.19217018,0.550016662,1.157219014,-1.312669083,-0.88585731,0.052925172,-0.365799474,-1.634446068,1.319539457,-0.780669524,-0.509809971,0.35811579,-1.490572423,0.832350611,0.709085859,-0.306989708,2.040316449,-1.550193046,-0.989707613,1.821268815,1.886435391,-1.015234594,-0.378047659,-1.855928067,-1.684590272,-0.487057788,2.527314769,2.119242319,-0.914129841,-1.316026651,0.321544969,-1.856413554,-0.376657469,-1.000808484,0.624125489,0,Normal
-0.348940136,0.484783773,-1.182907154,-1.06395746,0.572210413,1.266271541,-1.581576916,2.262629672,-1.486499966,-3.13893113,1.107984989,-0.115684954,0.114181472,0.626603599,0.845706889,-0.440679045,-0.629999158,0.521915323,-0.480883716,0.569250984,0.643851361,0.712196419,-3.143538123,-1.596637595,0.425120133,3.684676335,-0.477374798,-1.244595536,2.346377004,2.255856569,-1.131608729,-1.121837536,0.275099958,0.199222479,-2.7203821,0.296602562,-0.805759713,-0.65442755,1.346635266,1.17545888,0,Normal
1.291283922,1.741876638,-0.457052866,-1.480663376,0.448235619,-1.046846675,0.12640211,0.210019447,-3.04599779,-1.726260331,-1.581125256,0.498414888,-0.38329712,1.23553162,0.094494705,0.325099976,0.347778775,0.095409685,2.132067306,-0.668495553,1.849306909,1.130134082,-1.937014848,0.135393887,1.35538841,2.379770155,-1.065103667,-0.207452701,-1.364100159,-1.223280442,-2.96213862,1.238645728,2.89176626,-0.162450091,-0.405680359,-0.38374091,-1.204226488,0.357777383,-0.567877286,-0.156353698,0,Normal
0.618246336,-1.806833497,0.24225911,-0.119994129,-0.802496473,0.010355562,1.353543053,-1.058869874,-5.353201839,-4.319712975,-0.894614768,1.784111916,-3.969723537,-1.18212915,-1.928644017,0.359868814,1.289591272,-0.486643702,-0.21043734,-0.576480301,-0.903706513,3.681336883,4.813863531,0.570588618,-0.718940672,6.372716639,-0.088477304,0.635350611,-7.138613314,-3.272037994,-0.819647665,3.427024608,3.687217244,0.56308722,-3.083323953,-1.738473166,0.523251888,-0.247839949,-0.711819826,0.036825776,0,Normal
1.608034882,2.121949443,0.8407949,0.361402629,0.339736171,-0.636613782,-0.628222923,0.185187964,-2.075251855,-1.673983243,0.85180602,0.105221035,-0.68223581,-1.352092912,-2.121298776,-2.447477176,-0.920883331,1.103764564,1.354717797,-1.843484672,-0.799852522,-0.603681714,-1.17481764,-1.321988444,0.110416152,4.063142394,1.705956569,-1.606744167,3.218346915,1.365351368,-1.754997181,0.354657909,1.237198104,1.828412761,-4.598357558,0.66136632,-0.086105837,-0.525146028,0.051621898,1.114369222,0,Normal
-3.532438359,-0.178958039,0.221388709,-0.413129182,-0.678508886,1.652481662,0.080767985,-0.720944615,-2.91954266,-1.986196877,0.19469302,1.352535107,-0.731415528,-0.214274282,0.586041709,1.195458793,0.788440602,0.042760823,0.99724371,0.770647773,0.043525241,1.854072752,-0.1412326,-0.039455826,-0.387519494,2.8799179,-2.25797522,-0.043847642,-4.333796048,1.430282947,-0.425604309,-2.972804844,2.024128977,-1.471595939,3.13492425,-0.870373,-0.804050746,-0.727438976,-1.316342732,0.596064316,0,Normal
0.859733259,-2.383211497,2.941048081,-0.208085798,-0.526360337,-1.982518142,1.581411992,-1.053091368,-4.871040821,-3.280077634,1.661221879,-0.265079656,-0.396134875,0.446999679,0.499067949,0.033535624,-1.165555851,-0.966429921,0.61967307,1.181541981,-0.515858596,1.425538994,0.580450389,-0.251220542,2.216197583,2.969747691,-1.017806439,0.341983058,-3.036993481,-2.915002112,-0.615327305,2.659447236,4.456550652,0.711985737,-0.752317059,0.153329715,0.027301862,0.840350783,0.832070897,-0.137254826,0,Normal
1.055393189,-1.130136318,0.364308073,-0.025734632,-0.549328788,0.149931325,1.465360143,-0.816120832,-3.640793225,-2.530431114,0.457500274,-0.316922363,-1.411006817,3.501389089,0.693876293,-0.129510294,-1.468817058,-0.742256051,0.102331024,-0.646063354,-0.132646835,1.845243829,0.259667322,-0.489929913,1.178430648,3.058565277,0.917011018,0.772318849,-3.74852983,-2.267559745,-0.624335393,1.872905855,2.580158117,0.052942792,-0.32752789,1.74227216,-0.283445166,-0.271327631,1.065933588,-0.256880301,0,Normal
-0.853484664,1.43530679,1.217410603,-2.30293089,0.186014442,-0.629410122,0.695960734,-0.350265617,-2.344582778,-3.479622632,0.782851763,1.685981795,1.364569785,1.130809493,0.485321047,0.266191236,-2.809646252,-1.274931698,0.93001103,0.234047864,0.537794484,4.305269053,0.228435647,-0.934961438,-0.553324248,0.439001714,0.624351434,0.057265964,-6.687891206,-2.259662134,-0.102517533,-0.143400727,1.440953315,0.72874316,2.826430781,0.391637088,-0.275020276,-0.247567335,-1.041236764,-0.962146795,0,Normal
0.938684944,-0.052782907,0.885013049,2.001127505,-0.748032843,-0.455753658,-0.0633546,0.412421318,-8.498744857,-1.933315764,0.528913009,1.106483545,-0.610441098,-1.004727798,1.321412863,-0.403973537,0.446343303,0.115514601,-0.577727593,1.230208085,-2.053972025,0.2922401,0.975859504,-0.524779155,-0.368399027,3.593211966,1.250609233,-0.941159567,-7.135017921,-3.510576316,0.68385836,0.19721849,6.325209197,0.363236999,4.587897956,-1.138215518,0.431415678,2.051517679,-1.616868625,3.035815155,0,Normal
0.026154957,-0.510856585,0.95486195,1.068624128,0.336418373,0.821936477,0.151064838,-0.392425655,-0.464996792,-2.668599693,0.742960978,0.314205108,-2.130599483,-0.4749211,0.924422976,0.343685775,0.134008572,1.374692925,-0.129095319,-0.278662831,0.677747089,3.961094693,-2.816581585,0.340242982,-0.127327026,2.485350764,-0.573648736,1.597335324,-4.802909811,-0.559330657,0.857148808,-0.001090519,-1.34664117,-1.668215743,1.22747102,-0.606576731,0.443731621,-1.945421502,0.206686252,0.002567166,0,Normal
3.042616766,-1.293651563,2.431250045,-0.289258879,-0.741704102,0.107409131,1.281015285,-0.094465204,-6.760156807,-2.691557851,0.40519534,-0.154405608,-0.405224488,0.268889454,-0.159576928,0.409375135,0.952388299,-1.585905175,0.459491818,-0.677629574,-0.434337766,0.732731636,1.632298568,0.339557649,-0.6783749,3.442622186,-1.939024609,-0.645955534,-6.727333165,-3.592823779,-0.059043757,0.094754695,2.123119689,-0.019777684,2.747476751,1.925462738,0.896355415,1.464438467,-0.063923583,-0.793483241,1,Intrusion
3.872136408,-1.389377671,-1.49952094,-0.074914723,-0.367764109,-0.235676138,-0.148867019,0.073633693,-4.347498164,-0.927550888,-0.148949754,0.612335038,-3.413627318,-0.311301368,0.171161144,0.269757543,-0.670728417,0.867261548,0.172655766,-0.897209856,-0.376094201,0.122100751,-0.800888951,1.194593801,-0.602160785,4.730710972,-0.679246656,0.214924482,-2.167467703,-2.2562852,0.008961975,2.631507609,2.455159362,-2.457578527,-1.738103978,0.477133334,-0.191472934,-0.818963939,-1.153609584,-0.794473781,0,Normal
0.593758375,-0.012198835,-0.34244135,-1.087569436,-0.097810933,-0.278169186,1.988196547,0.663499874,-3.332174172,-2.906043025,-0.403821159,-0.214292698,-0.368500437,-1.541986211,2.292650491,-2.454976329,-0.447771408,-1.090075808,-0.641512815,2.234397761,-0.988986396,0.266830014,-0.532109396,0.01547394,-0.77275354,3.752245177,1.414697596,-1.453461917,0.648926438,-0.05694129,0.149348616,0.842457131,2.363349224,-0.727845586,-2.730506313,0.715062836,1.973272504,-0.435943415,0.9128112,1.261471783,0,Normal
-1.925070568,2.494215033,0.14257966,-1.14857347,1.091600911,-1.422660242,0.029077985,-0.224257776,-2.292140702,-1.553087736,-1.825131737,-1.198203408,1.342588071,-0.52257332,-0.654220035,-0.542863311,-1.167986771,0.41924915,0.8699864,0.197522658,0.773593225,0.666722409,2.189247921,1.690527962,-1.119633821,0.506517898,1.29290851,0.615097075,-3.01152967,-0.051417843,0.242939934,-1.906332929,1.238170173,-1.637741477,2.208527799,0.287791325,-1.509679579,0.815466035,-0.003066692,-1.07612966,0,Normal
2.0646692,-0.268400738,-0.897536449,1.225199406,-0.001952167,-0.360362448,-1.333904756,1.556758446,-0.411893357,-0.100598106,-0.330586901,0.486573292,-2.892043101,-1.796646475,1.374158407,-1.793238572,-0.260322942,1.176529969,-0.43334711,-0.146393759,1.802670295,1.706419466,-1.982793438,-0.287791675,1.634769482,2.308621819,0.501463514,-0.089372171,-1.748412956,-0.960540388,-1.374279681,1.904203369,0.318398284,1.823054926,-1.211093788,-1.884319435,-0.108670732,-0.403981823,0.377864313,0.161131088,0,Normal
1.576114538,-0.736077347,0.653496749,-0.071549135,-1.254605241,-3.12483465,0.637718756,0.397148951,-2.36628399,-2.263371453,0.036274881,-0.741586478,-1.33635699,0.17049958,0.902032074,0.046934084,1.060638549,0.068814108,1.391831863,-0.109648408,-0.654313651,0.999761903,-2.578510044,1.130818834,0.5574753,3.561702227,2.021242009,0.56845296,-0.623286842,-0.12851572,-1.175387528,0.457188901,0.555343656,-0.670401484,-1.291959725,-0.229320706,1.476890128,0.292812632,-0.033344676,-0.247735561,0,Normal
1.841103872,0.383278466,0.570107252,0.800451243,-1.304414045,-1.554267852,-0.09813779,1.669726786,0.024447458,-0.884034116,0.328380259,-0.139855581,-1.091783669,-0.454859216,-2.002770043,0.501714711,-0.554925645,-1.507441215,0.155430138,0.082874264,-2.142303973,1.273761369,-1.862112302,-0.337439949,0.925088466,2.202255284,-0.097017833,1.338017031,1.144226316,0.228876852,-0.469880502,1.37950063,0.233978989,-0.670717356,-3.42142611,-1.144479135,0.123127629,-0.507905749,-0.112802074,-0.753947495,0,Normal
-0.696107918,-3.039982787,0.895631685,-0.970341953,-2.150104643,-0.846521845,-1.198263999,-0.439606703,-3.237944334,-2.388367944,1.223400755,1.122870531,1.231216365,1.343258071,-2.060971332,0.225411251,-1.068585938,-0.545880752,-0.876580153,0.516118465,-0.290216407,1.506838601,-0.565635998,0.760350363,-0.943737762,0.506887367,-1.409682153,-0.15360846,-4.402996145,-1.606071212,1.684855163,-0.827550928,1.71671328,1.145675544,3.704851385,-0.904534032,-0.724212333,-1.45326045,-1.214568567,-2.004726395,0,Normal
2.451403437,-0.657773161,1.230441413,-1.051905505,2.022690084,0.952779008,1.886600635,-1.547422121,-1.610181393,0.092664935,-0.642717213,0.59348268,-0.378318877,-0.75941909,-0.393689749,-0.322871872,0.015405607,1.31400068,-0.779357004,-0.287270371,0.099542435,-1.147625048,-5.313434032,0.823297113,-0.996561497,3.171694277,-0.757310197,-0.238411564,4.168835228,2.118134074,1.987956982,-0.713606474,1.358004008,-0.389603544,-2.3861426,-0.445777098,2.03419931,-0.055981164,0.271886582,0.541892276,0,Normal
4.757601069,-0.815983945,1.584673467,-1.462900326,-0.642771927,0.462039788,-0.241545512,1.421919914,-10.64053591,-2.031433005,-0.652345964,0.669495434,-0.873655731,-0.367444995,-0.888837135,1.303074591,0.281937955,-0.947097906,-0.142171508,-0.551838431,0.989759354,0.127311344,7.829920686,-0.10217895,-0.647689541,5.135924658,-0.303882933,-0.730925473,-9.661833804,-5.965545057,0.265321394,1.560580284,6.014180857,-0.653757419,1.337966391,-0.284058985,-1.158318404,-0.230373,2.055158241,0.105861336,1,Intrusion
1.923816159,-0.0648611,-0.845445564,0.919116443,1.714654652,0.754443658,1.698032484,0.347916853,-2.687056213,-2.641676095,0.040418251,0.763066883,-3.570803762,-0.374944949,0.911868648,-1.169579164,-0.167886634,0.438055262,-1.192690107,-1.085986384,-0.830009979,0.181814853,-1.014892709,-1.19871094,1.487941372,8.028245818,-0.439922128,2.386043872,1.683599029,3.08490259,0.892378527,-1.3399469,-1.11839694,-1.754391561,-5.771765782,-2.400916583,-1.153425561,0.418872218,-0.581056432,-0.231403282,0,Normal
-1.154720014,2.434015024,0.524033794,0.944318687,0.789360501,-0.128851496,2.013608336,0.615174325,-5.964167548,-2.29649224,-1.597077622,-2.271229976,0.307157896,-1.39779907,-0.074087038,-0.135179536,1.0897056,-1.012469163,-2.341909792,2.146972876,-0.484675553,-1.066632838,2.810279926,-0.299267237,-1.15603677,4.169550487,1.771376947,-0.604775319,-2.923686501,0.792853394,-1.363923993,-3.324498128,2.364299165,-0.313579877,1.760213751,-1.159782768,0.681938887,0.422243656,1.122606412,-1.310919781,0,Normal
-2.013173768,0.405138782,-0.223280905,-0.162510033,-0.2439063,0.767400199,1.055918954,-0.384907127,-4.397259997,-0.97610278,0.188124051,1.228696556,-0.625318246,-0.047914029,-0.488087611,-0.570965407,-0.643885286,0.826806682,-0.269256758,-1.778127159,-0.36894602,0.685719932,-0.105203437,0.846270916,-0.225455895,1.050440071,0.952344742,-1.101423642,-5.59549858,-1.810151519,0.609854657,-0.493655932,4.071047546,-0.616708759,5.435140666,0.887430659,-1.949685228,-0.117440617,1.047748117,0.639109773,0,Normal
-1.810441197,1.357669722,0.492112432,1.199784517,2.13948833,1.484409922,0.590273322,0.489037097,-1.025381019,-3.487324606,1.551228306,0.584287856,0.257824985,-2.122758953,-0.418866101,1.035058961,0.560786443,0.825143993,-0.02518515,-0.093533078,-0.352577987,3.511908191,-3.13200995,0.154689458,0.47907363,1.13696193,1.561390284,-0.698897781,-3.353621632,-0.390480396,-0.557836029,-0.224394572,0.705743593,0.798753894,1.885978577,-1.193093319,0.722052435,0.700779155,1.056206368,-0.683432809,0,Normal
2.836373992,0.734924004,-0.07968279,0.408881586,-0.494227563,0.478303534,-0.513466628,0.084842169,-0.19865677,1.347981608,-0.981081765,2.313234601,-0.036738912,-0.279521677,0.386456245,-0.172019221,-3.152253836,-0.632973688,-0.04753563,0.99984634,1.494370008,1.900451328,-2.410224114,0.214662903,-0.270096666,-1.170266127,0.015649806,1.548019482,-1.77633749,-2.750234241,0.036259755,3.018243426,2.886758799,-0.038595723,0.303436141,1.265914575,0.185676391,0.766650458,0.619862498,-0.105544361,0,Normal
1.108055634,0.303323413,-0.796583572,-0.286376458,-0.847490317,0.773352228,-0.445879977,-1.438649597,-8.16679075,-3.145664618,-0.121272005,-0.458308412,0.661749006,0.442271243,-1.040174222,-1.516456221,-1.142662427,-0.03977319,-0.362022875,1.469742866,1.112265699,-0.746615503,3.73576183,0.990565453,0.173611086,3.621910673,0.327144342,0.096197323,-5.477277797,-2.93054783,1.183586119,-0.601000975,3.991314585,-1.16208229,2.58699404,-0.93593258,0.148142339,0.387638439,0.708767083,1.086943691,0,Normal
-2.579164791,0.865941733,1.268924226,0.138370098,-0.422996065,1.289487651,-0.032902936,0.185227098,-1.391218198,-0.359958381,1.141670857,1.545696036,0.463756418,-0.984087772,-0.583429525,0.51876798,-0.788648604,0.398600125,1.929760945,-1.875917236,-0.531958516,0.942011754,-0.878847472,-1.005426095,0.999436995,-0.972659354,1.210818048,0.503524338,-3.258454554,-0.814328476,0.07598641,-0.564348748,2.46535596,-1.491382661,4.40756721,-0.172384494,0.231870386,-1.009777403,-1.451958513,-0.139501624,0,Normal
3.355841492,-0.260249249,-0.11393397,0.166345924,2.225101433,1.217151648,-0.459313598,0.036529778,-1.312473698,0.807175268,-0.479435161,2.035994924,-0.190989559,-0.02161618,0.293866157,0.626683602,1.389389838,0.749792501,-0.766260304,-1.185238738,0.529530936,-0.615486238,-2.874645631,-0.229602088,0.81961666,0.74134502,1.758976195,1.524803975,1.933384755,-1.192735425,2.028817846,2.235263216,2.389355375,0.734076488,-1.701405106,-1.014621975,1.675770004,-0.316408516,-0.011418294,-0.903546898,0,Normal
2.204133446,0.899274342,-1.439185415,0.644300392,0.003704741,-0.541454386,0.913327527,0.57626799,-3.016043237,-1.875998658,-0.563273149,-0.851284695,-1.384020053,1.094770767,0.081244241,0.128452173,-0.18986627,1.329382476,-1.280976847,-1.664705147,-0.698483557,1.097182393,0.956485248,-1.769417574,-0.547960563,3.753091938,0.558481498,-0.172112338,-0.983861188,-1.302831103,0.905655067,2.168572259,2.476290167,0.118774415,-3.585726311,0.467818697,-2.395963001,0.331659924,0.746118601,1.29604909,0,Normal
-0.073657774,-0.550339832,0.132395906,0.0369225,-0.250124276,-0.185189369,1.135761416,1.189721586,-3.355866998,-2.441768385,-0.345548226,-0.847079006,2.275436286,-1.498598252,1.611330108,1.676219204,0.08983585,-0.007329906,0.088073583,0.296324432,0.128217453,-0.091435811,1.810855286,0.98581872,-1.469200824,1.41557819,-0.187717479,3.500778042,-1.642865937,0.00559158,0.263498946,-2.233487948,0.592444704,-0.099376797,0.890858752,-1.172789851,-1.153942783,-1.159961591,0.115533107,-0.584424528,0,Normal
-0.257882531,-1.133182115,-0.570807516,1.933395334,-0.294449295,0.390668474,1.795008559,-0.681945303,-2.591309232,-1.590857172,-0.03981466,-1.063126876,1.775268472,-0.183874901,1.284110812,-0.55729232,2.384664236,1.20408514,-0.612887094,0.195777805,0.216244121,1.945874882,1.565975761,-0.041674373,0.029160574,0.778154336,-1.382922148,2.260074038,-3.708804633,-0.734756041,-0.970145957,-1.228667337,2.053479517,0.894788669,1.260348059,0.725343915,0.138538092,-0.147612841,1.08422611,0.752539149,0,Normal
-3.418680387,-0.382018897,-0.239288171,-1.093308352,0.230346603,0.486294532,1.762771524,1.278009917,0.388337126,-0.640852912,-0.199617546,0.266089396,1.347535154,-0.079949353,-0.149375136,-1.405674172,0.890173118,-1.047841023,0.903102739,-1.010260978,-1.235356379,1.402481981,1.23451562,0.708045082,0.568342065,-0.8044128,-0.222480303,-1.618745298,-1.651840082,1.188803172,-1.768042354,-1.968901965,0.734124492,-0.088766342,1.691117135,1.132791317,1.067242293,1.396672303,-0.262995256,0.855220097,0,Normal
1.196844892,-1.099353475,-0.403631834,0.879760223,0.324586521,-0.557991357,0.836607003,-1.178364947,-1.782046834,-1.122941725,0.08070667,-1.33375938,0.023633464,1.806175121,0.479999638,-1.224267874,0.334020286,1.720439435,-0.164706081,-2.265869759,0.185055332,-0.222059387,-0.45846923,2.300518015,0.198258007,2.332803787,1.257560742,1.056396487,2.293231226,0.156239605,0.505748412,1.316807827,2.427365807,1.858340673,-3.59672825,0.037790366,-0.82374637,0.415461239,0.529568456,0.07356936,0,Normal
1.837097467,0.299678373,-1.572921,0.283661089,0.067502373,1.287058339,-0.723238351,-0.102853605,-6.007397988,-4.390050004,1.078929042,0.096278115,2.515030471,-1.259124151,1.091968524,1.634814213,-0.237670344,0.637460436,1.194655499,0.755849177,-1.124859329,1.864045786,6.06676952,-1.499902272,1.17364471,4.864071294,0.910737529,0.133137296,-4.119478686,-0.417060219,1.288553249,-2.351308641,1.732251105,0.238570484,-2.94251635,0.137314237,-0.616106971,0.427384618,-0.278620748,-0.265338764,0,Normal
1.597749345,2.342699836,0.763969306,1.622517992,-1.151823327,-0.892961266,-0.187842494,0.671866112,-3.244528607,-2.716126565,-0.010350977,-1.464659762,-1.735201699,-0.952782565,-1.433147144,2.478443183,0.352761471,-0.827878209,0.039783845,-0.976689032,1.093914768,1.610471749,-2.132329903,0.911315442,-1.660115133,3.558067248,-0.112556832,0.52466961,-2.481464727,-1.540371169,0.444178324,1.524492972,1.551322911,-0.766872793,-0.472785538,0.492884912,-2.437942483,-1.414608748,-0.050903166,-1.517354272,0,Normal
2.32219529,0.739353817,-1.126336654,0.001253116,-0.508603557,-0.479270192,1.092373593,-0.798936725,-0.916436714,-0.160210545,-1.068993036,0.003689107,1.376003844,0.133595592,-0.593959451,1.557349228,-0.765735372,-1.465778304,-0.272255349,0.193714247,0.582945497,-0.089709791,-6.172514141,0.472437216,-0.322222765,-0.340382535,1.232799137,-0.983709522,2.55357468,-0.66026485,-0.67392698,1.334352368,2.239084546,-2.148064936,0.134746535,0.441069009,2.215247188,0.799484388,-0.724958737,-1.315108731,0,Normal
1.489122457,0.783975521,-0.380717815,1.871767233,0.854713069,0.791167174,0.908612215,-2.1896698,-2.530486341,-0.987979244,1.074142857,1.429205186,-1.162806849,-0.166034017,0.378941427,-0.377099902,1.139908537,-0.08159309,0.499443841,-0.34499758,1.252782068,1.384474269,-0.95670875,1.275165966,0.596540497,3.090392551,0.552462404,0.523677403,-1.483995018,-0.48630175,0.273407654,0.814336372,2.492980249,0.102940012,-1.461363685,0.369973221,1.560017472,-0.872082373,-0.337218742,1.525561119,0,Normal
-0.755791078,-1.671069326,-0.320294289,-1.310783014,1.416478998,-0.93369237,-0.108442719,1.673886999,-4.960036897,-1.711092475,-0.482599625,-0.908103041,0.175155992,1.519490114,0.871236123,1.311535092,-0.338033801,-0.560880799,-0.253991164,-1.717447382,0.721863883,0.569977456,1.446211922,-0.284441847,0.853725271,3.162040791,0.195915235,-0.685885586,-3.786687249,-0.162632028,-0.439697858,-1.808081095,3.452216578,-0.065997585,1.803035499,-1.082586892,-0.145943986,-0.65381073,-1.440270202,-1.221912597,0,Normal
1.53037664,-1.347813315,-0.160505806,0.816523595,-0.243674827,-0.259014632,-0.599485048,1.116128698,-1.051784153,-0.948353351,0.382845157,2.406846731,-0.975614611,0.283735751,-0.971836603,0.921818582,0.310294316,-0.940124749,-0.094245684,0.31218265,-0.655572228,1.614927374,-1.43392212,-0.06824678,-1.929477672,2.375280793,0.099875591,-2.090986718,-0.460309287,-0.200130248,-0.931234853,1.07262086,1.31603733,0.572883751,-2.220831289,0.675238429,-0.33773052,0.042650927,-0.462768255,-2.338392051,0,Normal
-2.640150723,0.313613256,2.31170317,-1.23698442,0.790221039,0.346810544,0.583422498,0.545658361,0.906949826,-1.901583259,2.478369057,-0.133387611,-2.15621307,-0.982919223,1.073827818,2.129096132,0.447793515,0.849456808,-0.011163883,0.632644992,0.12076785,1.541186204,-0.426274669,0.068501553,-0.430502236,1.732339977,0.274208268,-0.126598876,-1.777181601,1.34207891,0.17738299,-1.070989612,-2.376547,1.092645125,0.586300462,1.729853737,-0.311582245,-0.209097439,-0.788488791,0.327643232,1,Intrusion
1.416805047,0.535382611,-0.227107942,-0.754013173,-0.653641128,0.779572615,0.10079842,0.295968934,-2.973622772,-2.342157524,0.113025453,-0.517372081,-1.147509329,0.245566738,-0.809412924,-0.436073351,0.752388677,-0.138043927,0.653867629,0.038090558,0.170177414,1.402579776,1.14920627,0.041548154,-0.550745019,3.526038012,1.008193992,0.815551849,-1.182007619,-1.379917597,-0.272028695,2.298902103,2.789307806,-0.890842108,-3.424936129,-0.011200936,0.850916229,0.462010968,1.276431175,-0.974789548,0,Normal
-2.706304705,0.620341234,2.26612724,0.512619727,-0.0340145,-1.456810897,-0.148263148,-1.302209387,-2.988208006,-1.694289132,1.026769523,2.048236193,-0.363378182,-1.145174566,-1.652259213,1.39324695,0.518210688,-1.483811989,1.161633454,1.860534001,0.706874228,2.552344706,1.115708505,0.042242174,-0.338719995,1.550905705,0.382970531,0.364463258,-5.958200202,-0.658261738,0.070935125,-1.216772259,2.984231197,-0.165290809,3.461684006,-0.310306796,0.17372939,-1.322029869,-0.273401223,-0.215302953,0,Normal
1.988133067,0.836715462,-2.776184627,0.374481937,0.08765253,0.192822713,1.012805893,0.184751196,-3.806062987,-1.567677708,1.206233542,0.692178499,-1.540295815,0.950343352,-1.22492449,0.838326609,-0.642354069,-0.06657638,-1.253995138,-2.150165041,-0.118763016,1.489785052,-0.863647347,0.135469044,0.235184412,2.213398936,2.007577772,0.058328372,-3.575269794,-3.395930462,-0.941500764,3.220709207,3.837315708,-0.05566513,0.263960681,-0.71567861,-0.821031287,1.02545998,0.350811718,0.526864862,0,Normal
0.496344382,-0.925917252,0.256718989,0.393410935,0.568694289,1.459757122,-0.13355336,-0.902095083,-2.531970521,-3.483714372,0.574110746,-0.553824481,-0.847205731,0.790094231,-0.849053667,-1.224731713,0.245828123,-0.745726496,0.352528229,-0.113500102,2.070118678,1.467230987,-0.16354127,1.40429652,0.420373091,4.202450958,0.059288282,-0.4823325,0.203150366,0.063666847,0.764273729,1.22904004,1.69802089,0.402442057,-3.968192737,-0.72325834,-0.512210122,0.981096656,0.999830506,0.30451121,0,Normal
4.896070368,0.70679154,1.939856984,-0.975036386,2.277639602,0.967040463,1.373978031,-1.641845696,-1.754256522,1.362944733,-0.450561604,-1.752129722,-2.397781887,-0.530362767,-0.951619631,1.341393197,0.573494732,-1.453312712,1.648435785,-0.095252684,-0.730861234,-1.015717274,-4.516992294,-0.340960146,1.436059047,4.247362081,-1.3780114,-0.572572076,2.454243841,1.304073504,-0.569547073,-0.149565618,0.305253814,0.06637032,-2.814264196,-0.856166461,-0.518765974,-0.013263645,3.303624012,-0.081206871,0,Normal
0.413690916,-0.030705693,0.831129419,0.125821252,0.118325223,0.916175765,2.83359508,-0.668073877,-3.195154364,-2.837600105,0.102743077,-0.522000811,0.369741893,-0.41274998,0.47105636,2.175719711,0.322226401,-0.070328875,-1.30866312,0.13021707,-1.377176383,1.099979806,-1.872920485,0.118533608,0.612724018,2.560297406,-0.201708227,-0.607397958,-0.462755175,-0.737945196,1.27367793,0.966928001,2.962718044,-0.396536449,-1.001383056,2.054835522,-1.687808483,1.403460781,1.228822805,-0.707663374,0,Normal
2.552793862,-0.143561461,0.82096176,0.803757393,-1.916295136,-0.724737955,1.130199995,-1.75417013,-1.480758864,-0.644030887,1.465456941,2.020787444,-1.522654847,0.644357008,-2.913418701,-0.901637929,-0.565450692,0.933821852,-1.033070843,-0.539537864,0.824822152,2.224781706,-0.975161215,0.755310615,1.326775944,0.911894067,0.621705476,0.791056495,-3.216002588,-3.293657031,-1.379380507,3.560461714,2.204297737,1.252723089,-0.45076634,1.634940968,1.328907853,0.514960117,0.208464503,0.055350713,0,Normal
-3.909000469,1.02815328,0.336611048,-1.615656474,1.183344841,-0.122643243,0.726874959,0.168982433,-1.307489002,-0.833982694,-0.576010726,1.503412823,-0.793145052,0.46801592,0.510172215,0.007431213,1.536985902,0.480204704,0.408037413,0.265751973,0.849087235,2.400578417,-3.331017815,0.946628523,0.647791864,-0.024348149,1.890022105,-0.981770903,-5.257501831,0.007320551,0.555655146,-1.701167661,2.089921379,-0.080995001,6.482239304,-0.398581277,1.830356276,-0.854323383,0.34045447,0.754405616,0,Normal
-3.848705566,0.83927228,0.289693872,-0.676205541,-1.849160831,-1.796758252,0.27232077,-1.140663946,5.309597808,1.903529486,0.148628818,-1.035886194,3.301159068,1.010892156,-1.089189428,-0.925757898,0.734570029,0.423936019,-0.025723153,0.954670419,-0.050928381,0.925725202,1.55728146,0.999980461,0.742616491,-3.53512632,1.365820704,-0.682327657,3.795307154,4.071056773,-0.576437028,-2.827790182,-1.031852615,-0.965529185,-1.904389403,1.23291567,-1.458528732,0.553071191,-0.670579675,-1.621434382,0,Normal
0.861825195,-1.005034779,0.478725821,1.658060806,0.231692942,0.269027538,-1.518470695,-1.266381341,-2.490308663,-1.628798306,1.161909277,-0.970620414,-2.272868931,-0.534799615,-0.139168352,-0.500062813,-0.011962978,-1.818468078,-0.615447867,-0.048052456,0.493444433,-0.185855493,-1.872963609,-0.212790703,0.960808032,4.195506554,-0.98795729,2.132360724,-1.511265614,1.186313154,1.54189793,-2.064745739,-1.683147224,1.991963142,0.746027549,-1.967003491,0.268547353,0.056753256,-0.53410065,-1.43604856,1,Intrusion
2.380404394,1.126973631,1.131045915,0.947558022,0.231361341,1.215763867,1.371011059,-0.794312518,-1.959080912,-0.29938152,-0.956098188,-0.48505929,-0.034445473,-2.242558812,0.521128629,-0.599528333,0.449839967,1.539041602,-0.241681077,-0.17999319,1.350243671,-0.721986796,-3.508625961,-0.210948603,-0.863137697,2.474789054,0.673467659,0.774910652,2.635439733,0.768318599,-1.699460018,0.115446111,1.730486371,-0.026501624,-1.998996771,-0.449146069,-0.19454436,-1.157131164,0.553209536,1.697413124,0,Normal
-1.251777239,0.107706818,-1.459737105,0.480733871,-1.081748479,-0.666154687,-0.59340915,-2.011264796,-5.248803284,-5.298992572,-0.023815298,-0.128502151,-0.403576609,-0.9250339,-0.075251459,-0.292481039,-1.010290081,0.762004876,-1.384610831,-1.720312112,-1.637255718,2.174610536,2.690488482,-0.601997061,0.741348763,4.883577944,-1.511633144,-1.437937084,-3.14614121,-1.296886518,-1.535837955,1.292326986,3.996839616,-1.330976833,-2.444196036,-1.910373249,0.805057333,-0.74401313,-1.128273335,-0.817553499,0,Normal
-0.665695704,-0.657172024,-1.048705877,-1.24670354,-0.670655414,-1.655624518,-0.027376493,-0.223514362,-3.48417151,-1.994185055,0.374010348,0.757457307,1.304377624,0.419266456,1.045284198,0.862846374,-0.981726678,-0.047654135,0.2762068,-0.857173453,-1.521905687,1.213152076,1.99276354,-0.940753202,1.282724723,1.316295614,0.741774078,-0.175498248,-3.779554981,-0.937381564,-0.291854504,-1.115639563,2.329948604,-1.260553813,1.638704662,1.417089706,-1.002146865,-1.40475135,-0.211457521,-1.21930902,0,Normal
-2.533299646,-0.000529239,0.756585738,-1.589529654,-0.533714631,-0.199982929,1.141903948,-0.192555005,3.381538452,0.970990975,-0.499011411,-0.206652219,3.014163953,0.249055279,1.253969263,0.512042692,0.063526214,1.042025291,0.460576366,-0.891018217,-1.472736482,1.684326973,1.853362374,-0.450368862,-1.00610402,-3.694983874,1.200073,0.309693895,0.862753543,0.928131259,1.960569424,-0.487348151,0.555459721,0.557765364,-0.630540868,-0.17043096,0.767433481,0.42721413,0.341428651,0.650553687,0,Normal
1.860051203,1.220953666,-0.295856382,0.066819279,1.550023528,0.342716305,0.828212106,-0.336021166,-3.180085068,1.024762107,0.803398983,0.547556415,-3.100600534,1.865069081,0.071313302,-1.341415797,1.458290293,-1.297512204,-0.967383692,-0.766860184,0.878768052,1.546836701,1.628957643,0.450695154,1.272793252,3.74068903,-0.535237182,0.739873721,-5.873601357,-0.675158532,-2.026227827,-0.886143773,1.593536181,0.291853957,1.21464686,-0.948084437,0.251537883,0.349410995,-0.890516459,0.357144111,1,Intrusion
1.651599372,1.654020823,-0.879442027,1.477569586,-0.966740265,-0.321689873,0.458406752,0.764724547,-2.798139961,0.564808166,0.385041781,-0.462112113,0.880579212,-0.282855894,-0.496021303,-1.190243855,-0.337097587,-2.275988644,0.045069882,-0.130223233,-0.340513294,-0.660423254,1.856544373,-0.81865193,-0.332180316,0.249774693,-0.073655529,-1.404144378,-1.607156973,-1.587798291,-2.560813302,0.25768841,2.559898322,1.074586515,0.714689172,0.162700563,0.948009719,0.811204582,2.085796309,0.512184361,1,Intrusion
-1.703506257,0.24206781,0.867172662,0.792644366,2.171131804,0.783281018,0.636151762,-0.2407778,-1.800676894,-1.143244109,0.017127719,-0.426121679,0.719869291,1.323977401,-1.483795202,-0.000795795,-0.838037621,-0.44338765,-0.250100128,-0.264211933,-2.040042062,3.408544303,1.441976068,0.242114318,-2.017668543,0.02308232,-0.253928922,0.122609729,-5.57199722,-1.521786958,-0.143424526,0.059435123,3.394991299,-0.290880789,2.265404707,0.063361341,-1.354756155,0.064455752,-0.995668695,-0.506458715,0,Normal
-0.839675237,0.189414028,-1.403910647,0.348207731,-0.050945866,-0.547727985,0.667191256,-0.142885378,-1.065973777,-1.122954704,0.381499775,-0.086974668,2.764485867,-1.878887431,-1.359641234,-0.17736269,-0.267216428,0.711844413,0.116405608,-0.659541778,-0.410195182,0.022555815,1.121588727,-0.926668667,0.073029208,0.11263073,-0.373280529,-0.351768681,-0.059765934,1.446181514,0.672127815,-3.045065586,-0.229875009,0.633044427,0.571834992,0.339803759,-0.321902084,-0.032105037,-2.680901441,1.204978136,0,Normal
-4.777925745,0.275005252,-0.857874762,-0.415817709,0.27455039,0.071649882,-1.117363373,0.951343348,3.228581744,-0.737167083,0.25449022,-1.057974483,2.318722675,0.377526073,-0.434114179,-1.009289937,0.622344714,0.097440153,-0.134931937,0.705873467,0.543795675,2.778143119,3.050474572,-0.28515552,-0.733642139,-2.733465932,0.803774271,1.166540518,-2.050164729,1.684954198,-0.744026276,-2.476176538,-1.520698635,1.032662269,1.254174568,-1.559919034,-1.518398578,0.4266369,-0.621293908,2.237703659,0,Normal
1.348087975,-0.900145229,-0.645293549,0.339903551,0.185435654,-0.226326799,0.232128078,1.239195318,-2.497649431,0.999244049,0.478300079,-0.303083314,0.344124214,0.235495409,0.074696139,-1.125172639,1.337753098,0.739920444,-0.50288468,-0.773144257,-0.052500766,1.122876849,1.395480618,0.197631571,0.443555041,1.144985149,1.286486802,0.630968895,-3.337339116,-0.627742649,-0.567777848,-0.869462491,2.864630332,-0.489211233,0.869471173,0.27475199,-0.222557796,1.400071128,0.234225269,0.218477956,1,Intrusion
-4.101814387,-1.758381715,1.393721087,0.27117935,0.316634217,-1.007231908,-0.123390546,-0.185980889,0.16880741,-1.111249632,0.158881437,-0.199545462,1.291110571,1.201931807,1.279276986,-0.348330972,-1.339644289,-1.164728596,1.26923515,-0.179376405,-1.118456331,0.392506823,2.466980531,0.16084793,-0.392370221,-0.415801173,1.245871685,-0.705323466,-1.016754509,1.745649246,2.27619916,-2.668144246,-0.202699649,-0.967765505,1.525690777,-1.56972971,-0.675540855,2.196110416,-0.157842258,-1.432146901,0,Normal
-2.151374039,0.960326253,-0.457674368,-0.06613962,0.210293531,-0.76907937,-2.134131731,0.840097994,0.161734451,0.044144002,2.437750113,0.31384651,2.189201666,0.235211387,2.314598769,0.186564747,-0.032770073,1.211681514,0.229243668,1.089934214,-0.354996819,1.238456413,3.302520155,-1.383918841,1.014404418,-1.16513254,0.233193068,0.848707152,-1.375376884,0.608670892,-0.757912369,-1.414666185,1.542490378,-0.841238291,0.167090321,-0.234638392,0.455751456,1.353355106,-0.004203722,0.267767346,0,Normal
0.380926468,-1.56058633,-1.59159839,-0.307706287,-1.194555287,-0.547777899,0.242285216,-0.435011616,-4.640151478,-5.306114008,0.894300993,-0.121881917,3.401760745,0.452621758,-1.080097282,-0.310528243,-1.261322633,0.840156916,0.588816519,1.445724563,0.854737323,-0.859492176,4.089651053,-0.532429988,-1.147556175,2.394047934,1.158515266,0.21172491,-1.626602483,-0.275163637,0.65609901,-3.101305582,-2.044972983,1.26030605,0.056863214,-1.044970665,2.420583441,0.479606762,0.571861886,-2.070196794,0,Normal
-1.208519314,-0.555021984,0.989654833,0.571726815,0.19532431,2.091288195,0.560032386,-0.573989489,0.754359478,-0.647822107,0.746213986,-1.039391499,2.71412687,0.250420743,0.958372912,0.345361719,1.421094215,0.108272117,0.843276223,1.1448787,0.727297361,2.0265129,2.030702065,1.648891496,-0.265942268,-0.735687661,-2.008504627,-0.267327328,-0.348531371,1.093102109,-1.529055888,-1.422525509,0.78308713,0.587930814,-1.42763217,0.369706877,0.20255333,1.783808593,0.563724167,0.224031181,0,Normal
-0.774406934,-1.818671435,-0.690801512,0.327587884,-0.393932826,-0.368553059,0.261721458,0.119377618,-1.551195216,-0.516724444,0.320037025,0.935740008,2.042577604,-0.25381496,0.381249186,-1.655978873,0.516248368,0.731033256,0.113443262,-1.611578061,-0.218484438,-0.69317815,0.012391811,-1.061931387,0.592821934,-0.763415392,0.708703888,-0.918973879,0.043162041,-0.169890576,0.86418759,-0.910859941,1.601038573,1.306464727,1.661034937,-0.723915465,-2.245642208,0.411927386,0.338823616,-1.754839715,0,Normal
-2.274728595,0.688739973,-1.709577209,1.538868128,-1.46688316,0.219325423,-0.720638009,-0.59818645,1.611754511,0.49645547,1.433013623,-0.649903224,1.779121779,-0.144945039,1.06723095,0.084133814,2.019995484,-0.460508926,-1.107679577,2.672410206,0.185299335,2.599581656,-0.30547401,0.717246598,0.165114816,-2.872807685,0.493871844,-0.258789247,-2.005828015,-0.483804188,0.636741862,0.224647544,2.03150044,-0.185016517,1.900978786,-1.341036989,1.189240191,0.090643251,-0.235488405,1.090602834,0,Normal
-0.212195148,-0.320997857,-0.133978584,-1.286211769,-0.010381967,-0.171140836,-0.069012714,1.180544159,-3.72355557,-2.355950207,-2.648357306,0.388390676,1.543451305,0.626039482,-1.404653445,-0.131339974,0.484485817,0.089609025,-0.023953354,1.117965469,-0.870545835,0.758730244,1.101321978,-0.498377011,-0.587679936,1.43976322,-0.58731906,-1.033486285,-3.094713306,-0.888007724,-0.082585846,-1.250129663,1.863694752,-0.118665468,1.712068579,-0.555787096,0.327842378,-0.67663985,-0.431347403,0.5801893,0,Normal
-3.048303186,1.352861186,0.818729101,0.891845502,-0.255767048,-0.250963865,0.79707088,-0.99257109,-1.464714555,-0.440071509,0.091516734,0.948640939,-0.126094819,-0.404839251,2.949574986,0.012784006,-1.514441901,1.115669022,0.153943571,0.590621764,0.44049696,2.609839169,-0.630316698,-0.597755677,1.861101116,-0.530188155,-2.341478533,-0.386656149,-5.451420058,-1.045836413,0.284870212,-0.479017166,3.248896995,-0.145263682,4.775418374,-2.364956932,-0.021339783,-0.925445746,0.547614948,-0.432155083,0,Normal
-2.605809486,-0.195814968,-0.427516752,-2.545711753,0.594135628,-2.502338573,-0.535040032,0.395826173,-1.553273428,-3.065746241,-1.459527067,0.889849563,1.669653289,0.00932832,0.644122718,0.185749563,-0.429470619,1.047667914,1.457491316,-1.059821559,-0.233235167,1.820113309,3.574715036,-1.590989626,1.220420422,0.813410878,-0.447255489,0.472083346,-3.467483703,0.250636135,-0.455798607,-2.131562455,-0.203122176,-0.069555337,0.92935929,0.631245917,-1.701152972,0.01553575,0.007757107,-0.030601556,0,Normal
-2.135978223,0.916331574,-0.174589113,-0.662631318,0.770224562,0.365453239,0.202195388,-0.406960899,-0.51060185,-1.619772162,-2.117646999,-0.671189799,1.520549298,-0.989546946,-1.737078798,1.022241005,1.23504509,1.308968675,-1.015799091,-0.320828053,0.128085967,3.079321083,2.428656551,-0.184316991,0.472558896,0.472698583,-1.207223907,1.110438788,-3.491858016,0.596951532,0.512097005,-1.766452912,1.047927758,-0.508658006,0.266810564,-0.145059049,0.480464217,1.434394999,-0.426217794,0.942202362,0,Normal
-3.948199143,0.189967461,1.230134812,0.890233393,-0.460427629,0.435976535,2.165842427,-0.466754727,4.15508068,-1.414979106,1.10397271,0.175397114,-1.481311013,-2.049292697,-2.123952744,1.499781359,-2.102962579,-0.213015142,-1.557273269,0.514404073,0.116736112,5.217816924,-0.624816316,0.069085135,0.351808443,-0.897640385,-0.365964645,0.785707413,-4.877015383,0.990521523,0.970791799,-1.061735743,-3.384853033,0.949416515,1.962084436,-0.562610884,0.649015442,-0.780696321,-0.64059686,0.759299694,1,Intrusion
-0.55122234,-1.260821466,1.62673353,-0.16802858,-0.719859804,-0.36047171,-1.110249741,-0.410500982,-3.079976308,-1.760743312,1.33440801,-0.339902834,0.777760357,-1.170272915,-0.918268808,-0.734536499,1.740759384,0.982938401,2.262028988,-1.797655992,0.291097788,3.165932518,1.254390469,0.446570968,-0.717031242,1.390378111,-0.142109287,0.250607427,-5.352652875,-1.437385694,-0.633473164,-0.222684511,3.533797967,0.995871883,1.448477509,-1.395514288,0.648027507,-1.906460843,-0.716210661,1.138634748,0,Normal
2.42851335,-1.200458174,-0.262743344,0.915740777,-0.828490342,-0.601922716,-0.93981683,-0.499675858,1.972628368,1.264543828,1.229089436,2.355753509,-1.658353856,1.921889449,-0.224856866,0.198395662,0.254610347,-0.271235118,-1.850159685,-0.700406445,-0.130731302,2.390677866,-3.402847364,-1.034415273,-1.443790621,0.268959949,0.136197771,0.313331441,-1.416683788,-0.100442604,0.508860304,0.577114677,-1.516194147,-1.215190554,-0.252951375,0.005776676,-0.33042918,-0.768669187,0.13466794,-0.817607061,0,Normal
-2.795648323,-0.716883119,2.45601858,1.361838085,0.899492831,-0.11714486,0.5725293,0.459098931,-0.4437617,-0.219731752,0.481530231,-0.372969211,1.030393556,0.221985322,1.893502725,-0.187979499,-1.438515788,-2.514579891,0.204481358,0.591593934,-1.247689091,1.644128801,1.674265916,-0.578283661,0.915603177,-0.265287921,0.242570743,-0.590624243,-2.580750319,0.780507392,-0.067823381,-1.750549484,1.822158461,0.831024808,1.657151428,-0.140484566,-0.733965494,1.479409521,-0.432687421,-1.204606738,0,Normal
-2.480041797,-0.08422514,-0.416082808,-0.875933295,0.151779192,-1.101557708,-0.76705801,-1.055560356,0.58645414,-3.54598982,-2.260944958,1.494916853,2.803267951,-0.539267827,0.890948663,-1.472327287,1.322426163,1.311096699,0.709394928,1.123767367,0.038934038,5.183623816,5.44027328,-0.14413861,-0.150366664,-1.135592754,0.378458287,1.587595452,-6.093903469,-1.219614949,1.272680753,-0.784305278,-0.718819063,-1.263775563,-0.008705861,0.976991849,-0.909107397,-1.005021401,-0.256355721,-0.405325083,0,Normal
0.497262771,-0.397717416,-0.14754909,0.816371677,-0.434010989,0.156152164,-0.764941199,0.343286103,-5.017930497,-2.650444997,-1.241677583,0.835074528,-0.847834548,-0.657405577,-1.334044121,-0.940945494,0.403071646,0.963278985,-1.264885267,-1.443917924,1.059193883,3.499736056,1.997535539,-0.542812012,1.401676941,6.002082189,0.077528956,0.234572928,-6.836358406,0.973335396,1.397950676,-3.597924194,1.605854827,-0.189988787,0.302564825,0.321726473,0.806905718,0.754521859,-1.138320897,1.391492909,1,Intrusion
-1.39752747,0.725877489,-0.581676203,1.126887608,0.690460836,1.726470538,-0.452312863,-2.152561297,-0.955572593,-1.505595112,3.663551423,-1.17982997,2.133291589,-1.712078038,-0.531699654,-0.380464822,1.934683677,-1.843535558,1.947944735,1.309319976,0.17722499,1.055218807,0.609402499,1.720685408,-0.500983587,0.081390613,1.328211242,-0.288149137,-1.384027218,0.841686332,0.672989737,-2.311169077,0.212619596,1.443948014,1.187386661,-0.679101035,-0.899144444,0.006891659,-0.49060497,0.202407,0,Normal
0.575104863,-1.178576708,-0.366629935,0.620352356,0.217979016,-0.059253421,-0.033615489,1.150971365,-1.244343705,-0.568825582,-0.090903211,1.565809773,-2.179657327,1.374142781,-0.680630575,-0.312570878,-0.005676666,-0.887729838,-0.224211721,-1.088309935,0.789238078,0.644729916,-5.114533546,0.015409017,-1.499029766,2.932134473,0.292825622,0.573286565,-1.494015638,1.44067831,-1.62067266,-2.09849565,-1.23161564,-0.359920103,2.381360288,-1.186310606,-1.895433362,-0.820904657,0.163939518,-0.568545628,1,Intrusion
-3.589011231,1.138094096,-0.766918762,1.18672226,1.636789367,0.121927259,1.77035321,-0.267681058,3.86522342,-2.900450485,0.465505642,1.02524705,-2.243939238,0.779186384,1.952054433,0.891361118,0.364461924,-0.043325618,-0.07944789,-0.635989173,-0.23215366,5.989918807,-1.818948819,-0.832644227,0.553020963,-0.351487689,1.135740622,-1.356375982,-4.352590349,-0.462554498,0.94882776,1.827407406,-2.144774283,0.012685382,0.283921345,-0.151681607,1.736973419,-0.65848354,-2.630767932,-0.404515419,1,Intrusion
-1.226237953,-0.503873026,-1.45905396,-1.162894531,-0.341250077,-0.790080129,1.739492548,0.320582034,0.651903265,-0.72972876,-1.787068556,1.48592227,2.694253311,-1.20099819,0.195320016,0.784481865,-0.904661116,1.05617054,1.730328337,-0.353413303,0.149451178,1.687064563,1.724999158,-0.712496448,1.451411167,-0.393769693,-0.608833826,0.606702532,-0.124458299,1.637407249,0.584976275,-2.211624159,0.113520582,-0.202774266,-1.153813173,-0.328968558,0.599736974,-2.045160162,0.814084831,1.194703073,0,Normal
1.081016392,0.106829496,0.447869816,0.143277123,-0.566236689,-1.096521124,0.517004211,0.664944407,-2.399272099,-2.919818965,0.828932291,-1.059097078,-0.049642982,1.085880454,0.792738099,2.224833732,1.179394183,-1.188854963,-0.167471228,-1.352327378,-0.263995939,-0.611328687,-2.013730529,1.763872516,-0.765231512,4.763713909,-1.344475772,0.421514285,4.519011025,2.148097771,2.04292438,-0.055571334,1.302627882,-1.060144175,-5.469114634,1.148222115,1.037180069,-0.346421845,-0.92593374,-1.062380033,0,Normal
1.142052324,-1.394158408,-0.190744191,-0.267911001,-0.673941892,-0.177427548,-0.172763966,-0.461151385,1.518475017,-0.85813881,-0.877841107,0.476085442,-1.229066831,0.374851105,0.363035374,0.802816265,0.88066735,-0.86734334,0.470579239,1.230627374,-0.194940824,1.562991258,-4.201961371,-1.888437548,-0.245966886,2.385881506,-0.795235652,-0.92194822,2.007649167,2.235034471,0.093409994,-0.598449186,-2.010958861,0.035509995,-2.80323494,0.505991865,0.382806906,-1.888115019,-1.540485166,1.410003759,0,Normal
1.872205983,1.485025751,0.481608239,-0.089791329,-0.667257043,0.881913223,1.571953443,0.56476785,-1.476758135,-1.080273022,0.262603368,0.029369236,-2.447438638,0.275718552,-2.314421676,-0.157304376,-1.645525659,-1.092842148,-0.850210371,-0.294448009,-1.240845755,2.656366446,0.495740447,1.007487286,-1.362218116,2.128845815,2.078044791,0.42242356,-4.309813314,-2.536467021,1.800812214,2.608707728,1.125282556,0.17181561,-0.801033298,-1.162053993,0.674013176,0.26710776,1.104444482,-0.664279519,0,Normal
-0.668361149,-0.135902619,1.153806436,0.939303192,0.673233951,0.618540445,-0.079536296,0.895993402,-3.184856449,-1.806787556,0.032329813,0.608443778,1.983024776,-0.165867449,0.149997595,0.225768569,0.841579154,0.015174638,-1.51220838,0.145826971,2.293499386,0.047489106,3.470269297,-0.037980179,-0.365586445,2.214296194,0.966741191,-1.159347634,-1.21341593,1.091638162,0.632177563,-2.731712088,1.38980967,-1.238999941,-0.6925503,1.052414295,-0.030084211,-0.385727737,0.426954611,0.428712051,0,Normal
-0.509792065,-0.672148937,1.69690894,1.419205418,1.527325894,1.005475476,1.319199832,-0.261456052,-0.514539355,-1.813326074,-0.679098601,-1.327551467,1.164513964,-0.833709779,-0.398177684,-0.489312908,-0.693310435,-0.262756929,-1.608005932,1.818885252,0.44347608,2.442098376,-2.472568115,2.728586919,0.290106079,-1.310844804,0.320372071,0.569264196,-2.046876289,-2.265678362,-0.521400656,2.136455145,2.301323257,-1.708331629,1.545629663,-0.740038159,-0.637285206,1.266139961,0.067526312,-0.786744429,0,Normal
1.21869789,0.40718734,0.38403771,-1.497429151,0.581335396,-1.425069998,0.111368007,0.613611448,-1.689239281,-1.347756433,1.576327029,-0.257235316,-3.093647092,-0.276495878,0.161274944,-0.372068065,0.034740502,-0.507468544,-0.943071277,0.809359851,-1.538645828,3.259895614,0.131266674,-0.953068834,0.072415135,3.110154089,-1.928722053,0.553479324,-4.722240482,-1.938087876,-0.532926794,2.303560997,1.605204982,-1.043078271,-1.004261539,-0.64630076,1.10625593,-2.105807675,0.593780306,0.132262595,0,Normal
1.902260549,0.912055243,1.234434974,1.042888115,0.182473333,-0.622605502,1.105336613,2.125517459,3.821055811,2.027348138,-1.420078687,-0.177716623,-1.805152901,0.523382667,0.865173984,0.943121549,0.333144471,-0.595701857,1.13379813,-0.52686403,-0.926928095,3.485935709,-4.837778014,-0.984060311,-0.191251154,-0.67583554,0.103337555,0.558634664,-2.096704587,0.649762654,-2.06221417,-0.314806445,-2.876716848,-1.092403887,0.913347504,-0.702449497,-1.493637373,-0.821884627,2.566611091,-0.272059472,0,Normal
-0.04146115,-0.197714352,-0.382706962,1.112220601,1.694236063,-0.395332371,1.086376494,0.462223012,-2.733718411,-3.30284949,-0.880241378,-0.159954767,-0.622266626,-0.676195119,-0.028790135,0.269510434,0.367454579,0.033194575,-1.109045029,0.865958075,-0.893625576,0.382294735,-3.930550903,0.201352926,0.304221076,4.910936054,-0.715863478,-0.398177825,1.805872095,2.366734872,0.276638236,-1.553370946,0.622167889,-0.23091102,-2.048285375,1.562737546,-1.005691562,0.632316111,1.230049213,1.02889961,0,Normal
2.545188351,-0.519529591,-0.276511491,-0.889913998,-0.696270054,0.679288878,-1.907532348,0.905351616,0.834902149,1.0559823,0.329158111,0.807455187,-0.768898705,-1.192760489,0.428986592,-0.346482207,-0.808001785,-0.353003474,1.001960039,-0.644514085,-0.027470338,-1.364708275,-6.732787013,0.165607561,-0.757576853,2.04874193,-0.298534523,0.094481459,6.025338322,2.824299274,-0.10128376,-0.455196133,-0.448975778,-1.574301842,-2.950412272,0.912393562,-0.721225958,-0.8298408,-0.068265996,0.611998931,0,Normal
2.073184302,-1.210101656,0.875439832,1.0458216,-0.012474042,-0.430632043,1.14186516,2.689978068,-0.991737938,0.214559293,-0.098868828,-0.052043464,0.418729893,0.402827192,0.744222752,0.713776007,0.611884662,0.028137933,-1.315763681,0.149695968,-0.432887104,8.185558656,1.563976469,0.653687169,-0.633149728,3.575166061,0.526993197,0.651084416,-8.722918088,1.17286587,0.247142409,-3.217892663,2.267975004,0.294833592,-1.471131815,0.26320475,0.500335987,-0.996295104,-0.351290155,1.902618097,1,Intrusion
-1.131903851,2.057710907,-1.126352523,-1.454182856,0.010489259,-0.946164622,1.094549507,-1.216786421,-3.365458778,-1.192203652,-0.080875456,1.100960248,1.089322525,-0.15397688,1.864932075,1.479452326,-0.705608098,0.629576112,-0.413395564,1.127483288,-0.753200221,-0.176785468,0.264454091,-0.338771188,0.935284944,1.131519817,-1.0062379,-1.624040096,-2.498424444,0.073274794,0.628954294,-2.22788458,1.843440129,-0.329210038,3.069674617,0.498733408,-0.167763611,1.327179842,-1.641902529,0.764309791,0,Normal
-3.876874715,-1.060438858,-0.102722406,-0.461481055,0.684193087,-0.760390302,-0.659795109,0.480951406,5.783490558,-0.402375164,-0.531316431,-0.363000307,-1.058121926,-1.365899609,-0.803447561,-0.329586721,-0.095384931,-1.883947221,-0.308002457,-1.545791349,-0.306020349,6.709978978,-1.601615323,0.208682937,0.210950964,-2.924030628,0.308031655,-0.177520501,-5.398108216,-0.030196976,-0.697749251,0.524504039,-2.287100665,2.547818927,2.197226532,-0.782662408,-0.272306992,0.34602316,1.341376326,-0.396270213,1,Intrusion
-4.811496105,0.821557784,-0.751473004,-2.044921032,0.305667071,-0.124672181,0.885885643,-0.938042892,3.314134814,-1.698191173,0.92749789,1.395160709,1.67738189,1.445250752,-1.449111055,2.23458219,-0.95584492,0.305929232,0.211162804,-1.154544947,-0.567373584,4.889427637,1.044719586,-0.263745615,1.112579621,-2.094408158,-1.164429861,-1.159772978,-3.863893051,1.321652999,1.118625402,-2.02888782,-1.345687029,0.788280768,1.712259682,-2.038605429,-0.82032744,0.780399796,0.136742343,-0.894647934,0,Normal
0.979372467,0.108259877,-1.151281267,-1.997393311,-0.222312958,-1.261436319,-0.160892435,0.015639165,-8.830916079,-2.879920834,-0.115715528,0.406365454,-0.236598013,-1.78749823,0.805969549,0.11754433,-0.018734758,0.589887745,1.978350008,-0.070814143,0.137788907,0.07865338,1.799209103,2.441341739,-0.511676151,4.646211349,0.412586627,0.221450889,-6.613515402,-2.576353595,0.21662706,-0.985014993,5.130118612,-0.064621287,3.584164767,0.375188559,2.627672012,0.054932427,-0.998078352,1.244903913,0,Normal
3.801186098,-0.266847891,0.278920972,-0.262463199,-1.03733874,0.097477351,0.121579296,-0.778036909,-7.275073802,-1.574692455,0.650759058,0.059726849,-1.958820491,0.467778973,0.362643067,-0.350084234,0.703243974,0.572010566,0.200981669,-1.060855175,1.205292131,2.928153474,3.53314865,1.27416009,1.186381347,5.989597891,-0.077024195,-0.508108511,-9.449343201,-2.619526101,-0.143420024,-0.836654053,3.374245056,-0.179735273,0.985805647,-0.371550839,-1.180506966,-0.199902421,1.791317765,-0.238144643,1,Intrusion
-2.735665219,-1.635117346,0.008473274,-1.3260626,1.207297511,0.496659678,2.517643894,0.368225795,3.943820821,-2.306027466,1.719954502,1.073166495,-0.644952244,0.427626091,-1.241255365,0.24362974,0.43709836,-0.714696854,1.174369112,-1.271759272,-0.825803346,4.252667098,-0.288127364,-0.238408673,-0.551981223,-1.365199852,0.496575913,0.789302419,-2.414650225,-0.248532354,0.181472717,1.185628308,-2.898618188,-0.425037754,-0.370030938,-0.841621375,0.952489898,-0.194240635,-0.083681622,-0.74234523,1,Intrusion
-2.654262247,2.15772188,-0.359063643,-2.332149351,-0.505415703,0.570340583,-0.139529656,0.263774617,-3.068553779,-1.75274881,0.146272649,-0.658519469,-0.108938241,-0.846670379,-0.792376867,0.560782738,-1.323525056,0.692151971,-0.064660467,-1.119981318,0.719352191,2.881221283,1.160818342,-1.989516944,0.225447374,1.650347961,1.546394592,0.891228735,-6.430488029,-0.462525516,0.43395668,-1.758660071,2.825955003,1.159829187,3.676824285,-0.540090838,1.517674164,0.15795689,0.755928348,-0.179843082,0,Normal
3.383931225,-0.486440059,0.321110818,0.227989641,-0.957156288,-0.715730054,0.223765167,-0.300906753,-5.692165501,-1.853218415,-1.526435987,0.81171666,-2.079018187,-1.720786944,0.681605267,1.506696763,-1.031625902,0.356235499,1.097332944,-0.335868107,-0.26257413,3.635526547,1.584961054,1.445119144,-0.079437876,5.706763068,-0.792917994,-1.377843071,-8.784697556,-1.724268073,-0.399508385,-1.304462308,1.763019823,0.693272975,1.000327706,-1.767938136,-1.704205002,0.232989575,-0.343089527,1.232133971,1,Intrusion
0.907557114,-0.16104165,0.826691827,-0.997977629,0.575157123,1.171639053,0.823240477,-1.779878898,-3.274262329,-2.327113028,1.570586776,0.283799865,2.555485375,1.360312508,0.079771771,-0.598325339,-1.081088303,-1.217718793,1.544736382,-0.170485838,-0.267293357,0.978470219,1.755128278,0.629026297,0.550740101,0.804700656,1.281052351,-0.11348324,-2.556462609,-1.282287849,0.741278226,-0.851851874,1.539099965,-0.061189165,0.526473006,-0.558863657,-0.488414525,2.142998725,0.4760402,-0.449660119,0,Normal
1.664547933,-1.055075844,-0.028634178,0.036578092,-0.129956846,-0.336560493,-0.619694292,-0.179081776,-1.130059299,-1.352154375,-0.946374804,-1.523931252,-1.638338437,-0.217304247,0.81261909,0.758643034,-1.867388882,0.546190308,0.505657554,-0.620143468,-0.466580774,-0.185030574,0.009256282,1.248795762,-1.606626919,4.734384816,-0.347895851,0.075288083,3.069439179,2.047043321,0.772981133,0.09185314,0.028732974,-0.593811072,-5.89582575,1.98519687,0.075267961,-0.441137217,-0.289037157,0.832349434,0,Normal
-1.70892285,-0.332392494,0.824467568,1.411545917,0.801752775,0.380432845,-0.375558641,-0.171977943,1.427831773,1.21392416,-1.915786284,0.441566012,2.855964685,1.903170746,0.678591752,0.30538533,0.694399021,0.361282892,-1.424206413,0.468900963,-0.551801207,0.283551415,2.269606503,1.621470389,1.588550375,-0.74639969,-2.369233313,-0.837871283,2.5109269,3.138357248,0.211959086,-2.757522092,1.08592695,-0.467855964,-2.338495816,0.082897482,1.744346918,0.136599834,1.871015422,-0.171820546,0,Normal
0.165228054,0.487790695,0.64713406,-1.392532414,0.145645796,-0.308756771,-0.887185642,1.083541249,-2.273390264,-2.999266581,0.860657892,0.832306534,3.535634623,-0.129964224,-1.407138385,1.273712841,0.91968683,-0.112270382,0.152769388,0.702027749,1.491617682,0.748617398,5.14529223,0.422171062,1.363143656,0.299240961,-0.587495755,-0.031614928,-1.789876745,-0.781967238,-0.644384476,-1.337760292,-0.097612183,1.391609596,-1.24371304,-1.349747903,0.843921713,-0.409012336,0.23754339,-0.543286933,0,Normal
3.118080906,1.790506717,0.836522259,-0.506596011,0.692918335,-1.184258826,-1.342323026,0.662888683,-1.661078455,-1.144082156,0.427574968,0.739776728,-4.553986709,-0.863176342,-1.193159748,-0.227096542,-0.725638474,0.397653603,-1.541847887,0.979704223,0.882821025,1.501543835,-0.493371119,0.322429485,-0.574756818,5.274477775,-1.123284185,-0.998420756,-1.452267566,-0.713696657,-1.095641586,2.427494556,0.045836836,1.444598465,-4.119765154,0.082160817,1.131690951,0.748113917,-1.214972286,-1.11999456,0,Normal
2.057093172,0.915488243,1.097255021,0.144235638,0.572089828,1.129402807,-1.585504018,0.032763487,0.162801061,-0.614154357,0.105584803,-1.497665724,-3.126529782,-0.932825566,-1.059681159,-0.456017081,1.083922345,0.007680951,-0.292815635,1.854345032,-0.968884578,3.199301105,-1.053338983,0.155386274,-0.405023228,1.343665354,-0.568987029,0.123541472,-4.056392737,-2.660869053,1.053538959,3.340999181,0.060920103,-0.615555145,-0.687673229,1.427144739,1.067235829,1.093289181,-0.284128227,-0.139924592,0,Normal
-0.303028357,1.71508298,1.140442709,-0.815973807,2.300303344,-0.522391565,-1.215154068,2.288693278,-5.632441513,-1.306306274,2.186486576,1.012814746,-1.520942561,0.238313412,0.375722584,0.734607178,0.564128447,-0.295802073,0.462131927,1.833863139,-0.49858223,1.416322421,2.126017339,1.688806772,-1.776281408,6.677216211,-2.871765264,1.122073191,-4.860913205,2.304479543,-0.198454157,-4.393240686,2.727095692,-0.261036838,0.298941459,-0.134868608,-0.153607451,-2.000444894,-0.426751374,-1.242587126,1,Intrusion
0.269873576,2.960174821,-2.142713361,-0.475127388,-0.604806783,-1.310617969,-0.330655454,-0.23041039,-2.719715959,-2.123959652,-0.174417536,-0.720908667,-0.147899756,-1.472142422,-1.749178334,2.166000247,-0.31674313,-0.703419923,0.898329443,-0.005502384,-2.324313067,0.851126997,-1.084899994,0.231577601,1.921780971,2.269234947,0.592733933,0.950498143,0.001602801,-0.940477538,-0.144409259,1.837154497,3.525338838,-2.147054016,-1.719793964,-0.589860492,-1.057659109,0.875821205,1.06137016,-0.805921661,0,Normal
2.677543203,-0.00774559,1.144593151,-1.875803081,0.579837303,-1.600789372,-1.6230775,-1.839613463,-2.229022075,-0.282473989,1.94187446,0.233853572,-1.102512628,0.494855674,0.629165892,0.261531916,-0.069244978,-0.087266243,-0.73147543,0.424876053,0.820320756,1.523580348,1.43078711,0.661846612,-2.019442599,0.91971267,0.826089646,-0.056692805,-2.88092242,-3.668449056,-1.79258653,4.001723752,3.465454699,0.265072904,-1.503529458,-1.061289355,0.396770539,-0.766928561,-1.284835812,-0.581821719,0,Normal
2.046600451,0.897514745,-1.602673907,1.029588233,-1.276676228,1.97194049,1.870737369,-0.821341375,-2.469038043,-0.326551865,-0.857448613,0.44273294,-0.70349703,-0.333990895,1.239039273,0.030473587,0.263087007,-0.223875818,-1.00554978,1.22764033,-2.092791687,0.767741339,0.568110253,0.424389148,-1.206731202,2.439126784,0.218776986,0.270452193,-0.945241302,-0.96751086,1.877402448,1.362619309,2.879559937,2.653627062,-2.193155727,-1.487136426,-0.749365679,0.69173367,-1.115420708,-0.939704582,0,Normal
-0.232773475,-0.142193335,-2.566653942,0.19113987,0.715924807,0.861980267,0.746024017,0.400069279,-1.750880759,0.07938784,0.157571539,-0.006079229,0.178425541,0.856860475,-1.00800817,-0.195770172,-0.264855074,0.856299896,1.736727006,-0.42888593,-0.2390584,1.959165409,4.08557164,0.062733959,-0.649525573,1.926452841,1.850311095,1.90130294,-3.584798398,0.44627441,-0.070934249,-1.535752018,2.011981752,-0.163538375,-0.908175095,-0.148906575,1.236731379,-0.031879017,-0.086320621,1.068218125,1,Intrusion
-2.487622317,-0.529321901,-3.001017169,1.492784071,-1.576104892,-0.384889158,0.633586748,-0.452724905,-1.397723557,-0.751527131,0.40955724,-0.616725438,0.392137994,0.015709026,0.68486395,0.255869511,-0.275509911,0.515453121,1.532146834,-1.801303734,1.154604565,2.629612079,1.219440477,-0.670182519,0.828279535,-0.122957214,1.686181858,-1.123523146,-4.637991272,-0.880554867,1.701963084,-0.275334997,3.134505426,-0.180837655,2.541627302,0.906141235,0.187275214,0.399330866,-1.019668759,-1.051974738,0,Normal
-0.157848913,-0.312241285,1.652473793,0.572393188,1.339711707,-0.560659428,-0.73285243,-0.100998923,-0.244072192,-2.291080541,-0.075712514,0.553751898,-0.534531906,-1.44050639,-0.657717961,-0.445676929,-1.284425136,0.312755585,-1.008304943,-0.245869965,0.20871356,3.238567628,0.059845041,0.081608157,0.644183646,1.706864945,1.015987575,0.177152837,-2.361083679,-0.49570248,-0.38759554,0.958305415,0.474090984,-0.616087964,-1.758177095,0.54833222,1.0173198,0.224619498,-0.440401517,-0.970101656,0,Normal
2.462310901,0.15131153,2.050649012,-0.018161093,-0.358187604,0.642506312,-0.1314656,-0.162766771,-9.482579645,-3.195864024,-1.492637782,-2.541729752,-2.298567243,1.718515652,-0.613506263,-1.225157455,0.795000478,0.852599938,0.286851148,-0.518022503,2.059947865,-0.741080359,1.661850829,-0.466458175,0.995661802,7.355425477,0.75199584,0.655189562,-6.478257774,-1.629263922,0.477467495,-1.965544627,2.703511318,0.386286641,2.561049894,-1.316777053,-1.215668743,-1.674727791,-0.441778137,-0.418017661,1,Intrusion
2.370194844,0.379040006,1.281726287,1.196445087,0.833497336,-0.900087673,1.444327546,-0.298064199,-2.712906616,-1.324194753,1.394306608,1.604225787,-2.04173563,0.944689223,0.100922764,1.026502831,-0.204333464,-0.451332695,-0.265989404,0.567282599,0.945637988,0.681346049,-1.264104437,-1.420201421,-1.377555207,3.06158965,1.218101256,2.080373296,-1.201567588,-1.732068438,0.453846894,2.39568117,1.958443773,-1.143746885,-1.593306683,-0.201137417,0.037818109,-0.958258442,-0.544903878,-2.56398577,0,Normal
-1.150150258,0.616578131,0.483776008,0.388924137,-0.265563319,-1.224708248,1.06046477,-2.490953036,-2.526373978,-1.991480694,0.383424183,1.252050652,1.854963076,0.703569475,1.787318875,-1.237907982,-0.182499228,1.312309772,1.647745709,0.496495214,-0.152575756,0.217919292,2.566710764,-1.303118892,-0.550423434,1.438558832,0.41039256,1.215130316,-1.598234592,0.812332269,-0.086268288,-2.613716873,0.550249522,0.449178808,0.496887863,-0.720977647,0.288139824,-0.131041471,0.922574484,1.617594427,0,Normal
1.922684145,-0.943548497,0.389114561,-1.78224372,0.245757102,-0.727741995,-0.74700064,0.257859807,0.88734942,0.772545221,1.301018623,0.786747632,-0.521459362,0.427377317,0.331744087,1.081652601,-0.417852818,-0.282911243,-0.816845464,1.240017838,-1.071756054,1.598742041,-3.728648663,0.394362032,-2.028946014,0.08181411,-0.401345724,1.47998253,0.312014571,-0.311847565,-0.30345554,1.322697262,0.813252354,0.188146324,-0.835524642,-1.302290111,1.06814594,0.658346944,-0.517678568,-0.875597304,0,Normal
-0.648663643,0.462042726,1.145765239,0.125094877,0.017871529,0.027156677,0.586746615,1.937447971,-2.389985904,-2.006188907,-0.803266921,-0.809277146,-1.301200453,-0.20687101,-0.147814938,1.388492095,-0.208810243,1.465658557,-1.118547,-1.486121059,1.018181784,3.067931122,-1.572891027,0.9384706,-0.504269037,4.800997824,0.622639246,-0.711403353,-4.425686705,2.493425572,-0.667665004,-4.11269677,-0.407981148,0.517924157,1.14899444,-1.191152948,0.665918112,1.370521504,0.901614169,1.106422649,1,Intrusion
-2.367309056,-0.548102424,1.391585112,0.7017628,-1.054070094,0.081728618,0.895408739,-1.220434546,-2.449622149,-2.758737779,0.336342289,0.225533837,-1.783683758,0.4806833,-0.500093365,0.181904178,-0.785036979,-0.366327463,-0.098449556,0.346703772,-0.121781239,1.906541771,2.61407058,0.686072921,2.36100746,3.40048354,1.728605004,-0.308847185,-4.948134028,0.353245897,0.020608994,-1.687678396,-0.138588757,-1.596463945,1.183438433,-0.265996541,-0.423890541,0.756153327,-0.170328493,-0.438432381,1,Intrusion
0.620140755,0.069991582,-1.486664166,-1.323022029,-0.40565196,-0.62231784,0.100931951,-0.260941632,-1.741903853,-2.252366561,-0.40478273,0.344055868,-2.071522895,-2.17782816,-0.20452694,0.842826997,-0.24671575,0.984358793,-0.272031998,0.818466931,-1.021860771,0.867801172,-3.840628097,-0.200172057,-1.159699774,4.670268331,-0.580649776,0.852587547,0.852780197,1.74453656,-0.860556182,-0.567167066,0.061559904,0.903554306,-2.063667377,-0.899464709,-2.527345972,-2.269882418,1.820662022,0.00596244,0,Normal
2.515378344,0.047957869,0.123880215,-0.847045857,-0.211709439,-0.261809066,-1.976630183,0.597600122,-4.339645002,-2.042476222,0.279486643,1.002560653,-0.392490734,-0.019757966,-0.591414033,-0.204726676,-1.318953518,1.482428337,-0.327250899,2.18939608,-1.049037791,-0.936085434,-1.214571328,-2.509026865,-0.721140366,3.151123024,-1.415031088,-0.195504543,1.207923297,-1.762523471,2.289608148,2.578821175,3.693346511,0.145062109,-2.446314703,-0.004091846,0.702827247,0.842233097,2.115485927,0.616952961,0,Normal
-0.555227439,0.538354734,1.526091095,0.607158123,0.220996747,1.433191302,1.58795398,-1.767195852,-5.981656057,-1.553426948,0.359975802,0.374570934,0.290125002,0.378712926,0.078012275,0.543583795,0.370597881,-0.041792008,-1.631278947,-0.767398376,0.141593366,-0.682842366,2.674717814,-0.37725143,1.495898791,4.048522787,0.548747411,0.126283496,-3.037165431,0.485193195,0.250540418,-2.73572666,3.531559202,-1.712712394,1.323200261,1.175330827,-1.648516739,0.423821951,-0.940543572,0.042786557,0,Normal
1.849294683,-0.985625999,0.594995669,1.281615474,-0.768691465,-1.543956033,-1.811410038,0.835836534,-5.355147586,-1.656867616,0.208447853,0.665151945,-2.603993175,-0.350903959,0.524306074,-1.292222457,-1.312571188,-1.56779481,-0.974227002,-0.495264093,1.518925566,2.444358446,2.294639956,-1.668300782,-0.610481549,6.225458548,-0.50864873,0.244387197,-7.141653874,-0.262076152,0.113282574,-2.128658468,1.447235653,-1.975198876,0.457754823,0.904660002,-1.676561486,0.515906182,0.337147783,0.334951549,1,Intrusion
-2.669338104,-0.517473481,-0.639351247,1.790512628,-0.433136348,-0.178082154,-0.620662917,1.44667183,3.548079147,-1.295347023,0.810364894,-0.084663138,3.20918689,0.598577444,0.271742879,0.079956373,-1.9912397,0.640092764,0.29901642,0.864549019,-0.497036788,5.018195615,1.645737174,1.330871987,-0.15189276,-2.969438135,0.74419442,0.136102886,-3.179759753,0.599486904,1.097221644,-1.506039435,-1.398617928,0.154730276,0.303897992,-0.964564831,0.597049983,-1.208323712,1.714214582,-0.366478298,0,Normal
-0.982054619,0.423764689,-0.451601831,-0.111920239,-0.864341791,0.930609618,-1.568246075,0.018462043,-2.548672687,-2.509290393,0.296501266,-0.043962701,1.592035457,0.721024268,1.239805212,-0.031315965,0.201192843,-1.034045772,1.66700867,-1.877849996,-0.499366557,2.480316365,1.683176413,0.22604758,-1.100340485,1.154528126,-1.672377665,0.97037062,-4.5105923,-0.523563846,0.456852713,-1.705012637,1.219102754,-0.226070327,1.632727488,-0.330983585,-1.265289911,-0.104016409,1.121177389,-1.820050921,0,Normal
0.144319794,-1.220258592,1.115426131,0.306427277,0.368419258,0.208909341,0.15099911,-0.602323401,-0.21060076,1.039781826,-0.923054772,-1.496384432,0.175531918,0.835419006,0.125678602,-0.729107352,-0.22773309,0.438305633,-0.772222687,-1.317601873,-0.024136064,1.201135839,-1.613727279,-0.229597797,-0.126472116,-0.409147365,-1.465532079,0.391142613,-2.724701823,0.162936082,-1.732579274,-1.657485313,0.206121188,-1.525548473,3.025656197,0.009867925,0.581080138,0.9284122,-1.295696255,-0.840239459,1,Intrusion
-2.44941735,0.440460603,0.211674005,-0.6887874,-0.279324525,-0.113914875,-0.259429134,0.789387317,1.548672595,2.208719553,2.801746638,0.270110102,1.089573559,-0.069477454,1.186981682,-0.622174174,0.749208957,1.113551308,1.030210907,0.50269495,-0.544368109,1.806435133,-1.553219101,-1.593268746,-1.173891491,-1.76410782,0.537879894,-1.48740343,-0.139052851,1.447874845,-0.428929361,-0.809442474,3.467200268,-0.311841322,1.142987118,0.42004573,-2.158974574,1.00070383,-0.159769735,1.211783588,0,Normal
2.137533331,-1.300583788,0.086963124,-0.049188466,-0.067514416,-1.584824383,0.633321955,0.745117232,-10.10787546,-1.820966318,0.29797892,-0.886204162,-0.150152874,0.932383867,0.095705381,-0.261470439,0.144779829,0.727416128,-0.20094474,-0.155591669,-0.569165368,-1.329746386,3.122868765,0.342113325,-0.525475406,6.092682142,-1.316137997,1.139921153,-4.714729639,-1.667211705,1.261702861,-1.403717847,6.714543259,-0.294781548,1.357239497,0.902930751,0.455686565,0.886703976,-0.565101011,1.192721279,0,Normal
-1.795615168,-0.394349046,2.026594438,1.041346169,0.490065426,0.31485879,-1.651443597,-0.735107898,0.155349328,-0.351443938,0.427371173,-0.292778331,2.405825425,0.000837286,-0.916080155,-1.788176381,2.491740608,0.220109522,0.39879476,0.895368261,-0.438622718,-0.238443186,0.490312018,-1.836309032,-0.137701781,-1.601671057,0.668284125,1.606392043,0.363796747,0.75721011,-0.731270835,-1.722219423,0.160003053,-0.941410155,1.522653803,0.912685758,-0.175672474,-1.667061232,0.107400794,-0.992663347,0,Normal
1.18657155,-0.845536873,-0.960944496,-0.903443211,1.862653194,2.277128759,1.328746839,-0.018609784,-2.80445023,-1.856732682,-0.72306738,1.734008048,-0.155853705,0.361714904,0.789734424,-0.923713384,-0.734293601,-0.465241307,-0.27229851,-1.305651511,1.826662389,0.613604803,-0.409036487,0.611547029,-0.358577723,2.46905662,-0.347323556,0.410647614,0.00771589,-1.028288544,1.846464011,1.730529473,3.007027524,-0.201177157,-2.238308321,0.392339948,-0.913104878,0.151392251,0.371706269,0.839241688,0,Normal
-3.169549448,-0.537619288,-0.008610493,-0.68727893,0.284700739,0.948043616,-1.372054144,1.126761534,3.353214712,-0.502107337,-2.622974611,-0.549170646,3.442491481,-0.744599093,-0.494442116,-0.304892239,-0.419612972,-0.088145953,-0.468098927,0.573924904,0.177114376,1.249271794,1.887628092,0.075191246,-0.552540326,-3.177322872,0.38444734,-0.139471125,0.668569466,1.991010105,0.767255659,-2.681822811,-2.454645674,0.612216553,0.417377857,-0.422530213,0.020062053,0.063048718,0.716201129,-0.537126674,0,Normal
-1.874932013,-0.136573804,0.175906821,0.638971583,-0.566536911,-0.015814171,-0.36064981,-0.920132191,-2.024278193,-2.295782977,2.767026287,1.159024504,1.783886979,0.702215174,-0.315942564,1.386991374,-0.92988571,1.123812243,-0.763827111,-0.91798659,-0.279542709,0.727300603,2.683435854,0.83652543,-1.803336969,1.397000555,1.40884841,0.253940415,-1.849564522,1.123453773,2.034947409,-2.811654973,0.197542431,0.624721467,0.474951362,-0.964311663,1.426540342,-0.139530696,-0.060903962,1.023000965,0,Normal
1.212552474,0.631199125,-0.244996622,0.719889883,0.260447823,-0.390798326,0.693227553,-0.273786994,-1.465521349,-1.053620238,0.198969674,-0.41072781,-1.353671698,-0.922737627,-1.426415895,-0.492285273,-1.371046668,-0.984443176,0.00056364,1.131637584,-0.424727318,2.380266494,-0.98300213,-1.661548501,-1.578479848,1.858197835,-0.320656859,0.484892706,-3.199945221,-1.403593965,0.913377625,1.293274467,1.39718949,-1.147508156,-0.133372219,0.609609584,0.124831515,1.54326147,-2.310869487,0.093244674,0,Normal
4.013195016,0.57459775,0.565276169,-0.500112081,-0.356241181,1.314041745,0.071914917,-0.182229194,-3.528413062,0.664803044,0.498615111,-2.203895083,-0.040712659,0.60547229,-0.596085841,0.983211789,-0.686565349,0.077263,-0.520522407,0.765989094,-0.235960929,1.822925514,3.004743051,-1.491812565,0.749643133,-0.318000168,-0.016536265,1.009367621,-7.110015105,-5.193787339,0.685425451,2.482436226,2.967143607,0.332387075,2.265595555,1.472984335,-0.757438732,-1.489025118,1.820449128,-1.45065286,1,Intrusion
1.579459379,-0.147856487,1.586426316,0.257981542,0.537059432,0.311218711,0.153629171,1.112644083,-9.260432191,-4.093604861,-0.168203768,0.575927616,-4.443361079,1.137845138,-1.162043571,-0.725802257,0.540902558,2.84924718,-1.313947286,-1.78632892,-1.542366681,-0.294735138,1.162860014,-0.292937039,1.310214067,9.753341309,0.36462359,-1.540109038,-6.957718415,-0.035499687,-1.024687884,-3.166611578,0.752584759,-0.436166672,2.079990854,0.124436633,1.186173247,-0.1091821,-2.053991704,-0.824874327,1,Intrusion
0.618619475,0.582940371,0.477782798,-1.247593261,0.338566002,0.681390584,1.717601758,2.998364581,-0.06025349,-1.493157798,-0.544792275,0.123687665,-2.525827768,-0.087423643,-0.085424463,0.526260028,-1.459194012,-0.061828181,-0.20063595,-0.673003627,0.916872942,2.887884508,-4.239384549,-0.195581779,0.578394854,2.563840508,0.694894316,2.539667979,-2.307277363,0.046731292,-1.193198915,0.565168391,-0.568768199,0.773125325,0.104036483,0.11207305,-0.702160247,0.232568318,-0.010411389,-2.097421755,0,Normal
1.533171947,-1.08481801,-0.167115669,1.221951965,0.676143354,-0.170231196,0.602094778,0.150535331,0.248848491,-0.00205098,-0.708038125,0.743594591,-0.578241305,-2.31746196,-0.609494163,0.558942575,-0.927377674,-0.492026808,-0.967099349,1.383912064,0.469468897,1.770170359,-1.477376733,-0.295216762,0.046704867,0.405523946,-0.967875352,-0.057714983,-0.471710477,-1.034279358,0.170796027,2.036104096,1.332024756,0.010188851,-1.597932638,1.198972665,-1.318832091,-2.740002184,1.330622703,-1.811647133,0,Normal
-3.879586348,0.167857636,1.155505521,-0.269131997,1.408475566,0.444977267,1.221651228,-0.613218781,1.961022009,-2.195641681,-0.057141155,-0.223075931,1.985926369,1.114739912,3.010370543,0.786637621,-0.784949104,-1.206324596,0.419107713,0.472080031,2.214082939,3.422843645,0.505209636,-0.502324002,0.318526024,-2.806356217,-0.873313934,0.68105921,-4.035768668,-0.410260726,-0.928973472,-1.168529495,-1.479111122,0.706422533,3.508323586,0.285907396,-0.489708806,-0.242222303,-0.92787434,-0.67071875,0,Normal
-0.856980892,-1.022655002,1.061364806,-0.978908762,0.066742618,0.59151149,0.073617353,1.003791567,-4.121403039,-1.257948424,0.675842751,0.891579316,0.856833473,-0.714176281,-0.698727701,0.150864768,-0.091376119,-1.477628546,2.629996739,-1.525589368,-0.294119708,0.690365172,3.660252556,2.372405195,0.317011311,2.286290803,0.073864747,-0.894655993,-3.418521423,-0.292643333,1.975987701,-1.414519059,3.528212399,-0.730158347,0.511519236,0.296928033,-1.442201219,-0.250954166,-0.243613163,1.475368397,0,Normal
2.407165946,-0.054398811,1.554217455,1.027867226,1.056232492,-1.314856186,-0.10871497,0.4431403,-3.597889747,-1.887992205,0.520247979,1.804362765,-4.044852521,1.880643073,0.54221458,-2.628264949,1.073789811,-1.432252661,-1.657781079,-0.164695623,1.8224072,0.99304848,2.446027455,-2.122425628,0.701669217,5.403753665,-0.490266674,-1.199563376,-2.311546164,-2.02403412,-0.70674888,3.435875325,2.357145108,0.620392142,-4.296626354,-0.683859981,0.361803392,0.966305498,0.760168242,-0.110464528,0,Normal
-2.261948824,-1.112712568,-0.785795549,-0.186936954,0.045881968,-0.465673764,-1.849608249,-0.117573312,-5.907583601,-4.305048492,0.552892703,1.891281932,-3.971828529,-0.607627384,-0.480893691,0.139225825,0.057376214,-0.553540995,-1.035784042,0.754813997,0.705956879,-0.403425354,1.181320982,-2.516249417,-0.444666464,7.964128905,-0.874444394,-1.09455298,-3.58376618,1.913462807,0.835059803,-3.073835157,-0.011326279,1.887931138,0.774687418,-0.257771253,1.82298495,0.783785299,-0.674982377,-0.998245169,1,Intrusion
1.738244683,-0.037876555,-0.848525869,-1.862970921,-0.562317816,-0.499339598,-1.428785927,0.369186491,-0.612875985,-0.847134262,0.882442043,-0.154029248,-1.734617724,-0.450591547,-2.176183141,1.595629821,0.16825333,0.273108231,0.609195215,1.459887811,-0.701895555,1.288868985,-2.904217263,-0.256935731,-0.114396552,3.033532661,-0.980393001,0.136496783,0.451306873,0.634448832,0.42879003,0.628125297,0.280228719,0.818762179,-2.405331096,-0.734799632,0.040909266,0.164745225,0.096367301,1.258947597,0,Normal
-2.087976264,1.923896948,2.257243267,0.255645444,-0.157639792,0.237907102,-1.056961602,-0.871809282,-1.544878417,-0.653699768,0.923306959,1.152267093,0.127839705,0.1646267,1.143449885,-0.440949764,-0.133228488,0.220221467,2.014499311,2.203636212,1.582747863,3.833050793,0.820901982,0.083814555,0.017689123,0.439560089,-0.591570562,-0.033038968,-5.651780456,-0.939757073,1.174111613,-0.127079759,3.929435637,0.933028907,2.186636895,0.532978971,-0.266643177,-1.314402102,-1.635004858,0.595561677,0,Normal
0.438068712,0.306924732,0.068238769,-0.351279413,1.650437926,0.634169461,0.750937254,-0.431982724,-3.378078315,-3.238864031,-0.205091496,1.044792336,-1.408846722,-1.198469853,0.614185345,2.159281728,0.482259349,0.25815111,1.479357921,-1.850801505,0.709991889,1.34202748,-2.060490724,-1.519156328,-1.409357481,4.98323222,0.140982665,1.245879942,-0.873636273,0.700848885,0.822362313,-0.301727505,1.447047841,0.522677214,-1.771822649,0.621667063,1.383733719,1.045114653,0.067178418,-0.034888667,0,Normal
-0.508291082,0.50438336,0.056064867,0.045671088,0.889995092,0.217844119,-1.26941637,-0.257664974,-0.268968156,-0.833087471,0.932896451,-0.474858983,-1.101292429,0.250926963,0.600485486,1.939408866,-0.545121532,0.129381081,-0.441951656,0.668617293,0.244872757,0.836130955,-4.008065573,-0.123674088,0.526408102,1.968919741,-2.518508074,-0.671029838,-1.244356816,2.03264031,1.579970987,-2.946376699,-2.146575766,0.245177626,2.399390619,0.314784259,0.202487891,1.412665745,-0.366999943,-0.918728793,1,Intrusion
-0.969661042,2.141294608,1.770792957,-0.54762288,-2.217525873,1.195582264,-0.704518325,-0.553807099,-3.974866527,-3.062783014,0.261705674,1.094256118,1.717349441,-0.074513278,-0.252722743,-1.02778676,1.610780505,-0.820591719,0.239612327,1.010709678,0.840893296,0.282617623,3.741169049,0.374876698,0.016818932,1.900122035,-0.670458534,0.763773625,-3.128418196,-0.507805212,0.512120257,-1.891777827,1.049037862,-2.324723034,0.945141163,-0.427290216,0.492522529,1.183625409,1.054769985,0.666931035,0,Normal
2.672447121,0.210994362,-0.740585058,0.043874016,-0.043024371,-0.404133925,1.3380268,1.977216827,-8.699348491,-0.877276515,-0.298231231,-1.033692394,0.470032879,-0.576447091,-1.067012493,-0.07725237,-0.858646347,-1.2846373,2.309089555,-0.501939914,-0.169215378,-1.378892232,1.488558995,1.64444052,0.66657754,3.909750575,0.46144922,0.682476168,-3.894694565,-2.533733964,1.395005615,-0.234462464,6.65687454,-0.09141625,2.099630803,-0.748239966,-0.12946826,-0.230214619,0.805454935,-0.113537102,0,Normal
2.101079655,0.193270138,-1.001177688,0.54024998,-0.278846323,-0.55978279,-0.821170345,0.585702543,0.161417542,0.49856702,0.33880049,-1.828859236,-1.754916736,0.465020701,0.158804316,2.340528849,0.435245134,0.630540593,-0.89844873,-0.30612156,-0.244889531,1.509228906,-3.703496938,-1.761956218,0.943703081,1.299430809,2.685781601,0.408385203,-0.665359351,-0.345276698,0.575258905,1.134601137,0.358315133,-0.758944953,-0.462039146,0.139920748,-0.201437079,-0.138421018,-0.966053541,0.194121224,0,Normal
0.619072534,0.106521637,-0.979500055,-1.590756003,-0.606009889,1.396656066,-0.122771345,0.276560946,-0.815129085,-0.936713807,-0.547113808,-1.621166383,-1.192166981,2.565916137,-0.103339114,-1.439453543,0.893729933,0.866929892,0.315533859,0.250767058,-0.142749547,1.422038734,-0.159707609,-2.014508713,0.38975541,0.351561749,-1.505900788,0.26433569,-4.197886127,-1.788935679,0.43064718,0.340268954,-1.137673655,-0.671123789,2.457021654,-0.882062489,-0.090550562,-0.053888217,0.723016612,1.645253043,1,Intrusion
-1.910143673,-1.647899107,-1.249100556,2.161780673,-0.176709267,0.989787244,1.963215477,-1.243595891,-2.801532328,-1.373705265,-0.899190112,-1.079509178,0.509499484,-0.547658556,1.113252842,-0.254266775,-0.038231031,0.868551472,-0.717413688,-0.027339928,0.017734421,1.072411878,0.2143551,0.385205895,-0.031475557,2.04221144,1.20382112,-0.920339607,-2.798635704,1.034952841,-0.029147979,-2.551557865,2.081895466,-1.799916187,2.021571658,1.511449048,-0.187279157,1.607509118,-1.513025627,1.829064345,0,Normal
-0.094273116,-1.377511789,0.23262471,-1.430460037,0.14243264,0.452876927,-1.624832434,0.814634212,-7.379852752,-2.436126493,-1.371053158,0.557727201,-0.136861117,-0.865683188,-1.380035324,-0.209283234,-0.146022112,1.28398581,2.009594974,-0.482091319,0.079188326,-0.540182631,1.841085347,-0.952263455,-0.265979765,3.279355817,1.440424689,-1.07633629,-5.427805613,-2.314713323,-0.296190577,-0.777614879,4.336115058,0.220136724,3.875236237,0.290361716,-3.443319152,-1.001278567,-0.774535871,-0.626143399,0,Normal
-0.07704305,-1.420582344,0.130273989,1.68743845,-1.401255846,-0.215692877,-0.804782468,0.543324353,-5.459727008,-3.884843252,-0.44527944,1.46108419,1.253482512,-0.236896932,-1.22250344,0.779719069,-1.022935042,-0.432702021,0.920418138,-0.889085163,0.233796106,1.287109923,3.585117684,-0.422024902,1.271529733,3.529185008,1.833909075,0.404979845,-4.878352417,-0.911279807,-1.216539116,-1.95718868,1.675814526,0.552565032,0.789601007,1.614000916,-0.988093066,0.578910096,0.195788523,0.587491227,0,Normal
-1.307585686,-1.147427507,1.282420861,1.886376833,-0.476961774,-0.311373001,0.958364227,-0.333394093,3.74100139,-2.114222076,0.282768251,0.193508576,-2.916495165,0.288879279,-1.707970576,0.002552385,-0.138832165,-0.159896066,0.627968674,0.994704147,0.136929273,4.723707144,-4.814923077,-0.380699888,-0.420526248,0.883439537,-1.724562684,0.829937127,-2.744872741,0.765228372,1.562659442,0.37786685,-4.181598161,1.399435589,0.410494924,-0.639369243,1.027226274,-0.319249968,-0.449156296,0.665283478,1,Intrusion
-1.62152982,0.970779222,0.642905995,0.035896602,-1.519895679,-0.049837178,1.902188512,0.007816106,-0.886526086,-1.933873321,-1.369803527,0.795563332,2.123297258,1.150636467,0.9124692,-1.845272249,-0.833125621,0.329584152,2.087518605,0.451710457,2.187931762,2.232697414,2.226711467,-0.250493206,2.89209876,-0.14604695,-0.665765847,-0.571291812,-3.291186697,0.006247726,1.306802334,-1.824854175,0.284033147,1.587503732,1.187850861,-0.004441762,-0.792593073,0.001159928,-1.421831454,-0.347818142,0,Normal
2.687288874,1.157176731,-0.346243133,-0.262003117,-1.174590367,-0.7228122,-0.966716672,0.472407426,-3.60432618,-2.410135187,1.691994565,2.100124702,-2.956053979,-0.655520635,0.121851243,-1.096336083,0.629602222,-0.612036452,0.817195877,-0.379248378,0.134075844,0.563412324,-2.909934857,1.061792106,0.926850717,4.391720002,-0.884725738,-0.435912901,-1.588151507,-1.714679747,0.417610145,2.161763379,1.121482461,-1.357532094,-0.941641854,0.69579616,-0.495172316,1.076658001,0.282523963,1.22893998,0,Normal
2.890709011,-0.10044377,1.288795627,0.401985802,-1.672439303,0.002714062,1.461881806,-0.646511452,-1.560519978,-0.55745725,0.449922433,-0.189083718,-3.186874841,-0.631157135,-0.577139816,0.508306649,0.118819617,-1.961126402,0.541436548,0.275974611,0.407257281,1.486297143,-1.89254536,0.328081946,-1.078646483,3.38587647,0.568973144,-0.729902736,-1.809281938,-1.280612555,-0.284338203,2.211829125,0.804207127,-1.40087436,-1.830243506,-0.228396275,-0.649843171,-2.628833185,-2.115741558,-0.302555837,0,Normal
-1.724474771,2.085476585,0.715937716,0.464422271,-0.61300964,-0.378961747,0.293417663,1.342030808,-2.334063663,-3.40167823,0.306140166,0.1163062,1.41684546,-0.076591781,-0.281536376,0.739264552,-1.689794501,-0.44149503,-0.156062084,-0.073870196,0.138718849,3.50732773,4.279416472,-0.390522368,-0.178430841,1.430794511,0.50857739,-0.57041594,-5.78783974,-0.899640381,-0.227032258,-1.244540163,0.99878741,0.941262275,0.515215104,0.588346227,-0.325967585,2.930817737,0.754617864,0.102953596,0,Normal
-1.23893014,2.017381876,1.334271065,0.683238498,-0.130161514,-0.264194369,1.404829234,-1.108860754,-2.164122595,-0.388550457,0.766721369,0.525546063,0.424869709,1.452454488,0.006037812,-0.614913474,-0.312386317,-0.181948905,0.524695215,0.104839101,-0.306013861,2.509470307,0.092288115,-0.814991102,0.624505629,1.264223449,-0.633911371,0.275702844,-3.620250349,0.015711215,-1.03871659,-0.899068138,3.878659525,-0.15788459,1.327584751,0.427194535,-0.477864914,-1.453367291,-1.515482217,1.039728196,0,Normal
-1.415747336,2.199517148,2.17642984,-0.172788045,1.490798142,1.673022533,-0.902424056,-1.355073143,-1.731122974,-2.327168818,-0.890082036,2.532741365,-1.205814186,0.28769611,0.52392157,-0.678462504,-0.499412024,0.928180437,0.492381763,0.286837448,0.509012186,0.478645531,1.983681398,-1.521034257,1.213623709,3.132587275,1.055401789,0.002699601,-2.596340628,1.307583917,0.515970657,-2.59734129,-2.008911321,0.295750311,0.543471265,-1.52640863,-0.358544402,0.035482411,-1.407754835,0.55515215,1,Intrusion
0.689754956,-1.17080101,-0.965722663,-0.350602079,0.876565547,-0.105372129,0.414133973,-0.078937973,-5.313248806,-4.34886912,1.33993696,0.950244753,-2.056827696,-0.739619455,-1.660589658,-0.095547137,0.416211291,-0.388739394,-0.129305561,1.401133436,1.350339644,1.264534178,1.474410515,0.059811733,0.555051173,5.994075626,1.751341325,0.262232683,-2.838799621,-1.109454474,-0.525823904,1.128211509,2.465349702,0.164405273,-2.499078294,0.890111919,0.858969863,1.04533317,0.289877546,0.661102736,0,Normal
0.262465831,0.673553032,1.407489228,-0.680260637,0.044919012,-0.24611406,1.902242707,0.717577034,-3.116010746,-2.442445857,-1.128842357,0.610420849,1.619744554,-2.496903988,-1.19057463,0.253486107,1.322884676,0.876373174,-0.9959818,0.352739718,-1.230788948,2.436785071,0.245485901,-2.214940654,-0.012164852,0.221938032,-1.56030434,1.229491848,-5.023663945,-2.509448762,-0.118126743,0.181911843,2.220852713,-1.530087991,2.641198275,0.432196201,-0.127861832,-1.916365633,0.348548007,0.932548834,0,Normal
3.988323042,0.640237807,0.685919826,0.608362808,-0.900094991,0.321294732,0.529713265,-0.937708651,-2.319119787,0.016099528,0.042222012,-0.041977446,-2.188890031,-2.521284841,0.825841639,1.341396281,0.672761876,0.036532613,0.289818588,0.060280746,1.132691694,0.221055826,-0.381182066,0.538494764,-0.368457181,3.406120648,0.491889195,-1.237897162,0.030143045,-1.347268808,1.500418458,2.562747443,2.00106172,0.536847589,-3.635015714,0.143882733,-0.149932866,0.699576948,0.880040504,0.125845329,0,Normal
3.152875316,-0.729658119,-1.61975426,-0.742358467,-0.752083507,0.30021937,-0.406194615,-0.441826641,-1.858006557,-1.13045086,-0.583703626,0.7012947,-2.244884259,-2.06795974,-0.445779893,-0.427748794,-0.294193599,1.19917657,-0.599607524,-1.456717992,0.711487572,-1.17330192,-3.059928878,0.092415751,-1.760657288,6.052353358,-0.028851269,1.224652088,3.924499961,3.020347472,0.468569998,-1.322842588,-1.269646714,-0.335909095,-4.994215395,-0.438742357,-0.243998003,1.138156511,2.100278315,-0.374771702,0,Normal
3.476188167,0.566465713,-0.885950419,0.160779624,0.158461572,-0.902730158,-0.40990396,-1.029760546,-2.465256184,-0.735315119,-0.213041488,-0.948727707,-3.187827393,0.44671898,-0.161429114,0.075575453,0.576982307,-0.188122631,-0.721718449,0.190730717,1.284323714,-0.557000337,-2.100256439,0.474441949,-1.101060536,5.639448615,-0.296965981,-0.271016413,1.903473987,0.945029556,1.336875183,0.843627839,0.518913849,-0.478228172,-4.483098252,-0.486422158,1.596590701,-0.309224823,-0.02083796,-0.517492069,0,Normal
1.391147197,0.1307182,0.496646195,1.088121525,-0.034292873,0.035208387,1.570990218,1.126631617,-1.75523962,-1.161386504,-1.380360972,0.293147391,-0.384480705,1.179308662,-0.317081464,-1.217746018,0.144291215,0.533291521,-0.698054769,0.728097329,-0.402651799,1.67E-05,-2.492478243,0.601735191,-1.877578103,3.348492183,1.821034173,1.546578847,2.371492117,1.411692676,-1.242899953,-0.160038016,1.442342983,1.430712707,-3.055855777,-1.670079648,0.423287042,-0.55059596,0.342192061,-0.55850225,0,Normal
-2.838362547,1.31448963,-0.00805162,-1.295305948,-0.11268276,0.27600599,-0.006098779,1.382371793,-1.478867227,0.659615976,-0.794536428,0.983526202,0.001801222,-0.49065277,0.590252649,0.037441046,0.145878953,1.283681683,0.293046778,-0.747424985,1.520381384,-0.556394562,-2.08462544,0.028495436,0.236037476,0.982021884,0.999897002,-1.246467362,-0.292537736,2.365857542,-0.363915424,-3.050162339,2.203856369,-1.276175003,3.131143067,0.506143477,-1.81725392,0.361975827,0.986594064,0.233247521,0,Normal
3.112448664,0.255343412,-1.661377381,-1.433204449,0.793664948,1.018102589,1.105669631,1.178033466,-12.86472569,-6.064745709,-1.299151986,1.092686823,-3.167215121,2.903293204,0.517214248,-0.661572065,0.623364246,-0.496777159,-1.511194761,-0.429727878,2.315977391,-0.597733196,3.721915311,0.052325438,-0.614293177,9.949818693,-1.172882034,-1.665769216,-9.570163876,-3.298680721,-1.124501783,-1.665137003,2.501344924,0.035785399,2.937565202,-0.045256752,-0.422211637,-0.364877723,0.332055592,-0.162365469,1,Intrusion
-3.291313392,-0.010939018,0.282467739,1.063900147,1.016067252,-0.509629399,0.537489116,0.791926943,-0.375243018,-2.972513558,0.528405202,0.20747594,1.231569943,0.540661655,0.785125624,0.211887907,1.515933898,0.183508343,-1.299388429,1.692390089,0.681578692,3.735623667,1.073314291,2.055317535,0.085769551,-0.547690352,-1.133684445,0.177124626,-5.98881476,-0.549670411,-1.932156503,-1.83189462,-0.636875714,-1.338518358,3.754302838,-1.0953665,0.035504109,0.032227336,-0.404831584,1.352449399,0,Normal
1.591798947,1.059536529,0.57033142,1.70792389,-0.198994513,-0.625438427,-1.352503507,-0.310431477,-1.642587143,-0.28891006,1.15164513,0.956034498,-0.726556847,0.426200073,-0.463183478,-0.047993511,1.416404443,0.102546699,-0.290438545,-0.749444797,1.477316705,1.169058993,-3.8924561,-0.986162256,0.275021364,1.090552846,0.461905911,1.180413283,-1.283760152,-1.173457775,0.047218941,1.217978462,2.200138833,0.776935162,0.995076352,-0.623961467,-1.742808184,-1.448146831,-0.081841922,-0.941701569,1,Intrusion
1.380098783,-0.020822824,-0.906644063,0.12835734,1.178000337,0.899265057,-0.973272742,-0.250101421,-0.967196781,-0.724447949,-0.501746418,1.743026314,-1.534713445,1.864990544,-1.189571209,-0.305456689,-0.839464103,-0.375722727,-0.170421884,-0.974303829,-0.954381583,2.418132968,-2.035114684,-0.318392672,-0.849729088,1.239341321,0.727152,0.158537208,-2.734629422,-1.858908173,-0.273795517,2.242181521,1.763274363,-1.248755454,-0.058355963,-0.039625119,-2.108072684,0.172720291,-0.464861982,-0.194721398,0,Normal
3.649156008,0.116641723,0.019971212,-0.348407626,-0.640698654,-0.470398604,1.53869212,-0.583476353,-3.278772046,-1.311335471,-0.522625568,1.528463384,-3.842726871,-1.004598631,-0.49288863,-0.500420458,0.761509761,-0.90911144,-0.673862304,0.420825149,0.198393424,1.002098925,0.332312299,-0.669473083,0.219908644,4.987169591,0.762069438,-0.980300294,-2.139575807,-2.052102219,-0.144444595,3.13044112,1.685008351,0.448752375,-3.460329058,-1.953546225,0.654951537,-1.062653973,0.602044101,-0.08024007,0,Normal
-0.282105279,1.072285787,0.19852296,0.33731386,-2.131371684,0.701544622,0.017555745,-0.876658116,-3.258945921,-3.300014042,-1.423188726,-0.77097961,2.182617049,-0.672180856,-0.482209024,-0.991417628,1.545672885,-1.218973994,-0.349760056,-0.338672872,0.535449314,1.57181515,2.630820575,-0.17541892,-0.273387455,1.574839174,-0.364150358,-0.879937164,-3.706742065,-0.606134005,-0.801631457,-1.940024157,0.414846829,-0.701024883,0.859505716,2.152142894,0.528511876,0.007299493,0.763787318,0.036006394,0,Normal
-2.598175599,0.424708881,-1.207929108,-0.292959574,-0.189488153,0.451883827,-0.623817548,-0.399394126,-0.738883449,-0.466989353,-1.628228033,0.155282535,1.221332928,-0.130977141,1.887657886,0.05577236,0.948115337,-1.836904656,-0.812609001,-0.95988919,-0.791918165,0.785149571,0.891937252,0.779619718,-0.452335125,0.005076294,-1.709689341,-0.151821867,-1.395647535,1.184403744,1.828209669,-2.117734431,1.418286934,-1.602252624,1.611730145,-1.334016021,0.204402109,0.418919309,0.917202041,0.179300442,0,Normal
3.119476281,0.336630067,-0.301120681,-0.592199809,-0.897353182,-0.979560538,0.962546649,-0.720324392,0.430827447,1.084733479,1.129791632,0.642381439,-3.659328849,0.16051988,-0.695434821,-0.332904742,-0.112600047,-0.431356832,0.187607377,-0.484751079,-1.45290392,3.379323879,-1.503112704,-0.964209458,1.018496172,1.381524088,0.273748878,-1.120096786,-4.634736704,-2.409556536,0.291744832,2.908710662,0.294824643,-1.22531829,-0.349496235,1.768106135,-1.521770357,-0.699187942,0.033081227,-0.903304978,0,Normal
0.644515878,-0.162235028,-1.317774317,-1.827900295,-1.888594891,-0.747685129,-0.302159832,1.536328419,-4.233234229,-2.699707547,-0.401439255,1.225468854,-0.427634285,-0.493967637,0.273669022,0.967420028,0.014215476,1.242891108,0.434319387,3.118484895,1.349067627,1.657808376,0.715468488,0.707039393,0.800317872,3.280240909,0.527890719,-0.315584805,-2.806268525,-1.715547137,-1.202731916,1.491937506,3.905307275,0.581124605,-1.13489587,0.162341111,-0.448956365,-0.558842052,-0.924403424,-1.736602758,0,Normal
-1.57235865,0.152390763,0.036922876,-0.059719204,-0.585076152,-0.484742945,-0.084096028,-1.74054117,-1.596543794,-2.516825836,-0.718937947,-0.677470711,2.483839734,0.305396384,0.546507417,-2.030965864,-1.111217483,-1.186696586,-0.651606932,-0.286702732,0.832892518,0.847833022,2.609126295,1.576200621,1.402291289,1.373224678,-0.663244622,1.973640084,-1.448604473,1.792980146,0.689910015,-3.794972797,-0.969537432,1.527353457,0.159206685,0.773351147,0.47101924,-1.330139405,-1.611718519,0.935092154,0,Normal
1.08923482,-2.287495598,0.554018876,-0.832860353,0.90195932,-0.128482271,-0.132082479,1.242530481,-2.486654933,-2.806422698,0.309181208,1.147356326,3.975731056,1.464535882,0.94061173,-1.021745706,-0.097868784,0.030800365,-0.442854872,0.711921123,1.427182925,0.339871479,4.211407247,-1.085129785,-2.035217719,-0.61364629,0.577794997,-0.477603945,-1.767170307,-1.81413585,-0.282191932,-0.657504436,-0.016889683,0.619987243,-0.328095156,-1.076252155,0.240628861,0.439782299,0.699727519,0.349444686,0,Normal
-0.600610412,-2.545577729,0.105434098,-0.402746168,-1.847530623,-1.157079585,0.853993252,0.935239616,-3.084736221,-1.44772979,0.193856191,-2.35291936,-2.310157766,0.140699385,0.206958125,0.95783851,0.880357002,-1.691659888,0.188949145,1.058957226,-0.786451364,0.07737978,-0.771004537,0.671581679,2.217343886,4.749325579,0.979466242,-0.132037926,-3.514873474,2.310228735,-0.295602043,-4.480478678,-1.966460488,-0.253938054,2.671128817,-0.867507559,-0.840379707,-1.538797606,1.298233302,-1.25464673,1,Intrusion
-0.485084854,0.688486947,0.618756807,0.118869645,-0.626584772,0.635076802,-0.575313644,0.074847617,-2.989420002,-2.144543576,1.908711837,1.048360199,1.99390299,-0.206005215,0.650973307,2.372185121,-0.279251028,0.182952456,-1.525952141,-1.276690336,0.958601835,1.883128321,4.305605712,-0.475926841,-0.454857251,1.172150545,1.42186701,0.427259029,-4.211549332,-0.854011139,-0.451133296,-1.371753394,1.785041821,0.214223113,0.282011448,0.109333149,-0.523410427,2.123409405,-0.055070212,0.681333532,0,Normal
0.767600433,0.682989489,-0.230192266,2.01963434,-0.739310126,1.143895064,-1.809111932,-0.689899539,-2.511812617,-2.023010396,-0.491112879,1.607442772,-1.308019627,1.793753874,0.131043131,-0.721154107,0.550143472,-0.212486974,-1.247009041,-1.417839933,1.088764698,1.931280435,0.001413689,-0.676270462,0.610390392,2.510971501,0.497143341,1.051767959,-2.680424742,-1.775774429,1.192814361,2.05207083,2.464781512,-1.754258356,-1.060445773,0.273993328,-0.840136348,-2.361252539,-0.015628798,-0.817540284,0,Normal
3.146401145,0.884120525,0.53608531,0.634703256,-0.978348903,0.432093123,2.003657743,-0.33934627,-2.401330296,0.646317436,-0.532793856,-1.228603922,0.18782428,-0.018699204,-3.363726073,-0.174586761,1.173309877,-0.107764205,-0.196874171,-0.012957255,-0.293035798,0.714528339,-4.400256419,1.072045045,0.35673248,0.16124323,-2.36031674,0.157949313,-1.282124469,-2.307997728,1.047068313,1.875269461,3.56577167,0.663694847,1.616193068,0.701819095,1.245480358,-0.039317816,1.428931563,2.110684469,0,Normal
-0.269748853,1.499691787,0.588458558,-2.09074176,-2.080244526,-1.157345954,0.022772763,1.978751708,-1.529900513,1.738909069,-0.998412337,-0.977693701,-0.012935456,-1.286920576,-2.239432454,1.549718385,-0.322117415,-0.364802066,0.023354751,0.517838726,-0.592126972,2.151782146,2.004188615,1.459706993,-0.619301668,0.696395609,-1.104665896,-0.070960285,-4.726676788,0.083000706,-1.038245351,-1.700662199,3.030072916,-1.137066559,1.824936939,0.02778797,-0.574174289,0.49879724,-0.412720768,-0.415143759,1,Intrusion
0.218670778,-1.618731385,-1.41833049,1.577492981,1.083157719,-0.42491213,-0.099714998,-0.000944355,-3.749746382,-2.036068036,0.541356564,0.646096771,-0.809570981,-0.937306359,1.765219874,-1.462181199,-1.340015583,-0.514152128,-1.44220521,0.758811329,0.257927023,-1.329140386,-1.093310527,-2.184349011,-0.843582547,3.984951923,-1.352695121,0.303456047,-0.636870204,1.419361892,-0.391538381,-2.847616727,-0.618938535,-0.687149281,1.178513449,-1.187071883,-0.201545651,0.910801093,-0.854296523,-0.595105318,1,Intrusion
0.799770537,0.208510379,1.108290186,1.801067964,1.234885713,0.532162321,1.942215615,1.512897398,-4.315374405,-2.233432347,-1.067736873,-0.942824601,-2.756576724,0.058811107,-0.522207003,1.021647183,0.268332807,-0.844648833,1.66437322,1.235525136,1.539461433,1.373223809,1.084645332,0.08753871,0.13515219,4.865529631,-0.584057576,-0.536640584,-3.308565237,-1.373526482,-0.415671244,1.649968994,3.264830701,2.137196964,-1.602606834,-1.179378568,0.21225341,-0.240717002,-1.144029924,1.141604149,0,Normal
1.491301816,-0.030546189,-0.504675639,-0.478915345,-0.223840151,-0.831659408,0.444121481,-0.371152826,0.951485637,0.931645629,-0.361178888,-0.587310179,1.601686398,1.66377901,-0.005758359,0.893074498,1.846795744,2.09618363,-0.416251637,-0.010959151,-1.13039001,1.011002347,-4.729199798,1.016812627,-1.806093978,-1.497797896,-0.807257764,0.280902563,1.364569267,0.028330459,0.345693843,0.301645585,1.143836508,-0.602982311,0.509366181,-0.794942387,-0.054866168,0.105024983,-0.392398106,0.049182425,0,Normal
-1.369358819,-0.112458428,0.233103936,1.386707246,-0.292994687,0.926005901,-0.274902857,-0.150163712,-4.524544146,-2.322204011,0.667047581,0.666479297,0.621166017,0.751982102,0.768568748,0.451625996,-1.429425379,0.395635694,0.339990271,0.132021751,0.482111137,-0.274290285,0.976162143,-0.494120463,0.21801112,1.808529411,0.273733807,0.929383818,-3.768826447,-0.68975351,0.480706545,-1.997980528,1.685769983,-1.166498103,3.75952629,-1.67164931,0.538306377,-1.54121654,-0.33054429,-0.665157928,0,Normal
-4.632466574,0.418126759,-0.354405046,2.043514529,0.9036668,1.396419864,0.377838657,1.909905339,2.469667423,-0.143838876,-1.127730922,0.585915208,1.267632653,-0.138209618,-0.014598304,0.058655911,1.304264763,-0.342506159,-0.260290396,0.922467969,-1.564273455,2.209279511,0.439895877,-2.504198648,-0.834435069,-1.622733201,-0.814857578,-2.182912311,-1.050369818,2.290776261,-0.116117759,-2.396797897,-0.120761777,1.02935546,1.547312793,-0.087355463,-1.530699636,-0.626469155,-0.691375414,0.498100559,0,Normal
-4.554833034,-0.35518198,0.101464363,0.521779247,1.15142871,1.580903213,-0.879418439,0.848258663,1.068165228,0.43520835,-0.121370872,1.944731352,0.536831901,0.057125778,-0.217615448,1.58749588,-0.573760346,0.010701897,0.974477113,0.003881043,0.970803763,1.309528314,0.475711413,-1.101399749,-1.200610948,-1.472423325,1.421601927,-0.567145413,-1.98558652,1.409784185,-1.066526828,-1.975390019,1.179728183,-0.687674201,3.138443139,-0.019338936,1.193848592,0.494289546,0.226804852,0.507684617,0,Normal
1.251683817,0.544505931,-1.198214426,1.527432245,3.098564784,0.360507096,-0.611675505,1.097012809,-2.083548991,-2.699482767,1.197887581,0.284422989,-1.909474409,-1.261859342,-1.588344852,0.698114356,-0.668529168,-0.748126485,0.709558529,-1.37347909,-0.523914682,1.27682871,-2.366852478,0.901782544,0.046049905,4.341148033,1.397563583,0.566749543,-0.127872674,0.335806014,0.370389785,0.689927765,0.384716845,-0.560682353,-2.555787029,0.336454318,0.835352376,-0.845576585,-0.10037799,-0.191959502,0,Normal
-4.189282941,1.097144574,0.787164211,0.426708038,0.736174857,1.206241467,-0.995601772,0.455735373,4.200988021,-0.659505108,-0.712712928,-1.314883296,2.814739837,1.26355527,0.45820224,0.155990541,-1.024439868,-1.134884908,-1.59203713,-0.577880883,-0.729986081,2.839189406,1.783027112,-0.157954929,-0.17779173,-2.356118234,-0.519418384,-0.501454801,0.449063048,2.967564239,0.424325145,-2.691867521,-1.864680383,-0.032612814,-0.966741271,0.412627848,-0.740873144,-2.338170611,-1.490420905,0.702181674,0,Normal
-0.979516757,-0.392744972,-0.073628445,1.438665096,-1.235761776,0.83238805,-1.402321304,0.116039193,-1.652802798,-0.270775563,-0.64089455,0.737827297,1.384976652,-0.20325045,1.658238969,0.020340217,-0.089627379,1.45697117,-0.441007823,-1.272694601,1.637562848,0.346151781,-0.471123076,-0.918404398,1.113069059,-0.226235099,-0.655526007,-0.289685352,-1.184061589,-0.088761435,0.589556047,-0.917950339,2.400258352,0.628081865,1.933803635,1.070394429,-0.4244204,0.26846978,-0.119858605,-0.248917036,0,Normal
3.35665664,1.810491061,-1.068381242,-0.912056974,0.174108567,-0.776014293,-0.00544865,0.371950515,-1.175202026,-0.047069382,0.165023014,0.863396473,-3.371027838,-1.322415767,0.289693501,1.131676749,0.439163564,-0.655343396,0.582569981,-0.532147274,-0.367527936,0.731923921,-1.974251428,-1.719390798,1.958834565,3.414019909,-0.48257165,1.072410169,-0.55442066,-0.907371662,2.257924016,2.228973046,0.320725497,1.083657373,-2.534630012,-0.018012487,0.417612037,-2.076703149,-0.406855724,0.568317756,0,Normal
-2.203326652,-0.413896385,0.523157138,-1.288449291,-1.206980158,-0.210787981,-1.672721696,1.49509442,-0.234917612,-0.655518949,-1.127565705,0.295611624,1.917021867,-0.748944325,2.063714116,-1.367776881,-0.142227268,-0.421774401,1.213071065,0.356570153,1.643713443,1.335536494,3.090385355,-0.095692346,0.534682215,-0.206963942,0.497998688,0.375021873,-1.425046956,1.046976558,-1.756263578,-1.899186107,1.068201159,-1.253676099,-0.114925922,-0.535468355,-0.190465814,-0.90191958,-1.355004406,0.418753722,0,Normal
-1.693719004,0.077744868,0.336628194,-0.763720393,0.759273895,0.820588543,-0.919664762,-2.076885357,-4.068350442,-0.165675393,1.30594673,0.128735195,-0.990903947,1.446223871,0.888821315,-0.417001336,-0.973969827,1.386949828,-2.753357215,0.297588683,-0.636981584,1.500404987,-1.187950769,-1.344600574,0.207943168,1.933159868,1.17775982,-0.001133277,-4.77733472,-0.817029397,-0.337128804,-0.461985506,5.476835342,1.42640657,3.843109852,1.071551169,1.465708417,0.716790992,1.810768174,-0.651325784,0,Normal
-0.241060594,-0.18552031,0.215808564,0.189647697,-0.454715258,-1.437569883,-0.307235379,0.165898915,-4.651901847,-3.204938508,2.150514243,-0.248143225,0.939562625,-1.298645007,0.142382057,0.592471366,-0.417313221,1.509227509,-0.721533107,1.225224111,-0.376384186,1.772274486,1.35964947,0.378322868,1.380571953,3.198033002,1.543528136,0.763113877,-4.526009088,-0.453264388,0.853224922,-1.95988487,1.969462766,0.363353968,1.343349823,0.482185684,-1.742140301,0.374280897,-0.391397307,-0.328944525,0,Normal
-1.384949574,-2.009219688,0.113474511,1.525256875,-0.210873141,-1.086622101,-1.219592153,-0.033082831,-1.140101975,-0.932227382,1.663453249,-0.129132922,2.005576119,-0.290290294,1.450940171,-0.226173765,0.189180408,1.891637017,-0.132530153,0.493529234,0.667078311,1.387428524,1.587593758,0.649984656,-0.962819755,-0.784952585,-0.59690625,1.330898032,-2.953980198,-0.417984798,0.556000192,-1.42412479,1.153407737,0.276225811,2.151920886,-0.314217493,1.208326829,0.829538553,1.070725185,0.223186709,0,Normal
0.132441683,0.29651801,0.090098345,-0.772192885,1.242849206,-1.843251684,-1.491249526,1.002369893,-2.791655157,-1.557228928,-0.030061086,-0.189261079,2.272832987,0.86715801,1.902497956,-0.812386898,-0.268149256,-0.514693908,-0.308730569,-1.743460038,-1.105613766,1.479104756,2.792330034,1.219474169,1.265639346,0.744401961,-1.075358844,-2.017401219,-3.274600769,-0.750419666,-0.419891853,-1.353310179,1.924964954,0.348160195,0.563434799,1.507995842,0.095782775,-1.085485441,-1.381645778,-0.226444206,0,Normal
2.549083623,-0.548640015,3.62E-05,-0.23194044,0.229143205,0.766431669,-1.30496523,-1.242059726,-4.159799146,-2.151021382,0.073419031,-0.288210447,-4.20210675,-0.073747047,-0.937904467,0.677668049,0.717135377,2.234667534,0.7975545,0.081459207,-0.992715875,2.988826185,2.810963104,-0.057457401,-0.956540225,4.765276387,-2.175976019,0.292970195,-6.933198641,-3.788775007,0.439349049,3.514322786,2.435153613,-0.547082908,-1.468351794,0.001300778,-1.32299885,0.15259352,-0.80216081,-1.113062111,0,Normal
-2.082693197,0.303041656,0.528205826,-0.158059016,-0.563371066,1.38040786,0.635937917,1.429221088,2.377598323,-2.974580617,-0.552602102,-0.132287987,-0.864269379,-0.002585097,-0.789868273,-0.37843012,0.656976077,0.896574993,-0.683243483,0.72040135,2.283818728,4.072530279,-3.285111631,0.869023715,1.149355895,-0.423076979,0.102014276,0.457990845,-2.068961975,-0.663063152,-0.3883848,1.72912385,-1.435515121,-0.183774496,0.336230585,-0.365212044,-0.317857932,1.582874877,0.970026751,1.79245253,1,Intrusion
0.947800234,0.326824879,1.99232644,-0.12589553,0.022024449,-1.842539788,1.194419575,1.592272914,-0.090919155,0.216976878,-0.60220505,1.41275347,0.718261304,-0.442977072,-1.194951581,-0.169016972,-0.038853567,1.662356599,-0.15731634,0.104581538,-0.086354074,0.312162961,-3.635353404,-0.562335617,0.394366156,0.288903995,0.347512967,-0.444370301,1.962227303,0.675930069,0.45938564,0.119913933,1.449222535,-0.687167877,-0.712300254,-0.040099253,-1.480924691,-0.286103814,0.801885624,-0.515418819,0,Normal
1.622934809,-1.369698774,0.538889505,0.741389522,-1.211781428,-0.18062324,0.072341274,0.361857347,0.345952733,-0.374668459,1.59076635,-0.570769251,-0.245629257,0.243649989,1.361499283,0.049879787,-1.167895372,-0.756370734,0.246698663,0.331938234,-0.1910749,1.58653078,-2.882612864,-1.3185092,1.669377561,1.0877576,-1.210992047,0.685131922,0.443569008,0.297984698,0.274266109,0.509013979,0.144679394,-0.926045189,-1.594616076,0.090410082,1.197245118,-0.518861998,0.234550004,0.529008454,0,Normal
1.900567959,2.700453356,-1.313285243,-0.769747566,-0.026275569,0.065904276,1.32838069,-0.022439433,-7.231703726,-1.440383505,-0.062504959,0.363127408,0.72626155,-1.139814042,-0.43368776,-1.237885404,0.604031027,0.580216032,-0.08140047,1.171487775,-0.768010951,-0.537008352,1.926518653,0.597244541,-0.814561916,4.139290908,-0.275145045,-0.081855275,-2.888000768,-1.252102059,-1.481222911,-0.764636909,5.500323264,0.477387858,0.257244246,-1.01815141,-0.827262152,-0.68727574,-1.256475417,0.338481086,0,Normal
0.455040465,-1.153618112,0.310271269,1.195512316,-0.446081732,-1.88061978,-1.188264222,-1.298538069,-2.433234807,-1.945159626,0.557436283,-0.150337044,0.391867783,-2.528720225,0.534668481,2.1173593,-0.511279255,-0.078985614,-0.06840017,-0.692765796,0.400953732,1.457085543,-0.830712399,0.861077234,-0.084931429,0.488235789,-0.554947569,-0.264560031,-2.003013067,-2.567822764,0.562765849,2.484611219,3.321961543,-0.694554814,0.291644854,-0.338377506,-0.237968611,-1.96867664,-0.295638426,-0.138350557,0,Normal
1.713698962,0.330316115,-1.563239337,-1.054885933,-0.026550613,-0.521849002,-1.679444644,-0.102936088,-8.134503119,-4.131197474,1.118718663,0.026315378,-1.455056896,0.077040281,-0.263926712,-1.537618099,0.124239928,-0.423206469,0.447884324,0.04896005,1.523399784,1.880596031,-1.148435884,0.590137658,0.096252694,7.676239267,0.632741774,-0.573485318,-6.989773004,0.083554461,0.909662018,-3.682796538,1.807656985,0.43462516,2.582979273,-0.643621558,-1.675121355,0.711536471,2.233434593,0.552253529,1,Intrusion
2.980735076,0.479813733,0.996637501,-0.265515479,-0.279652491,-0.055708276,-1.996066892,0.675706081,-4.634454755,-2.37580507,-0.239390142,-1.260542154,-1.723500763,1.091818688,-0.947437152,-0.227363796,0.171170323,0.257192684,-0.090536056,1.568476463,0.697425472,-1.179413092,-2.063074456,0.559611953,0.53353252,6.927318422,1.820148997,-0.84430162,2.131905534,1.848427182,-0.209597452,-1.151003874,0.891710141,-0.684584073,-3.975583135,-0.576891989,0.275319194,0.766102974,-0.712515973,-0.21559774,0,Normal
0.847841848,-0.172195996,-0.594241313,0.728906231,1.319016726,-1.292015333,-0.565499029,0.906434814,-1.559372009,-2.294826694,-1.357764862,0.511495061,-3.150413743,-1.160682851,1.855683738,0.46727138,0.511930434,-0.16151511,0.35263266,0.015225432,-0.394850515,1.780752403,-1.750174231,0.826468793,-0.51377689,5.618155337,0.497973299,1.328175907,-0.892929503,1.686959386,0.145321423,-0.647022084,-0.797016076,-0.533752722,-2.922252405,0.477850851,0.591781954,0.619290093,-0.739821468,1.683889705,0,Normal
-0.588259355,0.209264855,0.532289373,-0.586658859,0.09682124,-1.247573795,-0.420155822,1.575697289,-2.166384693,-0.882569839,1.938033044,-0.557457982,-3.686889486,0.521746511,-0.743483305,-0.642019671,0.251891137,-1.777501172,-1.37167219,-0.851672973,0.558182531,-0.958461465,-4.947197747,0.232685475,0.531589587,5.12286168,-0.351045126,-0.399942801,-0.434456006,3.237998141,-0.414706208,-3.671771283,-2.004572654,0.989446336,2.307688645,0.785612382,-1.486074287,0.119137358,0.296179326,-0.095805498,1,Intrusion
-1.308193865,1.123826404,-0.211307877,-0.097358691,0.241748542,1.042286378,1.016437909,-0.589701397,1.64344082,1.910323083,-1.707693252,0.224039315,0.468896881,-1.001573967,2.966522799,0.245575399,0.046306657,0.647783664,0.294441478,0.886345,1.615038484,2.113854093,-2.032993891,-0.465306628,1.449563575,-0.45289632,-0.966693838,-0.26976223,-1.152621069,2.402855222,0.68925706,-2.72348727,0.593318062,-1.999718896,1.477689389,0.742093689,0.32284489,0.951621187,-0.673575192,0.180049034,1,Intrusion
-3.431205947,1.300610764,1.086014388,-0.430451549,-0.762260686,-0.368228784,-2.078693158,-1.122839135,-3.086634659,0.519967649,-0.409899355,0.436251112,-0.608280663,0.45825848,0.275263944,-1.154265998,0.183955281,-0.608565028,0.196201146,0.360380997,0.700446508,-1.727368696,-0.867357203,1.478809297,0.013291714,2.173955943,-2.307153413,0.268037375,-0.773915731,2.691273996,-1.083365824,-3.952201573,2.588702679,-1.537492431,3.89063016,0.440273788,0.297924153,0.425720397,-0.705050547,-0.163789255,0,Normal
-0.343454927,-0.074330394,-1.244576099,0.207652199,0.142283719,0.158805101,0.044453276,1.383246251,-0.654005109,-1.6902845,0.291986426,0.780299438,2.509149632,1.845464101,-1.490886691,0.867637657,-0.593259053,0.117415758,-0.084128018,-0.043797582,0.231412833,1.211767062,-2.929214868,2.377137031,-1.225438963,0.032756349,1.417908224,0.033499334,1.839077251,0.562276378,-0.981796538,0.025295188,2.373761033,0.883228049,-1.097146707,0.114152369,1.71157424,-0.430824231,-1.064224176,-1.376259854,0,Normal
-0.075446946,0.726210923,-0.956512157,0.604080714,0.06316054,-2.296081909,-0.476921172,-0.571006787,-5.417018401,-3.494262931,1.568045944,-0.394345616,1.744987328,-0.366633952,0.296871694,-1.153933355,-1.093138798,0.40329853,0.322382943,0.574342076,-0.108266942,0.398924328,4.628992188,-1.605129571,-1.027360678,4.231163354,-0.048055611,0.65753435,-3.333696673,0.695344975,-0.936792436,-3.531411387,1.067555148,-0.280178022,-0.456635681,-0.081883559,-0.16195708,0.394619205,-1.202523975,-1.488230634,0,Normal
3.930745341,1.499023508,-2.817115005,-1.048243387,-1.445209502,1.880973632,0.382368942,0.314155246,-0.667558087,-1.698730528,-1.452447216,0.424617928,-1.806649553,1.536566934,1.471689014,0.680524719,0.018623663,2.028719847,-2.110332373,-0.103086237,-1.036032814,5.584824372,-2.13045912,-0.003320313,0.129067171,2.149897606,0.738232487,0.759610994,-8.019246203,-2.432480229,1.64446521,0.306286535,-2.320671062,0.079631996,1.418070915,0.079652102,-1.684242817,0.573121929,0.612095488,0.774367902,1,Intrusion
-1.060721882,-0.189740177,-1.271189568,1.421394717,-0.515045397,-0.438064265,0.506452451,-1.749843793,-4.563180678,-4.069174672,0.071734307,0.273140176,1.195112878,1.061340561,-1.42922395,0.945869749,-0.414945983,0.035237381,-0.421816119,-0.03653903,-0.810035143,1.30710904,2.186337814,-0.051447216,-0.666261069,2.069980528,-2.08552157,-0.314826072,-5.381654091,-1.436538709,0.588505719,-1.732302031,0.698998949,-1.613108598,2.981193195,-2.110494832,1.785452028,-0.624655602,-0.761926029,-0.22956345,0,Normal
-0.577445963,1.321107715,1.744961658,0.878408151,-1.003792955,0.234811952,2.031612375,1.291413803,-3.681044195,-1.965479889,-0.269633922,-1.215661362,1.074946396,-1.804388096,-0.345808779,1.190024882,0.251210787,0.117122195,1.264530241,-1.555256083,-0.375465305,1.502518496,1.360140633,1.01501916,-0.203787865,1.74991333,-0.331763845,-0.361291897,-3.924127295,-0.756060134,-0.459782489,-1.197956539,2.706460977,-0.240764571,1.620850627,-1.09232518,0.221386676,0.222107177,-1.144033195,-1.059369726,0,Normal
-1.62818691,0.34821702,1.486914151,1.020883492,-1.532431892,-1.10982158,0.185378079,-0.250903219,-3.453886568,-0.332269675,-0.373777595,-0.129383759,0.145926315,-1.329528905,-0.765249353,1.210525476,-0.000147982,0.002964999,-0.294546187,1.099032762,0.596487837,-0.362866379,-0.759693218,-0.331585712,-0.255215017,1.496446936,-0.163166812,0.004304847,-2.015736325,0.389835073,1.47361174,-1.76026076,3.360935058,-1.728375775,3.130534518,0.24709575,-0.165454016,-0.992880193,0.784462404,-0.272314626,0,Normal
0.989851344,0.14003928,0.292089977,-1.624476154,-1.622638843,0.048459512,0.399790467,-0.183974298,-1.688055456,-1.838959705,0.971504826,-2.036668356,-0.446342889,-0.067912927,2.239466745,-1.259886385,0.475586036,-0.078561798,-1.557521016,-0.280603681,-1.613534014,1.297666205,-3.615548432,-0.011881401,0.643816938,1.864624926,-0.859284949,0.523762908,-0.899683272,-0.492471412,-0.803086406,0.479154084,0.882579728,-0.332220632,0.330200556,0.238844245,-0.109961151,0.381312533,0.007406956,-0.058874483,0,Normal
-2.393628523,1.04288932,1.082640981,0.269320611,-1.788250812,-1.747612606,-0.95103154,-1.148806427,-2.256288404,-0.693297758,-0.084280983,-0.352890369,-2.641939362,-0.268379517,-1.860842182,-0.394333751,-0.564405816,-0.554984336,-0.550572457,0.449095412,-0.98129513,-0.326837579,-1.515878338,0.954373933,1.218362471,3.919677818,-0.071093949,-0.030627887,-2.525769546,2.86491043,1.598462661,-4.240225578,-0.97861117,-0.034747533,3.343507495,-0.440812548,1.056395973,-0.551361512,0.122099207,-1.241735249,1,Intrusion
3.132646878,0.598816141,0.309587558,0.931891293,0.026696102,0.494476787,-1.194948139,0.720542642,-2.157271718,-0.99700068,-0.85234679,0.557888413,-4.747275851,0.738726038,0.14450505,0.945797778,-1.581002238,2.643126315,-0.240260104,-0.011795117,0.648366418,0.979615368,-2.722658506,0.422150487,0.218150596,5.892047106,-1.499954405,-0.137985899,-0.583979917,0.061866781,0.200440031,1.735586434,0.385203523,1.210155704,-3.438986727,-0.119924611,-0.383428321,0.23226488,-0.431718933,-0.08173755,0,Normal
-0.646835519,-0.989504983,1.397799604,-0.206177741,0.797546455,0.057154565,1.12131432,0.607002209,-6.73639489,-3.214222596,-0.01266175,-0.546635386,-0.900872825,0.156911098,0.672063105,0.091362947,0.184541298,-0.472637004,1.636448709,-0.708898861,0.437096446,1.158766419,0.864916271,-2.368427604,-2.102596201,8.434110867,-0.870639817,0.491910766,-3.486142799,3.659314079,-0.389438391,-5.734857662,2.273268931,-0.15513705,-0.525811326,0.647046111,-1.249551656,1.644381405,-0.377046201,-1.960164048,1,Intrusion
-1.750971423,2.202499692,0.673885946,1.168933559,0.949803401,0.652443894,-0.112694344,-0.153404291,-1.986874788,-2.668630971,0.368980379,-1.067010983,1.562465553,-1.7223809,2.485260179,-0.064237455,0.1499383,-0.210673959,-1.146746865,0.223591693,-0.60226922,3.743466651,-0.064668264,1.532757778,-0.824956598,-0.357622209,2.991906883,0.172390765,-4.773605707,-2.250853838,0.152685405,1.15567588,3.748414214,-0.172318079,1.995206684,0.161531221,-0.182683527,-0.609244455,-0.40085217,-0.507162814,0,Normal
1.225701159,-1.093533216,-0.657155515,0.685148914,0.697019677,-0.722015301,0.079721994,1.079365637,-0.993828569,-1.571835243,0.794367369,-1.540511537,-1.541869254,-0.144126309,0.003846024,1.089424012,0.680949493,1.28199535,-1.277056815,-0.595397767,1.982362202,2.223015492,0.178754071,0.760138929,-0.432947915,2.657988895,0.593689693,-1.079870402,-1.437209189,-0.827062504,-1.371183246,1.899204362,1.186276573,0.95775895,-2.958230758,-0.501168175,-0.849040215,-0.072249316,0.973377187,-0.170573171,0,Normal
-1.883204346,0.708292492,-0.129495551,-0.36928764,0.144047216,-0.350824788,-0.48152958,-1.375697134,0.493058539,0.19539814,-0.541633259,0.319036741,-0.541283755,0.193088397,0.282665597,2.451398597,0.094519983,-0.373125891,-1.65191936,-0.106367334,1.507501854,2.539749838,0.966790328,-0.005716526,2.014132174,-0.535149175,-1.35400092,-2.189055778,-4.086703182,-0.392280086,2.441404403,-0.359118419,0.830029922,-0.58333439,2.077695727,-1.386384637,0.242926051,0.771619071,-0.133971711,0.465101295,1,Intrusion
4.198186014,0.611569085,0.382845425,-0.441863202,-1.536016165,-0.4227603,-0.749140043,-1.039494107,-1.496191564,0.315515839,0.642445517,-0.513253244,-3.35716041,-1.061436435,1.180099242,0.496607199,1.598945965,-1.376278664,1.014206946,0.032984634,-0.87450216,0.42791702,-3.641785543,-0.754976416,-0.271198867,3.046651151,-0.067141653,0.11523514,-0.534376428,-1.467203946,0.913161294,2.557669038,0.569858138,0.452941831,-1.509698876,-2.057583222,-0.727572676,0.38896484,0.381664874,-0.784052628,0,Normal
2.08410529,-1.276156116,-1.480984623,0.508185297,-0.476962655,-0.447186117,1.510310419,0.371124674,-3.360527959,-1.578702911,0.086006313,-1.923124399,-0.466414182,0.359010256,-0.727270676,-0.076438381,0.241790836,0.579679709,-1.045068968,-0.658203991,-1.903091201,-0.19579143,-2.102147914,0.949464474,-1.487513567,3.437049887,0.683805434,-0.248172054,1.158269022,-0.2714957,-0.125764101,1.052552102,2.800785554,-0.612167108,-2.330529598,-0.435906748,0.010583024,-0.235217826,1.88112896,3.38577953,0,Normal
-5.301305449,1.529571354,-1.020454523,-0.222700781,0.121196686,0.372279468,-1.364985459,0.946475372,6.119989218,-1.410586977,-0.893518704,0.161347187,-2.410165436,-0.155059741,-0.76268735,-1.283007995,0.243457677,1.029867275,0.483884379,-0.343309918,2.081330131,5.201603556,-1.67684321,-1.788266414,-1.127705506,-1.496789507,-0.065004484,0.026871251,-3.302968816,1.559566055,0.395159491,-0.213690836,-4.305497491,-0.561809987,1.354217542,1.225709127,0.794496382,1.66777366,-1.697386739,1.596056083,1,Intrusion
0.751319978,0.654610543,0.339774857,-1.42746172,-0.413306278,1.473434165,1.406336662,-0.315280034,-1.062008729,-1.492881308,-0.861145439,0.066785478,-1.776361112,0.918902182,0.562778984,-0.000822113,-0.377466387,0.363011693,0.360050769,0.411781937,2.988333509,1.718627123,-3.630718656,-0.635259002,1.499180074,2.853002747,-0.30351469,1.655412905,-1.181315703,0.384562756,0.666302023,0.0361934,0.095615169,-0.660024217,-0.219678345,-1.377305706,0.46901199,1.239968107,-0.704123162,-0.427730264,0,Normal
-1.589037634,-1.684527307,-0.148645589,0.586501986,-0.243977946,0.916190131,0.322091794,-0.714963775,-1.842390378,-0.94599615,-1.672825137,-0.262953708,1.309700098,0.605640125,-0.174013908,-0.919095575,0.077515295,-1.588234995,-0.555029856,-1.078860636,-1.263255323,0.363768365,1.071078262,0.261412866,-0.345185489,1.874622821,-1.19224288,-0.79639129,-0.357779015,2.13831243,-0.060666341,-2.963531783,1.436282795,0.588171492,-0.141818251,0.989979752,0.16104187,-0.001383247,-0.690437433,1.887212151,0,Normal
4.218707001,-1.007375713,0.359308247,0.835739632,-0.12004819,-0.161834892,-0.460741915,0.258936646,-0.052428337,1.191592764,0.349052831,0.914361212,-4.413897364,-0.374851321,-0.511023648,-0.243251851,0.854423664,-2.160823022,0.750567647,1.441208799,-0.171084276,2.612669955,-0.347240588,-0.72869848,-0.581029744,1.745357149,0.952585989,0.399911325,-4.771570102,-3.286553829,1.420567496,3.761401851,-0.179769859,1.139954757,-0.87450514,-2.087759854,-0.605925691,1.032744558,-1.441544341,0.168059693,0,Normal
-1.230741689,-1.212577366,0.032928986,-0.956002293,1.171466306,0.127079351,-1.55396944,1.744277564,-2.839189258,-3.228847069,1.521845237,0.703530147,0.251431628,-0.011084509,-0.343278362,0.151374063,-2.530228154,-0.782065138,-1.439012653,-0.521961192,1.407713043,1.141111901,-2.14220302,0.255559885,-0.654447795,2.505440933,0.754550886,0.284789151,-2.911622335,0.715774212,1.729688663,-2.699694219,-0.529335913,0.089131722,2.906231985,1.480611222,0.363120997,1.228255404,-0.525992757,1.109867381,1,Intrusion
-1.682749021,1.438095412,1.357922748,-0.709250449,0.051582158,0.164633974,0.571107729,0.126921863,-5.371567042,-0.754834762,0.283194726,1.059065169,-0.609908445,0.804536182,0.668044981,0.202794866,0.032159758,0.340841116,-0.469641811,0.523366276,0.746709968,-1.099522385,1.208999524,0.440381131,-1.434107323,4.309961903,1.02730513,0.251367891,-1.799643039,1.658668824,0.495812875,-3.000553545,4.074806951,0.302494394,1.470210859,-0.312247864,-0.172302867,1.007514245,0.918821829,-0.541523649,0,Normal
-2.200148624,0.647463134,-0.674903719,0.30315321,0.956143868,-1.08093277,1.663122721,0.273862728,-0.596323553,-0.019008429,-0.303783859,0.997859441,-4.293275222,1.661770862,-0.092417737,-0.22893592,-0.482523445,0.77892396,0.451109586,1.003907123,-1.036693587,0.86500707,-1.248018333,1.888385397,-0.654218605,3.479066325,-1.042064245,1.662173176,-2.667564109,1.780119377,0.075455496,-1.435349633,-0.375198975,-0.073111771,1.553767886,-0.74672034,-0.78453641,-0.058128479,1.693442488,-0.837228573,1,Intrusion
0.555280506,0.210941613,2.301855844,1.329429827,-0.110402368,-0.81147112,0.764741785,-2.353640055,-0.498968916,-1.450176885,0.438303967,-0.751251521,-0.8974488,-0.054807933,0.172672886,0.77535228,-1.014503267,-0.534589525,0.315354251,-1.036788584,-1.127269301,0.40241048,-2.124040424,1.854073534,-0.594582831,3.207993087,-0.019398081,-0.52508387,2.677569134,1.814486968,0.030820921,0.047399833,0.361815042,0.107773191,-3.746546784,0.667514786,-0.966848743,0.066880041,-1.360442327,-0.951638475,0,Normal
2.821719959,-0.974241481,0.140386114,-0.474953888,1.433798871,-0.197385873,-1.714357762,-0.277514466,-0.748896199,0.370825087,-1.157214476,1.333313412,-1.38681396,1.184985936,0.385201374,0.859611389,0.367012847,-0.447134089,-0.24058759,-0.499068073,-0.648227245,2.241631595,-2.404796308,-1.351678176,1.034823509,-0.044940445,-0.956042897,1.73235261,-3.311904786,-3.182927036,-1.63096424,3.153782089,1.837426978,0.429264522,0.859757947,0.527597243,0.381785545,0.027481518,-0.214801933,0.563797234,0,Normal
3.19343123,-0.928465994,-0.418002628,-0.263380349,1.481658178,-1.102488164,1.412210622,-0.955633763,-0.881052601,1.078130857,-0.580698606,-0.268019497,-1.490762193,-0.945839415,-0.341769803,1.437182207,0.093610726,0.293665626,-0.247608335,-0.398105972,-1.050092616,-0.642021224,-2.995179465,0.146917829,0.983388327,2.600219944,0.436998266,-0.200387608,2.824345353,0.672950043,-0.757178092,1.107323353,1.482454511,0.096554535,-3.24409797,-2.251309292,2.390460457,-0.993389889,0.746612714,0.134011504,0,Normal
5.210940888,1.228964317,-0.007206015,-0.184561916,0.290432091,-1.109363546,-0.27463222,-0.427952801,-1.822981596,0.600499294,0.33085626,-1.446389215,-3.996296076,2.191194518,-1.055491923,-0.923524255,-1.316025061,0.822172154,0.665013907,-0.484856078,-1.569880351,0.194898567,-0.775471708,-1.272787199,0.407954872,4.346976989,0.330451061,0.291556808,-0.394342146,-1.31151091,-0.66375944,2.767448122,0.420442938,-0.087047235,-4.037289674,0.142876553,-1.18424984,-0.09709224,1.769740392,0.82093575,0,Normal
4.643305453,0.089519974,-0.502485091,-0.585289369,0.850971318,0.16129296,0.19115075,-1.908222121,-1.097784578,1.518902728,-0.333165785,-1.007579915,-3.089178596,0.779408369,0.052580353,-0.116878974,1.557224084,-0.350328965,0.068322684,-1.974951871,1.079557441,0.475538835,-1.766700662,1.56613526,-1.41511441,2.730023831,-1.348265587,-0.35805497,-0.21615566,-1.403860831,-1.181453121,2.857827972,1.489495315,1.520012341,-2.940322805,-2.750909075,-1.909638111,-0.361179024,0.130378351,0.094609905,0,Normal
1.114999229,1.187279949,-0.414033199,0.127594402,-1.531968514,0.451472155,0.610183062,2.337137916,0.458669459,0.010241112,0.02776137,-1.24872369,-1.371254616,-1.375959805,-1.342911371,0.376751197,-0.124037953,-0.757893142,0.726938852,0.233173924,-1.634933763,3.570508962,-0.511317428,1.925951688,-0.133850186,-0.501259445,0.280647607,0.468311489,-4.454124247,-2.84411641,-0.729650089,2.961771341,1.420775806,0.131340105,0.491961744,-0.175010291,0.172039508,1.21411294,0.631683241,-0.192267742,0,Normal
1.506263652,0.883240727,-0.282884017,0.474063167,-0.094591121,1.956288066,1.203359209,-0.904721536,-2.959532723,-1.393552228,-1.533405297,-0.473282209,-1.020180888,-0.765753519,-0.618904118,-0.92661942,0.002567462,1.634858568,-0.739972841,0.43813454,0.052683291,0.600884625,-0.745577099,-0.513475402,-1.111190176,3.672418084,0.180396879,0.882498095,0.283215486,-0.204745842,0.926828942,1.283884365,3.126653825,-2.27639907,-2.978787241,-0.854564666,-1.146223883,-1.589610193,0.248796134,-1.576826381,0,Normal
1.083900249,0.578615777,-1.153062104,-1.699637891,-1.469570209,-1.630746241,1.475668024,-0.265937416,-1.605914762,-1.591162599,0.782631775,0.342471385,-0.28229809,-0.484516409,1.29849326,0.885670046,0.99630693,-0.375416356,0.3341268,-0.107312111,-0.182836427,0.755473063,-2.225788805,-1.733481776,-0.395968865,2.789604158,-1.595000051,-0.239396688,0.780635537,0.741981552,-0.164561458,-0.104321983,0.954430552,-0.127470074,-1.95163627,0.359473824,-0.99391494,-0.972149573,0.786724324,3.512195897,0,Normal
0.6456764,0.611883794,-1.530635671,0.907574865,1.161431668,-0.743271068,-0.404273348,0.472245761,-7.056884209,-3.838120166,-0.857378275,0.621287985,-0.001571217,0.083040173,0.930935762,-1.512396312,0.492999847,-0.276030071,0.199399883,-1.532884555,0.084579418,0.900651117,2.306473524,-1.317519834,0.171353588,4.316207294,-0.231240957,1.010918387,-3.481693673,-2.815556736,2.198250138,2.045629693,6.155644027,-1.032497409,-1.076685027,-0.066161421,-1.243439161,0.387251899,0.196313657,0.071166056,0,Normal
0.840722825,-0.390846135,2.665193862,-0.785334563,0.140382658,-1.275275375,0.436412277,0.199267805,-1.667134135,-1.334687171,-0.163054846,-0.400819257,0.334359188,-0.624932632,0.171933659,0.52363897,1.466836482,-0.31110595,-1.262528376,-0.472648372,-1.067587452,0.863534972,-1.631579738,0.541661207,0.376638025,0.673505265,-0.07218966,-0.446063741,-0.270991718,-1.465448474,-1.560468144,1.888098761,2.512566941,-0.526347088,-0.579021366,-0.376460327,0.785542692,-0.601018682,0.270375416,1.470162272,0,Normal
-2.235819531,-1.839821283,0.747585342,0.424157736,-1.108697539,-0.094058184,0.440765185,-0.314532327,-1.358138581,-0.197691256,-1.278408205,0.231332457,-0.231372496,1.30301869,0.283162634,0.699938523,1.87867225,-0.82199022,-0.039553358,2.475191209,-1.258644357,3.708144492,-1.115041279,0.988776468,2.261091891,0.040331017,-0.622152972,-0.515881151,-5.549463098,-0.986182788,1.722786198,0.006496473,4.189364761,-0.665756681,3.434327901,0.78939083,-1.20071597,-1.369696413,-0.293086363,0.447604691,0,Normal
0.017598538,0.042124104,-0.139984277,-0.678337125,0.153114108,-0.207862634,0.156903124,0.923595483,-3.245428746,-3.526136506,0.062136606,-1.163393046,1.977486424,-1.296560643,0.27091452,0.032289234,1.327940544,-0.54472683,0.946336618,-0.63289731,-0.037298224,2.73366216,1.401677652,0.365580689,-0.665499513,0.733148936,-0.803531155,-0.148819113,-5.540188947,-2.183693648,-2.063201252,-0.645323172,0.963451563,0.505601262,2.289988518,-0.983106722,2.810735925,0.336355415,-0.955233086,0.152961631,0,Normal
0.098059596,-0.677108202,-0.171012662,-1.501040204,-0.911920131,0.61777049,0.300836713,0.335315149,0.648878828,-1.343401061,0.591451905,-0.297459172,-1.12947105,-0.030997585,0.298390665,-1.056660354,-1.076357485,2.431983976,1.370190948,-0.082076761,1.085605896,1.288046481,-1.116676077,-2.025093001,-0.675498681,-0.781998925,-1.176589074,1.785938435,-3.393847737,-1.831036134,0.627935587,0.652820373,-2.904698847,0.324193902,2.890734139,-0.805720214,0.612940987,-0.369155374,-0.716744259,-0.918880855,1,Intrusion
-0.208595601,0.723076102,0.294236043,-0.155128359,-1.15853042,-1.176718095,-0.08440159,-0.16344885,-1.971532705,-2.095964509,-1.581219945,-0.930146095,1.137178453,1.113982555,0.728489088,0.790304154,-1.757449428,-0.461321678,1.068407403,0.054027396,-0.624943492,2.276765393,-0.685218373,-0.231072091,1.038251762,-0.178559643,0.726066697,-0.372594863,-2.165591359,-2.584252807,-1.126538011,2.638338015,4.005677709,1.499254899,0.148769287,1.083307965,0.761387979,-1.040642184,-0.139731396,-0.284258572,0,Normal
-1.852920579,0.537556173,0.666090633,-0.724212386,-0.658580995,-0.363179224,1.647812357,-0.018777851,3.841992596,0.014049349,-2.032030681,0.936158633,3.319497947,-2.478572154,-1.032910535,-0.459492269,1.502204817,0.910805732,-0.073302052,1.559474302,-0.525498936,4.061315637,0.172236903,-0.104026654,0.875132554,-3.720299539,1.437841321,1.953232079,-1.106095502,0.397081681,-0.638207355,-0.388182127,-0.049128148,0.715336046,-0.217189514,-1.743510164,-0.613485281,-0.66636341,-0.124026817,-0.626628588,0,Normal
-1.009576342,-1.760190426,-0.538737156,-0.642507679,-0.178878657,0.012492453,0.165490574,-1.293900554,-2.112563487,-2.865155621,-1.490715131,-2.069587105,-1.10050687,-1.839835024,-0.342852737,-0.838509767,-0.371202982,-0.297520035,0.081395275,-2.219517403,0.686921612,0.489986736,0.089131445,1.9559906,-2.126980133,2.731317642,-3.007895367,-0.565202286,-1.350364031,0.019163364,-0.81799349,-0.193284839,-0.046855824,0.587320104,-0.127847693,-0.186662647,-0.056890855,0.204558828,4.93E-05,0.755014397,1,Intrusion
0.311156999,-2.219649273,0.329519782,-0.481212463,0.432654811,-1.688119707,-0.289416667,0.389705549,-4.985636431,-2.544303314,1.162716817,2.091370009,1.395594572,-1.160453443,-0.106849702,-0.316818362,1.544479884,0.009213707,-0.478242465,-1.141086704,-0.418609789,0.114246665,0.757617756,1.188125372,-0.805517501,2.577815264,-0.009325768,1.338825751,-3.260689421,-0.463500623,-0.188144739,-2.302716995,1.706339993,1.389173288,2.218952864,0.166818324,-1.308493722,-0.332137255,0.856567169,-0.02619742,0,Normal
-0.745638176,-0.850246075,1.881694992,-0.961210056,-0.499465611,0.280424895,1.126456614,0.602363402,-0.028353598,0.03626488,-0.202779108,-0.517779698,2.725192989,-0.947587111,0.04537995,1.309116174,0.875588406,-1.641544837,-0.047100674,0.900858141,-0.431415936,1.342938032,2.265936846,-1.040533496,-1.103872131,0.208574199,0.350066906,-0.822536046,0.070960078,2.041718166,-0.558340307,-2.658283043,1.121738929,0.993358768,-1.638097046,0.371848547,2.086878635,1.566728767,0.762006908,-1.437964585,0,Normal
2.016869091,0.505061177,0.014448485,0.634153774,-0.015332134,-0.801380525,1.077401616,-0.263960637,-2.624116254,-1.399256125,2.344543508,-0.251918466,-1.313489742,-0.578195326,-0.665679152,0.468072928,-0.292487938,-2.145781043,0.053833578,0.135497423,-1.041018474,1.298201105,1.147121044,-0.686855332,-0.748511123,2.403118224,-0.196157252,-0.552705899,-1.834836213,-2.424943223,-0.870709471,3.137529807,2.952721168,-0.143996662,-2.518676725,-0.258399183,1.102275947,-0.698534722,-0.003507433,-0.65858229,0,Normal
1.603769274,-0.145331921,1.505701903,-1.022122674,-0.029555021,0.352526926,-1.143871391,-0.060042336,-1.565413879,-1.36759495,0.147150308,-0.548110855,-0.095958626,0.262571797,-0.205501331,-1.146210751,0.807372733,-1.573081344,0.543514428,0.011195906,-0.931807508,0.666669344,-1.20460613,-0.382983118,-0.684791949,2.157575237,0.718826065,0.560644362,0.664433017,-0.208268798,0.328031694,0.925451145,1.342214054,-0.601774611,-2.374539981,-0.140286526,-0.754020926,-1.099570729,-0.085471399,0.516223088,0,Normal
0.732276846,0.767374349,-0.225699457,-0.64940777,-0.110639006,-0.073247744,-1.175026519,0.376878158,-5.321081887,-1.843791332,-1.503719822,0.612418733,1.278204348,-0.979461087,0.382769968,-0.303533225,0.219037212,1.1017334,-0.952361494,1.020903584,-0.461551178,0.144088816,0.26825598,0.91754169,-0.726116272,1.885341652,-0.446545243,0.677025848,-4.049198714,-1.493236624,0.53735188,-1.466710215,2.828203787,-0.612313713,3.280513587,1.185950615,0.641772049,-1.574397878,-0.108874068,0.741394281,0,Normal
1.748697436,-0.260811963,0.804741439,-0.176122378,1.13120707,-0.308491852,-0.421450961,-0.579977704,-3.581425773,-2.472129938,0.348445463,-0.367819645,3.565607234,-0.088661009,-1.367856926,1.313960003,-0.1591213,1.413804999,-0.28934184,0.11224452,-1.125546663,-0.31325455,3.087851706,-1.587240616,-0.266811892,0.476591267,0.637616407,1.584356778,-1.296115942,-1.392621466,0.401619684,-1.098207434,0.720778078,-0.040065972,-0.210751653,-1.399681056,-1.801036193,-1.046335485,-0.725618657,-0.42729951,0,Normal
-2.781998906,-0.166942464,-0.039993301,0.748035887,-1.909849491,-0.012100112,0.049297204,0.649036984,5.337972519,-2.026792045,0.747158165,-0.082853001,0.100876327,-0.026112041,-0.685029504,-0.730744125,-1.107575733,1.669028005,0.439629228,0.384658262,0.874563207,5.474705191,-1.234659781,-0.416224528,-0.468037989,-3.167705965,1.873912211,0.36260391,-2.691085292,-1.06224669,0.672625474,2.291105552,-2.555563863,-1.982347148,-0.076285161,1.22979752,1.035949514,-2.079511952,-1.318129619,-2.009016873,1,Intrusion
0.864075619,-0.260380223,-1.458120584,-0.629624588,-0.895843096,-0.509745689,0.144585882,-0.314770771,-1.907778234,-1.451133982,0.741050285,-0.223470792,-3.098079171,-0.965066054,1.267971327,-0.19355813,1.633631052,1.282671475,-0.79204416,-0.426699935,0.16445233,5.085452017,2.934143301,0.694290661,-2.848599598,1.678521473,-0.709711579,1.26259059,-8.857780633,-4.588920274,1.059703992,4.052873121,2.84905563,-0.295020152,0.357171395,0.024798903,0.830930122,-1.534735235,0.219013081,-1.098949406,0,Normal
-1.205171432,-1.181880905,0.184519158,-0.500564797,1.358945548,-2.029068536,-0.372733919,1.114597325,-6.532838935,-4.510568877,-1.952097202,-1.923637978,-5.327996721,0.694280535,0.276946562,-1.756794816,1.81970956,-0.141233897,-1.870208007,-0.388934982,-0.330546643,-0.953017862,-2.807018565,0.831854219,-0.867256097,9.768207509,2.613741709,0.026840798,-2.682474817,2.876510394,-0.239949117,-3.847099699,-0.974733942,-0.140680452,1.410606073,-1.15685859,1.376915785,1.147172964,-1.197127133,-0.397876457,1,Intrusion
-1.151100968,-2.070647695,3.038988645,-0.164929989,-2.225945285,-0.657903055,-0.38979099,2.047269681,-10.57352515,-5.179606597,-0.340100347,-2.132144041,-6.792389109,-0.509522419,1.162312523,2.127726673,-0.63252653,-1.431816937,-1.012635717,-1.131808678,-1.207827803,-2.433764406,-3.234430953,0.494364701,-0.136038155,13.24220617,-0.061123001,0.836813754,-3.09835579,3.214774627,-0.312055761,-4.503531098,1.63688504,-0.365925411,1.944210555,-0.570657341,0.051978127,-0.233746429,-0.449633258,1.013208211,1,Intrusion
0.376605538,0.797364886,-0.610852415,-0.134064159,-1.520797322,-0.69139115,0.646091766,0.053557067,-6.46855987,-2.005686181,-0.388210737,1.774976013,0.522402427,-0.412385284,-0.036436351,-0.653698728,-0.129870528,-1.199336152,0.097213887,-0.399356529,1.40332801,-0.22090902,1.945214987,-1.977127349,-0.302716789,3.733790761,-0.224507718,0.125576606,-3.98285419,-0.725932827,0.198449788,-1.945553772,3.689759597,0.331110518,1.951217034,0.236204898,-0.986581248,1.225014361,0.072139895,0.371014581,0,Normal
1.113299931,-0.137426015,-2.249958598,-0.569536683,-1.391846797,-0.844755757,-0.175916047,0.764190355,-3.687132584,-0.842499871,1.512892773,0.006153576,-1.900401288,-0.17470149,-1.372031376,1.625298436,-0.091174265,-0.791341984,0.416487531,0.936922413,1.705537926,2.670053664,1.66765392,-1.530769663,-0.451784217,4.475889727,-0.686471847,0.66275306,-6.251278803,-0.015534843,0.310389965,-1.940138238,1.422531383,2.234159821,0.73157742,-0.355126533,0.580349371,1.250424473,0.672948244,0.791028245,1,Intrusion
1.705152709,0.101936453,1.435550303,-0.426608904,2.213324816,0.794339484,0.383443789,-1.782013586,-2.411876554,-1.644295255,0.725711137,0.636437363,-0.139682444,-1.382878578,-0.200547991,-0.795929614,0.141179282,-0.553349804,-0.050777166,-0.284470496,0.326402,0.686803165,-3.394543311,1.631527399,0.466176406,2.138735478,1.601360955,0.412477613,-0.040007312,-0.681707688,0.193501342,0.877434716,1.861127418,1.036056354,-0.474538633,-0.9096319,1.238368574,-0.169208028,0.183401525,-0.557694069,0,Normal
1.105352041,0.0308691,-0.463273229,2.015049663,0.49396655,-0.923457669,0.084135575,0.279549468,-1.970081287,-1.54987685,1.431962619,1.935834361,1.102688481,0.420963942,1.513401551,0.211027052,0.608700525,-0.506155562,-0.782449777,-0.034123695,-1.275422049,0.819080756,-1.354408682,1.504723551,0.67518187,1.405095951,-0.88496285,0.682569706,0.361695325,-0.374994091,-1.534224198,0.541546987,2.200687856,0.919958693,-1.40444191,-0.509317473,-0.050051294,0.138863288,0.811129608,-0.2821513,0,Normal
-1.359716405,1.793799518,-1.052976308,0.590623038,0.56557193,-0.647313234,-1.607243243,-0.729217643,-3.98311591,-2.598285076,1.483417638,1.319494409,0.764084022,-0.023371417,-0.220835156,-1.985049804,0.692066375,-0.503052355,1.912776348,1.283865299,-0.33866553,0.70663075,0.330712978,-0.020249155,0.683500396,0.853077734,-1.677808113,2.197889771,-4.852738526,-1.677290828,0.608290282,-1.146489993,1.609726952,1.265239099,4.539975358,0.395367123,-0.595942052,-0.344924964,0.327392244,0.065850582,0,Normal
-0.731410461,-2.275205509,0.957691543,-0.03725056,-0.049681411,0.310367905,0.536693517,1.261248624,0.414833597,-2.221085699,0.50608147,0.586718174,2.83707901,-0.436613288,-0.692169009,0.335233882,-0.940734892,-2.265130365,-1.661732147,-1.407872737,0.004817652,4.467181316,3.405250114,0.186981299,0.265215069,-1.239352037,-1.205406263,-1.636687437,-3.794467579,-1.527732814,-0.604189786,0.704306642,1.303511979,0.7680995,-1.367875115,-2.664054007,-1.764522779,-0.582175046,0.652370687,0.102919927,0,Normal
-1.930285208,-0.670115064,0.300637342,-0.405155884,1.071066318,-0.681828363,0.522867172,-2.034286006,-0.235994826,-2.168333541,-1.222819342,0.111994158,2.060864959,-0.358353012,-1.241223907,-1.580459819,0.788906445,0.335280277,-2.985612192,-2.269314908,0.976221852,4.229774611,4.426524375,-1.599126119,-1.145601716,-0.210804376,-1.110927193,0.659576654,-4.924575129,-0.605823508,-0.01370479,-0.79390144,1.085476992,1.424889948,-0.379895436,-2.106874257,0.559639401,-0.977202722,1.503363625,-0.310462732,0,Normal
0.180980307,0.091598406,-0.286607213,1.350198863,-0.399957605,0.078808866,0.462826863,0.051260528,-2.655084919,-3.495682093,0.468459935,0.433415956,-2.038832474,1.525841361,-0.477271529,0.078046522,-0.237452002,1.074811388,-0.744793001,-0.643623758,-1.106436271,1.93004907,-0.658918194,-0.684036481,-1.09043624,4.716020393,1.02099858,-1.032918503,-1.029569268,-0.159548562,-0.875029624,1.454064797,1.696985794,-0.284260552,-3.182874862,1.059981775,-1.195214223,0.014082585,-0.271035354,-2.58261498,0,Normal
-2.660700411,0.596241932,2.249259033,-0.522825447,-0.826513571,0.290639397,-0.050367373,0.751934811,-3.164297315,-1.298980614,0.115768888,0.529167552,-0.255984094,-0.038800487,0.344153424,0.812178058,0.353677039,1.151227246,1.169830943,0.752324432,0.40342489,1.508557336,0.122622509,1.456790072,-0.374915085,0.872553819,-0.363094669,2.337607374,-5.288472159,-0.943369776,-1.327759703,-1.084144841,3.059030125,-1.097097221,4.62280265,1.086847959,0.998044754,-1.239513541,-0.314091377,1.142302631,0,Normal
1.550389221,-0.609997294,0.781465791,0.010852698,0.037343174,-2.031824887,0.358222059,-0.928260634,-0.316303692,-0.795142564,-0.331825762,1.62146538,-1.054892759,-0.678263923,-1.616378936,0.368894064,-0.002894697,0.1840133,-0.039349336,0.907567248,0.800295939,2.124364538,-2.421156414,-1.095085242,2.775586967,0.556189819,1.949335484,-0.82821003,-1.779300987,-1.869836826,1.110891891,2.418344527,1.063657977,-2.82627174,-0.282374994,0.618928785,-0.9818136,-0.096518682,-0.440689945,-0.547465848,0,Normal
-0.975255592,0.631809929,-1.719556114,-0.042850419,1.01806255,-0.312977515,-0.653793713,-0.374594668,-3.781570341,-3.690975795,0.314358968,0.366943936,1.994551777,0.068686663,0.200542744,1.315935412,0.59341565,-0.768136271,-0.278618826,-2.404795246,1.334700049,1.2061556,4.432190957,-0.989279544,-0.287770872,2.081090698,-0.297114795,-0.538877371,-3.915913636,-0.518856261,0.572950075,-2.07733339,0.561630498,-1.424734615,0.45201498,-1.205448554,-1.57614061,-0.776882281,1.053082292,-1.07932972,0,Normal
4.393468887,0.309882707,-1.538099775,-0.837341317,0.928361157,0.657309995,0.788878811,-1.07147323,-2.185195974,1.62082316,-0.4261134,0.195486957,-1.540794573,-0.460966136,-0.708941161,-0.21802761,0.179538053,-0.034159763,-0.644191552,0.101807129,0.026134447,-1.39510345,-3.455443436,0.64638249,0.282643119,2.21035331,1.741690772,-0.459423737,2.584222137,-0.947537422,-0.27972634,2.561970458,3.236804801,-0.455428123,-2.498827044,-0.466931369,0.114484924,1.240660169,0.241120935,0.955850582,0,Normal
-3.706742817,0.56984301,-0.877767666,0.254481632,1.841912796,0.248171303,-0.380847432,0.535548192,1.640566787,-0.960754904,0.637737194,-0.001150723,-2.77752198,0.490461273,-0.593452825,0.57854983,0.676541949,-2.176387317,0.440476869,0.144567477,0.541807073,2.478352285,-3.939557889,-0.095371609,-1.11562704,1.362048348,-1.068237172,0.267486315,-2.608651239,2.221985793,-0.941850415,-2.016871444,-1.905539661,1.47600862,3.103204181,1.754192803,-0.866705615,-1.20448442,-0.688866327,-1.827359309,1,Intrusion
-0.093594785,-1.121564271,-0.274333436,0.344710593,-0.250502026,-2.515317647,0.187739294,-0.119268263,-6.020505752,-2.813436415,0.817158693,0.238703097,-3.465183611,0.123463703,-0.470533507,1.213280916,1.029904188,-0.566399776,-1.262199546,-1.357263232,-0.580153699,2.418231999,-0.746432276,-0.319141318,0.761485481,8.973380301,-0.528382387,-0.373861365,-6.230142987,2.9511967,1.345644033,-5.214014404,0.711573235,-0.834379779,1.128457411,-1.16500617,-1.336738807,-0.221006656,-0.309822186,-0.364064967,1,Intrusion
3.188687564,-1.213784932,0.022316025,0.776404868,0.86795903,1.454253185,-0.353744683,-1.2091574,-3.962117026,-1.520457796,0.661924489,-0.374330425,-3.41925955,-0.137946965,0.286404227,0.475058067,0.662971606,0.994972626,0.292746498,1.642314799,-1.201101574,-1.511015454,-2.116859624,1.325954015,0.792108056,7.617991862,-0.103234011,-0.313701324,2.661048599,2.229409894,-0.415664111,-0.639866376,0.450095441,-0.779853883,-4.844133995,-1.732969673,0.094847409,-2.124084196,-0.401787172,-0.062544281,0,Normal
0.924395592,-0.602103561,-0.341500962,-0.261296245,-0.396907198,1.22474665,-1.041330305,-0.614649184,-2.935019458,-3.282159168,-0.790525895,-0.393171719,-1.659330686,0.704243389,-1.0414341,0.579058401,1.16795323,-0.377791528,0.159166533,3.353426556,-1.192074422,1.044308307,-1.443494403,-0.305047876,0.58920029,4.834330791,1.271762516,-0.169246914,-0.521700284,0.395500512,0.309427388,0.185622352,0.51222867,1.472033061,-2.411097014,-1.245175363,0.226323033,-0.269578572,1.036640511,-0.573438909,0,Normal
-4.091266702,-1.384761538,-1.165994201,-0.953300441,0.176817999,-0.129571004,1.376015089,-1.639163744,0.811841643,-0.030806889,0.28898304,1.781464505,0.438994507,0.263276004,-0.301982493,1.026145627,0.787090787,-1.93457514,-1.604047491,0.946229422,0.048529859,-0.938536176,0.630664028,0.060522909,-0.062797514,-1.166448312,0.634009137,0.257824319,0.912095574,1.545038813,0.251751588,-1.432785631,0.233755387,-0.502499986,1.84657507,-0.955800657,-0.015639712,-0.901317624,1.057845141,-0.094250459,1,Intrusion
-2.827311341,2.131155771,-0.826682,-0.805048213,0.953692042,-2.228252841,-1.202062042,0.37778391,-0.617485973,-3.098874583,0.973657587,-0.109797864,1.766893389,-0.151580123,-0.10936193,0.972305894,0.703315446,0.587155355,-0.302122443,-0.301981793,-0.802361954,2.148441121,1.34374202,-0.088606828,0.694119402,-0.167786432,-1.149776089,0.849123756,-3.466104014,0.179038201,0.903065899,-2.159252169,-1.098935858,-0.385766875,2.355217995,-1.279868687,0.020159672,-0.360841909,-1.210130715,0.736654401,0,Normal
-1.105890945,1.095855959,-1.206751885,0.247338546,0.786395524,1.537659264,-0.825168135,-1.273422802,-0.400791582,-2.269680267,0.285747118,0.462519971,0.196306079,0.157728298,0.375986972,0.109274955,1.748307167,-0.086322702,0.487275588,-1.868844501,0.095333821,3.692273521,0.749615935,-0.276331375,0.074162114,0.427209037,0.57753779,2.075667117,-3.584357023,-1.424875627,0.778227587,1.429894101,1.715149341,-0.616008114,-0.429755754,-0.278665315,-0.676268716,0.329790047,-2.070210227,-0.150359193,0,Normal
1.498481718,-1.200743027,-0.581237646,-1.249149399,0.374798136,-0.52574146,-2.031160467,1.496832543,0.349137722,0.194588966,-0.815711316,0.220287147,0.476427587,-1.679804564,0.777960223,-0.451617908,-0.579403685,-1.537675704,-1.084233429,0.861136872,-0.842834354,1.361020894,-4.18962326,0.002772175,-0.874126864,-0.197482051,1.583325195,-0.001554539,0.279825207,-0.118790854,1.039621108,0.418007595,0.723043136,-0.387756442,0.245368308,1.559146533,-1.137919823,1.496725323,-1.583964876,-0.314117578,0,Normal
-2.14186582,1.55750193,0.009044872,-0.781406752,-0.096746173,1.009560853,1.350964042,-0.524294026,0.133618341,-2.584748668,-1.221942014,-0.055439545,3.08084692,-1.802256893,-0.002108298,0.883693418,0.757862646,0.153230286,0.103012533,1.245082867,-0.332906021,1.298836999,2.972942436,-0.296298274,-0.656136864,-1.126683602,-0.371641511,0.114247141,-1.734819438,0.426065276,1.051471539,-2.324546674,-1.800706149,-2.446690051,0.886726912,0.750739079,-0.414637561,0.140840002,-1.000366256,0.227774403,0,Normal
1.11365451,-0.665615297,0.014477092,-0.520921829,-0.132292397,0.414266244,-0.841999425,-1.083897787,-1.430834574,0.473948209,-0.326875264,-0.256476113,0.512937632,1.412257204,0.580743706,0.297741176,-1.314617087,-0.039419048,-0.507118022,-0.657953938,1.052803859,0.380032795,-0.231320389,0.637924253,-0.731626075,-0.583927881,-0.936779026,0.594399685,-2.459187179,-1.551874312,0.763977031,0.115170701,1.241698373,2.496926163,2.247433922,0.913979346,0.98628732,-1.128707435,0.246046896,-1.095986365,1,Intrusion
1.749891879,0.131638244,2.460144209,0.438931005,0.900956236,2.188013509,-0.800865187,1.721770011,-2.413742553,-1.168544486,0.88405675,-0.276243332,-0.622234096,-0.481675109,-0.830610158,0.202539065,0.672894893,0.173140131,-0.095322997,0.100062638,-0.815137805,0.501486925,-1.246352349,0.819921821,-0.34917004,2.393955955,0.797687029,-0.148475462,-0.052171727,-0.893212962,-0.800328257,1.51593988,2.398099218,0.880609797,-1.768705076,1.634070335,-0.860282963,0.490248668,-1.040683036,-0.460742456,0,Normal
1.254627775,-0.462024784,0.743622946,-0.211996296,1.850788039,-0.183895468,0.245673924,0.135700451,-2.227239522,-2.421638658,-1.3879373,0.607267942,3.737529579,-0.830680336,0.687340066,-1.479827214,0.97314172,0.22423814,0.49937154,0.114534994,0.882148581,1.87569268,4.760324804,0.594357383,0.90534944,1.400595059,0.075952001,-1.23717041,-1.585692235,0.20052309,0.164210759,-1.936531775,0.708815642,-0.990711483,-3.057643233,-0.072584134,0.872345786,-0.387800796,-1.090484874,0.505599803,0,Normal
1.57269684,-0.584162248,-1.099224956,0.680044696,-0.746202249,-0.763586671,0.643783516,-0.712241285,-1.54730727,-0.641003313,-0.902158127,1.541097289,-0.923339846,0.951660561,0.816300194,0.408900936,1.80238208,-0.625204706,1.050339231,-0.618590663,-0.231632281,4.418106387,1.296620504,-0.56190831,-1.327731575,-0.748247849,-0.196201447,1.4834484,-7.582578616,-5.249285991,1.869045569,4.236494021,3.529139684,-0.277946061,1.674987787,1.168339996,1.415710483,-0.195556811,0.505596143,1.918608261,0,Normal
1.522149655,1.510111911,1.51127606,-0.419356614,0.65898046,0.379103094,1.305906567,-1.768322804,-1.976057965,-2.754444592,-1.586944102,0.149365714,-2.526011542,0.263760087,-0.452791969,-0.051535906,-1.326732617,-0.039565797,1.600481623,-0.004774616,0.738195442,1.35735046,1.43873321,0.406429509,0.436448578,4.910604325,1.062383974,-0.057333194,-0.356405392,-0.204252464,0.573696899,1.837964552,0.435287068,-0.263810638,-5.141011849,0.287327963,0.946285427,-0.978726502,-1.32652617,1.648036277,0,Normal
1.657212933,0.334446465,0.442869821,-1.228879773,0.943105302,0.729089448,-0.028604536,-0.635197196,2.560240187,1.093990001,-1.016131699,-0.120590053,-0.458368085,2.683400566,-1.827277288,-2.69328594,0.358014236,-0.136208306,-0.013815066,-0.889108358,-1.220880532,2.8440761,-2.952448548,-1.317439409,0.32988684,-1.211872314,-0.814814964,-1.510712511,-1.281812198,-0.626868826,-0.197047348,1.197145913,-0.759242933,-0.741810497,-0.150231937,0.365257925,0.39436373,0.350429279,1.843445461,-0.726879473,0,Normal
-1.128327714,-0.140960428,-0.341600352,-0.783752915,-0.039959421,0.978397759,-0.001408123,-0.007343821,-2.558758342,-0.540616511,-0.737198328,-0.07503301,-0.454516947,-0.638935161,0.270548036,1.172255637,-0.608882818,0.811583808,-1.240606846,-0.386374318,-0.109313704,0.887059175,0.604494578,1.721449401,-0.214277952,3.842953937,-1.047908983,0.626692561,-1.900959306,2.776541929,-2.711979334,-3.803955203,1.30219806,0.875771906,0.12979402,0.196412753,-0.982599091,-0.354120854,-0.384894969,0.176081961,1,Intrusion
0.097530993,-0.313895909,-0.197769448,0.424187299,0.247900618,-1.648408282,0.624810647,-0.247307555,-3.197600855,0.71269877,-0.673103764,-1.623759295,-0.345152175,0.897327542,-0.395376564,-2.004148423,2.184831078,-0.656934423,-0.459502699,-1.262356087,0.841062896,3.373051482,4.138570399,-1.047493771,-0.678896484,4.570531534,-0.784506447,0.217095289,-5.25472794,2.128505917,0.388621186,-3.612388626,3.75077202,-0.432489196,-1.523193178,0.706959754,2.852058259,0.076907072,-0.830362022,-0.175266808,1,Intrusion
-2.884551305,0.166420625,-0.675336338,-0.212525134,-1.04341325,0.702016074,0.5424755,0.762292473,3.804965741,0.117095395,-0.361579545,0.123147666,2.28644779,0.893743373,-1.531143604,1.177517361,-0.424601281,-0.678316027,-1.05845792,-1.330279291,-0.349045982,5.602969784,0.58609188,0.104653684,-0.78084379,-2.45953576,0.906911573,-0.820143345,-2.992822532,1.259937858,-0.792129565,-1.22305921,0.567713972,0.573198454,-0.182253527,-0.458760065,-0.977100443,-0.718045687,-0.86940073,1.273297842,0,Normal
0.737257221,-0.033443203,-2.163224822,0.592037125,0.011523418,0.393904808,1.465300912,-1.450243172,-2.974548683,-2.538892626,-0.342119097,-1.755091266,-1.021699289,0.919163011,0.394263209,0.483083258,-0.522164127,1.899078806,-0.246658787,0.354463223,-0.100093827,1.956095345,2.436896875,-1.926433934,0.515056485,3.404477619,-0.375247145,-1.109392985,-2.572286618,-1.400362796,0.40769305,1.733710926,2.52864733,-0.166912122,-2.834848808,-0.522390958,0.011823372,-1.313136451,0.9042762,-1.097355969,0,Normal
-0.13566606,-0.304223724,-1.038037096,-0.474009405,-0.593656083,0.920103152,-0.763601911,-0.950182185,-2.033306891,-2.459521044,0.541937516,0.903530254,0.055002964,-0.598731366,-0.807327011,0.342963528,1.108852279,1.563645053,1.374855721,0.867031643,2.085627403,1.913528888,-1.921576456,-1.323701622,0.164544018,1.715239202,-1.471528467,-0.141906826,-1.395992187,-0.896322543,-0.334943017,1.12581573,2.385357833,0.499198434,-0.32061958,0.501110547,-1.840912826,-1.141500564,-0.662756327,-1.103951152,0,Normal
-1.677147184,0.335674435,-0.181779495,-0.437825067,-0.178928531,0.354584356,-0.517495218,0.92420496,-2.872282903,0.217950742,0.045618508,-0.132925464,-5.191357796,0.128445358,0.05465842,0.707536763,-0.742107651,0.037417763,2.595465375,-0.009426262,1.63739037,-1.898085866,-1.918464432,-0.176912393,1.691879922,6.362206763,-0.103798325,0.177633327,-1.490798753,4.130570129,0.823712662,-4.869983219,-1.792183319,0.097955283,2.540470048,-2.468950104,1.058257967,-0.015017567,2.027977888,0.52057926,1,Intrusion
0.299589562,0.705252469,0.427214721,-1.546241002,-0.87808962,0.48994247,-0.437837217,0.044417954,-3.802628913,-1.240097173,-0.223374922,-0.211937149,1.157088525,1.173458951,-0.290658915,-1.113835577,-1.141043363,0.41927096,0.025154061,0.944378267,-1.215630173,1.554803575,0.588235433,1.311824459,1.106100727,1.485361368,-0.298327467,-0.99803577,-3.814339473,-1.158803791,1.68088084,-0.681871391,3.587441331,-0.142929564,1.626697115,-0.09225905,0.814223383,0.409865418,1.09063649,-0.916233204,0,Normal
-3.204800822,-0.015877355,-0.902596848,-0.025057463,1.375470269,-1.273192607,0.426810419,-2.402171951,1.581934358,-1.467260514,-0.367058599,-0.033558274,3.065994306,0.355773095,1.675715506,0.175719293,1.670584204,-0.285134431,0.435514417,-0.828326409,0.237056918,-0.863208529,1.320249007,0.293429913,-0.222716866,-2.138268053,0.258316242,0.499972402,1.798075704,1.969335005,-0.509202048,-2.964961964,-2.762623667,-0.493432576,1.196179378,-0.483404616,0.917724789,1.540561055,0.546812857,0.842424008,0,Normal
-1.002028364,0.070741202,-1.199778765,-0.91816557,-1.750980766,-0.541770956,-0.385848259,-0.513906609,-5.237585797,-1.863664767,0.366189287,-0.171993396,0.235993532,-0.01490907,-0.600627502,-0.775191986,1.663006328,1.792191562,-0.465715013,-1.250849203,0.488393435,0.282860701,2.344687923,-0.690878166,0.24828606,3.704946399,-0.602061371,-1.007870224,-3.565970601,0.383566804,-1.135452359,-2.434940478,3.283144349,-0.242625092,1.330997807,0.577211541,-0.313642479,-0.190440939,-0.672648735,0.389760545,0,Normal
0.330875412,-1.078744413,-1.20429192,1.129232632,-0.345017148,0.393865856,0.037742529,0.161432135,-2.802028846,-2.920331747,-0.46314827,-0.6501206,-1.297471155,-1.410404197,-0.163514836,0.352080507,-0.513669829,0.730849031,0.803027585,-0.991271854,1.935457417,2.015436851,-2.606805317,-0.139612821,1.636387964,3.705990942,0.146659664,-2.228437456,-2.617961843,-0.077331023,0.290915306,-0.345487807,0.810808852,-0.062236842,0.300526616,0.575512,-0.480813856,-0.294947665,1.692290646,-0.427398503,0,Normal
-2.540338716,-0.098017169,-1.723569753,-0.449050891,0.934003604,-1.695876787,0.307266672,0.427012312,-1.07448272,-0.783710525,0.136628471,0.587047147,1.235370257,-1.347735617,-0.397214872,-0.177942642,-1.848969143,0.369471216,0.567444027,-0.321010421,0.042007966,0.634512597,0.441313481,0.408201761,1.840718009,-0.661711935,-0.644474363,-1.111038786,-2.309403181,0.151246339,1.944304255,-1.66519042,1.18573712,-0.003660235,3.144485568,1.249154934,0.831276747,-1.088240429,-2.170122059,-3.2475803,0,Normal
1.690411341,0.440119028,0.106872306,0.198186219,-0.014443161,1.050164301,-0.397059437,-0.454034572,-2.792331597,-2.249329171,0.64848079,-0.808685531,-1.880374938,0.631390324,-1.923399828,-0.901320977,0.854406224,1.204000352,1.004588952,-0.780502742,-1.640922058,0.177257042,-1.620280136,0.649117888,0.347104886,4.67714066,-0.697411233,0.57214571,0.850654107,0.373888129,-0.372150715,0.817185564,1.101963034,0.280226408,-3.205664616,-1.733748229,-0.640769064,-0.852643762,-0.085611193,-0.18758612,0,Normal
2.968445629,0.229136221,-0.167629634,-0.355476621,-0.112534958,0.311949017,0.121670673,-0.379739099,-1.187700609,-0.554688147,0.233182426,0.320131248,-2.884815757,0.61191117,-1.345235454,0.427622894,0.422651611,-1.394002103,1.128967648,-1.822095241,0.301127526,1.173287971,-3.24290419,1.19935002,-1.28050697,3.597944886,0.623090805,0.378580176,-0.785689877,-0.177014854,0.115448412,1.027180722,-0.233205357,0.114281935,-1.695930808,0.906267319,-0.103365999,0.32593532,-2.532541556,1.193085543,0,Normal
-1.562605751,2.135946357,-0.961251144,-1.48523447,-0.274093454,-0.141757253,1.917898706,-0.653346499,-4.131211356,-2.179652169,0.391093491,1.507862919,1.237194574,0.652554623,-0.124848356,0.615336529,-0.027261476,0.81535219,-0.052104832,0.470535034,-0.649189559,-0.047574719,0.783312324,0.763514141,0.498442727,1.915321306,0.649213334,1.041138655,-2.625868478,0.195639096,-1.075805095,-2.388131924,2.171545845,2.483852825,2.625798767,-0.502852619,-0.099020373,1.747965949,-1.079877068,-2.727466738,1,Intrusion
-0.021522803,0.665692092,1.438336098,-1.144413388,1.138496997,1.897931134,0.194161238,0.307479143,-3.869409201,-3.203368729,0.46372661,-0.553882974,1.305156365,0.2451753,0.598921692,-0.183172108,-0.469299636,0.231976335,-0.408393669,0.048571027,1.294109427,3.666023929,2.176852144,-0.779824509,0.162201369,2.158098185,1.801012072,1.062537584,-6.364878083,-1.681089898,1.200207597,-0.774134793,2.51600523,1.253403025,1.133476265,1.234118814,1.753705092,-2.031500464,-0.70499387,0.097832045,0,Normal
0.916520863,0.366523837,1.210030576,-0.816055493,-0.222856804,-0.836232316,-0.976230142,0.266504018,-2.86355065,-5.320335085,-0.219119799,-1.401358194,-3.632789836,1.353133426,0.585873391,1.786814945,0.734928579,1.972858697,-0.451066463,-0.788499786,-0.08811786,2.347215599,-2.767682102,1.945254189,-0.307280743,6.818982782,1.32726352,1.139300692,-3.572974626,0.871207459,-1.365021053,-1.539581267,-3.823300327,-1.569209209,-0.618478897,-0.309069078,0.474693612,-1.262874093,0.121141857,0.188438748,1,Intrusion
1.789972788,-1.546489812,-0.362562646,1.468356813,-0.349738919,-0.612720417,0.293805531,-0.050377012,-2.467441314,-1.207864419,0.743334657,1.102993676,-1.334363579,-1.042970678,0.802015414,-1.413461635,0.097202067,0.398415508,-2.495487013,-0.168857184,0.530201356,0.678027283,-2.181587284,0.74210389,-0.718088381,3.103458173,0.936190845,-0.485034728,-0.435087812,-0.452256343,-0.928938027,0.997471608,1.850653996,0.090510729,-1.345214376,-0.824279255,0.887115149,0.892847465,-0.592883422,1.164796769,0,Normal
2.5195909,0.22189221,-0.427927506,0.943083305,0.289346795,-1.19527682,-0.416655957,0.302538021,-7.103105548,-3.610568736,-0.517955702,-1.292221247,-1.557516964,-1.468042642,-0.132893187,-1.024998533,1.085359933,0.038443039,0.01633027,0.496429095,2.147908387,1.53492036,1.669276556,-1.948491238,-0.363821056,5.364806532,1.385968789,-0.452172491,-7.697466246,-2.639141332,-0.690435131,-0.830970791,1.331985249,0.173088177,2.292573081,0.808218261,-1.044538523,-1.789236991,1.881281676,-0.738568058,1,Intrusion
-0.230873036,0.361592331,0.099116268,-2.658353569,-0.774774314,1.343482237,-0.007283285,-0.450528231,-1.163351366,-2.98073864,0.576540063,0.353681648,-0.508689728,-0.521409945,0.429393727,-0.857201347,1.531078289,0.20734294,1.329694601,-0.91189115,-0.529956246,0.623231579,-1.619625535,0.061794579,-0.311680531,4.864469486,-1.747290235,0.648948663,2.955309799,3.29590539,1.534202862,-1.669909406,-0.44436356,0.179690105,-4.639485659,-1.074845273,-1.18357313,0.759941916,-0.737466167,1.373577973,0,Normal
2.683801464,-0.126167471,-0.62992496,-0.961336138,-1.592042342,-1.676777686,1.861663531,1.086803438,-0.652312407,-1.404531015,-0.59859849,0.082271986,-2.844168423,0.672942656,0.216008542,0.003642715,-0.081928892,0.816447421,0.378703924,1.073541506,1.431582056,1.282527838,-1.934395721,-0.79794121,0.556361401,4.11912419,-1.08388756,1.04641071,-0.178338769,0.405799274,-1.637396943,0.760779022,-1.533854714,1.264797485,-3.251737563,0.498179321,-0.946442635,0.6135336,-1.481149519,0.27980363,0,Normal
-0.526316782,-0.085619556,-0.200642183,-0.759839336,-0.145030286,-0.324217092,-0.240649088,-0.5158906,-1.387785484,-2.413741782,-1.006897455,0.345156956,-0.731820445,0.802995234,1.430585107,1.794214469,-1.056165406,-0.132958035,1.87035055,-1.012178771,0.995839963,4.228594243,-0.567772641,-0.527008601,-1.387040191,-0.147733086,0.533251041,-0.223627198,-6.359275046,-3.75856829,0.593892955,2.968462858,2.445125115,-0.212777563,2.301630222,-0.635327703,1.085524162,0.943452871,0.113243655,0.673390146,0,Normal
4.77217515,-1.529211555,1.53937996,1.129272789,-0.074019496,-0.346626335,-1.004727972,-1.656454029,-7.505204725,-3.432735256,1.230872639,-1.440734007,-3.034251706,-1.774283174,-0.317675949,-1.119858787,0.142383638,0.512485766,0.7102954,-0.648756605,1.637541037,4.229387751,0.555546751,0.311442538,-0.527648607,7.260885094,1.205811002,-0.916752406,-11.10733584,-3.044240673,-0.846033344,-0.930259581,1.108489777,2.238576133,2.036640326,-0.101112468,0.8014384,-1.857578582,-1.208176238,-0.236014333,1,Intrusion
7.520235374,0.647285969,-0.720505139,0.892906074,1.555652795,1.464323741,2.160837569,1.741157997,-11.60350542,-4.238547773,0.285498391,-1.380839083,-4.538960581,2.271779717,1.004253754,-1.221781979,1.135896849,-0.406052792,0.627235771,0.446588858,0.890190326,-0.056043757,3.259262962,-0.705830773,0.1697427,5.882067319,-0.252461033,1.197101042,-13.02977997,-9.726454619,0.334462578,4.247255011,1.800164165,-0.83003253,5.276823216,-0.028097633,0.319639497,0.497907496,0.183535888,0.699128859,1,Intrusion
2.502112297,0.602790687,-0.43911312,-0.007496915,-0.46204509,-1.562801837,-0.581578103,-0.678141231,1.137372029,1.044968014,-0.940304744,-1.177134251,-3.198266828,1.284488653,0.406073131,-1.351393465,0.133518363,2.778767725,-1.175829055,-0.314567343,0.126824918,2.822591767,-2.613464839,1.002385836,1.008019676,1.013280571,0.880479601,1.077399006,-2.753023345,-1.517994879,0.774731347,2.561294801,-0.035746531,-0.769877946,-0.651417454,-0.619245219,-0.709826898,1.471281737,0.458913723,-0.183246888,0,Normal
2.348658473,1.319712096,0.309825239,0.244061856,-0.681984518,1.026846282,-0.186753709,-0.131271232,-3.209127912,-2.194134832,3.303516391,-0.430266562,-3.600716693,-0.082865192,0.345959352,0.226503178,1.144868267,0.640292588,0.040480977,0.708320744,-1.493795701,2.247839629,0.285644978,1.168543217,-0.861521992,4.402249985,-0.095544725,0.630119156,-4.42859572,-2.488997208,0.69500903,2.689615197,1.349849021,0.524742193,-1.489215897,1.006491018,-0.852527061,1.442475824,1.206602074,0.292619778,0,Normal
2.452633189,-1.808158076,-0.183359423,-0.138537861,-0.118578071,1.109795088,-1.755053843,-0.943669163,-0.642907755,0.857626171,-0.661873686,-0.783654992,-1.504308216,-0.54962653,-0.119784997,0.529889762,-0.904372373,-0.182282397,-1.745003008,-2.592595262,0.001668485,3.014963766,1.346527248,0.711350784,0.133772126,-0.606175713,-1.936073857,0.414617143,-4.456584143,-4.487304433,-0.395167287,5.022655634,3.782798005,-0.67193686,-0.77959897,1.059381157,0.205016623,0.372416695,0.113849295,-0.391902412,0,Normal
-0.127378227,1.85625956,-2.145328226,-0.592808569,1.578633622,0.922686217,1.174148947,0.348806942,-0.221705912,-1.696833623,-0.34288569,-0.553863728,0.68180094,0.207959539,1.10017739,-1.577874918,-1.671138899,-0.584174152,-1.313672836,1.636914815,1.280522365,1.126028162,-3.661262482,-0.453447521,0.455744222,2.06600596,0.806161099,0.561603683,2.155861483,2.187482271,1.019262301,-1.21806764,0.306381049,0.19914894,-1.900551865,0.70161193,-0.626117846,-1.087961099,-0.319363322,-1.167422735,0,Normal
-1.8238732,-0.705188421,0.471719501,-0.971886801,0.076726416,0.591957438,1.239773321,1.489185996,1.723702455,-1.60067042,-2.357423355,0.200404015,3.011290567,-0.791538653,-0.178820976,0.348718853,0.811198707,0.826254437,-0.092698783,1.328720222,-0.006595113,2.787191413,-0.325592953,-1.417672567,0.158857407,-2.345407164,-0.82261114,-3.124780693,-1.764960563,0.260723526,0.347901204,-1.489422768,-1.18868346,-1.912964634,1.540939059,-0.853322101,0.063173217,-0.545025067,-0.519607616,-0.631882615,0,Normal
3.282822252,-0.671635832,-0.739827359,-0.023239642,-1.164992057,-0.628393654,0.891021373,0.422536183,-5.203063592,-1.990979328,-1.867976063,-0.403159364,-4.452014382,-2.08594872,0.206343416,0.236753449,0.106114206,0.753037486,-0.836516812,-0.431872497,-1.404091968,0.803729383,2.069497973,1.374257763,-1.890172418,6.541890539,0.56581636,-0.57990282,-3.196968446,-2.373731066,-1.756101358,3.260285235,3.14529168,0.133415008,-3.788843691,0.725544821,-1.306652762,-0.704923485,-1.208080499,-0.281509528,0,Normal
-2.937303386,-1.300185458,1.485210076,-0.81153124,-0.279440731,-0.320666821,0.914319719,1.033350481,-7.474574053,-3.788296218,1.704800614,0.481727131,-2.474381385,0.618998509,-1.203272988,0.030151969,0.26675499,-2.382020723,2.003698435,-0.227503084,-2.177866259,2.26205912,0.70703982,-0.513793817,0.260101442,4.233514875,-2.395045904,1.25094614,-10.31180682,-2.665413707,0.496139858,-0.953294004,4.404553722,-0.087378599,7.067902596,-1.495013999,0.58566,-1.422303173,-1.148468012,-1.500218451,0,Normal
0.486121009,-0.785135115,0.631556909,-0.532120425,-1.228145433,0.066319913,-0.543396679,-0.465378511,-1.230409434,-2.358488532,-1.887769043,-0.823651395,-0.669469978,-2.305705686,-0.578501875,-2.376314892,-0.740193786,-0.584505301,-1.051436635,-1.733789563,1.659538246,1.092308762,-3.653404477,-0.792540686,0.100735475,3.361017076,-0.616743016,1.469935536,1.574479298,1.350255681,-1.508302366,-0.028637345,0.658850687,-0.083428345,-2.447276226,-0.71266185,-0.028975689,-0.063393823,-0.5869621,-0.069249812,0,Normal
-2.706812758,1.835818114,-0.046321373,-0.249956048,-1.918279485,-1.595088352,-0.840040279,-0.359556022,3.247506265,-0.926645351,0.152113202,-0.551005731,3.225927103,0.492295516,-0.974990822,-0.608421678,1.281817237,1.004318919,2.366918644,-0.203758659,-0.217191505,4.368611764,3.858680154,-2.715580818,-1.100975985,-3.153096948,1.97155055,-0.806573519,-2.37291018,-0.051042217,0.663096744,-0.133267937,0.092061697,-0.139073578,-1.275380569,0.577105603,-1.209953682,0.970921596,0.7455706,1.343129934,0,Normal
0.604531261,1.523945028,-0.919472127,-0.035525073,1.845299266,-1.356185851,-0.026960237,-0.40106146,-3.341107754,-3.048068492,0.57064563,0.942873452,2.704555621,1.152881468,0.033894397,-2.266724678,-1.555902233,0.279354002,-0.208964701,0.384138927,-1.493500244,1.828579337,4.393616315,-0.347268113,-0.564815837,1.141977227,-1.675983748,-0.787821033,-3.700522303,-1.596837977,-1.416729171,-0.657493843,1.448061641,-0.249293767,-0.657223295,-0.567215927,-2.081790988,-1.247392341,-1.389780441,0.492442649,0,Normal
1.60918771,0.820180359,-0.059455154,1.092419396,-0.463395183,-0.002999785,-0.905052905,0.061542685,-0.081470725,0.418163505,-1.058078244,0.590171912,0.931818641,2.719850957,-0.946080267,-1.023221617,-0.131119473,-1.195430684,-0.095512751,0.368191633,-1.290543988,0.539238122,-1.818294747,0.12337331,1.80470139,-0.452961504,-1.3351048,1.974272943,1.542600457,-0.769755449,-0.894786561,1.811603545,2.352217939,-1.072081301,-1.693824706,0.70984978,-0.552323221,1.17975503,0.641477638,-2.363935387,0,Normal
-0.615343893,-0.083590756,0.91842442,0.987450911,-0.969637353,0.423285873,1.568342945,-1.007296345,-5.9439688,-2.804382221,-1.341200901,1.459853479,0.866497244,-0.18016285,-0.054702847,-2.144337454,0.125786961,0.691933619,-0.087377976,0.00244097,0.282761623,-1.450187698,2.222411977,-2.336843629,1.387251902,2.787505902,0.647409345,-0.211617503,-2.856100541,-0.818963016,1.231959957,-1.924950472,2.114376067,-0.936531636,2.614379154,1.130353155,-1.712550425,-1.054449788,0.726399355,-0.291193123,0,Normal
-2.528206754,-0.734245381,-0.665165655,-0.850491424,-1.839635784,0.766886423,0.491698389,-0.39686272,2.853082975,0.830610014,-1.040645683,1.414135642,2.3335913,1.555684342,-0.983568556,-0.703192303,2.106495631,0.091472377,0.241985519,0.272255527,-0.700493246,2.826890533,-1.255849736,-0.725162522,-1.454920342,-3.551092379,-1.809244074,-0.129890701,-1.338737019,0.443120134,0.824285818,-0.737163947,0.883331661,-0.167773448,2.145116714,0.423934908,-0.236299431,1.592066142,1.023884268,0.079136338,0,Normal
2.507294207,0.622854444,-0.223382212,0.087964734,1.187590271,-0.916324225,-0.356317335,0.896786384,-2.044268726,-1.393196841,-1.237799906,-0.782579571,-1.267666664,1.277537877,0.340142153,0.04585494,-1.244315296,1.41262127,1.3963436,0.823755948,1.749746626,-0.325354575,-2.496182176,-0.996382333,-1.657172774,3.94883875,1.168107511,-0.561404986,2.268989707,0.745042158,-0.655537847,0.621545853,0.69604156,-0.884833783,-3.529948619,-1.811771481,0.20084888,-0.247627711,-0.942736126,0.358140835,0,Normal
-3.411015553,-1.188238585,-0.801428324,0.233426451,-1.777753441,-0.224546901,-0.133532955,-0.181268932,-0.949503797,-1.528032463,-0.563591474,-1.615998141,1.642236413,1.778549582,-1.449203225,-0.656847289,0.172822703,-0.191891056,-0.74502186,-0.821966851,-0.90232348,-0.459450057,3.253920521,-0.652605606,0.455589323,0.211793083,0.085949708,0.712746135,-0.596283248,1.606781195,-0.067949601,-2.873767712,-0.169541846,-0.102179628,1.068131869,0.192553926,-1.822607653,0.332971483,-0.476719642,0.858986582,0,Normal
2.028649196,-0.777117491,0.534345848,-0.441042253,0.989043504,0.291859145,0.267524849,-0.79054611,-1.439730766,-1.080136705,-0.122165568,-1.218522679,-0.732376387,0.341384211,0.958620517,0.380253191,-0.526141672,0.751397799,-0.989799126,-0.794509441,-1.437230425,-1.120107374,-1.40276906,0.983195359,-0.55927502,5.195993349,-0.215107411,-0.308756965,5.695405895,3.336773517,1.095315567,-0.668396247,0.774716935,-0.592076819,-6.981518066,1.035440386,-2.278151036,-1.05740179,-0.132300332,-2.023726614,0,Normal
1.950336797,-1.772708668,-2.163853463,0.181612651,0.717128591,-1.800022986,-0.31204535,0.936558869,-1.117409056,-0.614814167,-2.552862585,-0.090218657,-0.485761622,-0.309732859,-0.757994791,-0.111707922,-1.394087143,1.451989809,-0.842373443,0.906133425,0.351110835,-0.129440012,-3.409475703,-0.300651555,-1.709299404,2.66478969,1.405870162,-1.964272764,2.826526846,1.076801531,0.704620293,0.412598874,1.181157266,-0.857748602,-2.898704802,1.129602706,-1.330506121,-0.835537751,0.447898746,-0.034762858,0,Normal
-1.717621188,1.074706073,0.999259268,-1.233707666,0.123286208,3.147600595,0.214524019,0.028511015,-1.390439236,-2.85731793,0.793691646,0.417328551,1.628399805,0.261719663,-0.076258156,-0.847230509,-1.059517925,-1.030421017,-1.632320162,-2.250106708,0.322054399,3.820707751,1.315361093,-1.89362478,-0.428798623,-1.202171235,-1.532211285,-0.006058008,-6.671311683,-2.701385983,0.560955679,0.210901041,1.097598921,1.545364731,3.670478883,2.119035482,1.892765565,-0.726004264,1.031314427,-0.020012061,0,Normal
-1.847850225,0.076675469,-0.383326903,-0.994993306,-0.111330441,1.804740519,1.023497369,-0.946131824,-3.129025276,-1.485479592,1.058285287,-0.614331809,0.779062393,-0.176421581,0.539933057,0.882068167,-0.935875931,-0.300890655,-0.779521667,-0.456119118,0.042333311,-0.170273688,0.335053502,-0.321734201,-0.894442249,0.315632084,-0.870636029,0.652917259,-3.023365477,-0.865542017,0.714182249,-1.19624451,1.940853775,0.30316993,3.927795511,0.309598393,-0.084236824,-0.379719777,0.937262486,-0.22026318,0,Normal
-2.302647941,-2.177412676,-0.785848838,0.835361109,-1.002905829,-0.015822899,1.472562164,0.705092386,0.116412866,-0.068621979,-0.486364563,-0.546501363,1.721489137,-0.074537273,1.399645846,-0.511731092,0.39772817,-1.463767918,2.136536189,-1.10521882,0.239419009,0.961834673,0.865571235,1.322112762,-1.129345653,-0.443251482,-0.474069948,-0.92901704,-0.366283312,1.532859065,-1.088591568,-1.980473309,1.359877138,0.529248335,0.519022975,-0.460751739,-0.805292187,-0.68190669,-0.156282472,1.95535141,0,Normal
0.189257962,-1.291057117,0.978632712,0.303243242,0.604720756,0.290379453,-0.235114064,-1.456122034,-1.868444162,-3.530795062,0.769044079,0.130192617,-1.430072459,-0.289680609,0.437060292,-0.491798613,0.233985998,-0.244660597,1.677044351,-0.595433932,-0.614326045,2.002812425,-2.114654815,0.039374133,0.271328727,3.699955912,-0.410254928,1.303753285,-1.612692048,0.128019944,0.226370625,0.088696422,-0.420596798,1.387953635,-1.067569641,-0.576389124,0.352710211,-0.887895824,-0.306410551,0.682751615,0,Normal
-2.709051679,0.64437194,-0.309470383,-0.700746133,1.981993902,1.229262457,0.49163789,0.396957455,-1.929521401,-2.859125829,-2.214832002,-0.932481861,1.397649389,-2.595510394,-2.163427729,-0.682885909,-0.171767767,0.186837963,-0.128981065,1.930830258,-0.922471448,0.501823563,0.808222011,1.298451178,1.130684303,-0.425051915,-2.285997843,-1.285053658,-3.519788906,-0.729566932,1.739035067,-1.811118662,-0.578666139,-0.031036693,4.302124486,-1.340143417,-1.623139701,0.484214563,-0.136777183,1.195431782,0,Normal
-0.648406353,-1.068486121,-0.609537375,1.845883269,-0.591483655,0.013423167,1.761952611,-0.69076136,-4.656621851,-1.123429896,2.032045096,-0.160131643,-0.637415763,-0.385157964,0.497678591,-1.830941478,0.084317986,0.084827427,0.523523006,1.018829219,0.950304301,3.207467072,-0.137208804,1.004399916,-1.314126549,2.44480258,1.527554077,-0.611553954,-6.731468842,-1.88060595,0.2381886,0.195013051,5.831823729,1.707016872,2.93828341,-0.970121535,1.581377427,-1.702977385,0.548289892,0.243607354,0,Normal
2.425439001,1.430896663,0.803542394,0.039653027,0.18462142,1.581174477,-0.152569963,0.386162996,-2.856174389,-1.544763303,-1.198556554,0.428052643,-1.953357858,1.590988426,1.485804637,-0.285371774,0.412049853,2.36485284,-0.870869521,0.638222963,0.420653264,0.648645091,0.157333683,-1.707861108,1.531617274,4.479461619,-0.181946995,-0.998925481,-0.118351129,-0.410008154,0.72183708,1.570126715,1.903250818,-0.481473492,-3.948291986,-2.138230048,0.778739333,-0.804497796,-0.569533805,2.079028483,0,Normal
2.642170914,0.346433254,-0.365703988,1.091798264,-0.780951491,-0.578599467,-1.897660199,0.966691623,0.124684127,1.394461921,-0.9587445,-1.009751953,0.244796658,-1.071250766,1.173509097,-0.16143876,-0.070416029,-0.716543477,1.080360882,1.218724417,-0.531198065,1.191580185,-4.18849649,0.284600756,-0.30622596,-1.159668214,-0.417319797,-0.038292446,-0.207778097,-1.70635049,0.21084331,2.121015199,2.216126293,1.225529591,0.62235564,-1.421566768,-0.098378965,-1.264466675,0.453175744,-1.898615989,0,Normal
-2.890365059,0.927385984,-0.51514902,0.070428077,2.240456096,0.70583535,0.719514498,0.503252114,-1.047188505,-1.714276746,0.696367918,-0.513618754,1.570835363,0.683459282,-1.321053248,-0.310027192,0.018341962,-0.012353985,-0.182784838,0.663463928,-2.032657379,0.783237464,3.263447792,-0.046765041,-0.887456897,0.516306481,0.047993984,-0.090708688,-1.991448049,1.228125518,-0.399738605,-2.72377777,0.045230077,-0.826598141,0.936975393,0.153534285,-0.012914263,0.039957172,1.814242295,0.216493966,0,Normal
2.502702791,-0.765238296,-0.350279384,-0.959197363,-1.323599642,-1.735156287,-0.443359876,0.57972707,0.504710859,-0.878124215,0.657478542,-2.402374672,-3.566018573,0.001869106,0.241171712,0.682958242,0.806557738,0.3163682,1.310673608,-0.918791703,0.132289635,3.041837887,-1.420392382,0.891659305,1.364098735,2.211304913,-1.362828494,-1.875598048,-3.090602246,-1.912038542,0.257388371,3.024734596,-1.031799793,2.347225044,-1.866180468,0.053312379,1.013295466,0.640216027,-0.515210421,0.912570065,0,Normal
1.10497281,1.186855901,-0.595844164,0.512221264,-0.104317676,1.704958074,-0.170989231,-0.572331271,-5.70232716,-0.10203718,0.780112961,-0.383929795,-0.958798831,0.801924736,-0.744545682,-0.431477774,-1.569718104,1.573820207,-0.223710299,0.400166853,1.383638706,2.236368991,0.627613068,1.164920102,-0.981520043,5.576169972,-1.639155135,0.272480048,-5.946901694,1.211062282,-0.294517396,-3.734213318,4.12525904,-0.166628513,1.42108841,-1.977022536,-1.184890729,0.179715709,-0.356849226,-1.201646847,1,Intrusion
5.469446256,0.341620816,0.475960131,-0.761372386,0.557827886,-0.062463528,-1.096412611,-0.452624397,-2.411456239,1.836183449,-0.547670302,-0.095062334,-2.187550679,1.11115846,0.386183345,0.677561109,-1.679578147,0.154799383,0.200124784,-0.691999538,2.326651495,-1.222395886,-1.476156174,-0.549104078,0.404275361,1.121392271,3.574300861,-0.877852414,0.401044909,-3.657599701,1.696881066,4.831611708,3.342338081,0.113965505,-1.888938532,-0.432470718,0.806033443,-2.087846063,0.292640879,-0.786227666,0,Normal
-3.249414191,0.028738096,-1.173710098,0.130352296,-1.140036194,-0.382033355,-0.638791682,-1.084891733,1.874822729,-2.25595952,-0.808791892,-0.220034917,-2.981138448,-0.807880966,2.206826318,-1.190966584,-1.861472759,0.361397358,-0.250834335,0.513784113,-1.970452654,3.562466494,0.857098998,0.293486583,-0.118399637,2.075965952,1.208020599,-1.1697931,-4.335691657,1.411138206,1.546731818,-1.406474621,-3.540150703,1.841082993,0.544655029,-0.122128492,-1.899336336,-0.349486971,-0.341815735,-0.552997338,1,Intrusion
-2.147630557,0.132910924,0.689812928,-1.438710761,0.283247035,0.226962918,0.119814828,0.699809985,-2.807469652,-4.600871197,-2.279142181,0.751709904,-0.983623483,-1.907795636,0.129621471,0.696419502,2.057463991,-0.078633882,-0.595525673,0.186011445,-0.686126599,4.354472314,0.634995759,-1.031101859,1.20706381,2.427063253,0.228037072,0.744943733,-6.795458262,-2.119152156,-0.17131868,0.937489231,1.709612431,0.143181841,1.708173068,-0.300146583,-0.321554918,0.215835491,2.585912199,-1.594412576,0,Normal
-1.497173228,0.517175875,2.342231977,0.999727965,1.199177211,-0.148328704,-0.568629581,0.73913684,0.422164536,-1.894124986,-0.585739624,-0.299055421,2.991701952,0.207821991,-0.278740552,1.816591675,-0.679337785,-0.666307102,0.251834285,-1.16796017,1.922147978,2.328880095,3.335542542,0.223636838,0.28816992,-0.259207167,-0.06336127,1.396515755,-1.131268514,1.074588905,-0.381479626,-1.942811835,-0.289629753,1.185477273,-1.630044528,-0.67004382,1.674900343,1.064191545,-1.095386576,-0.798447253,0,Normal
-1.981258569,-0.69227882,-0.42963938,0.053663909,-1.275723675,-0.817492153,0.146778629,0.16648709,4.988813318,-0.938421586,0.938141635,1.023458637,-3.566600502,-0.644792103,-0.261058209,0.106538135,0.107295807,0.228566915,-0.503075684,-0.719815587,-0.619495677,3.028600728,-2.788475276,-0.906705629,-1.091494788,0.035557601,-0.053134735,0.240813186,-0.287390808,0.884693797,0.130225664,1.674873896,-4.130451757,0.049494821,-1.307782355,-1.280660444,1.902900483,0.074577839,0.953052869,0.436007291,1,Intrusion
1.775864405,-1.500821692,-0.983718066,-0.31818591,1.85992691,-1.98648612,0.024246811,-1.338378449,-4.44282493,-2.236672085,-0.786766245,-0.783979886,-0.613916623,-1.16562266,1.359070742,0.648441726,-1.274840084,1.08340592,-0.466301616,-1.284004758,2.067085369,-0.014420793,-1.133124868,0.602738756,-0.401121005,3.035880675,-1.363719871,0.048552068,-0.311860312,-2.130027791,2.322681454,2.715272635,4.303667128,-1.43985201,-1.577946091,-0.4971737,-0.048113875,-0.712672486,1.817651277,1.766512412,0,Normal
-3.770355489,1.864742254,0.83292841,2.219948359,0.529658591,1.257120874,0.244426338,-1.141127983,4.284838459,-0.625840934,0.030278487,-0.77758087,3.830538514,1.451183739,-0.076030187,-0.713223434,0.035916243,-0.584001288,-1.426571799,1.535691382,-2.282352542,0.363052175,0.709238102,-0.315028281,0.284011577,-3.656623538,-0.316255894,0.012804741,2.493064894,3.051760383,1.136270182,-3.556114082,-3.958362116,0.343482075,0.669455263,0.792683187,0.067469843,-0.010076998,-0.889352279,-0.648447497,0,Normal
-1.565050298,0.769330616,1.329497394,-0.633839336,-1.523147406,1.487093437,-0.192770389,-0.531024383,-1.28309933,-2.785042787,-0.431358424,0.774427209,2.003424125,-0.444541687,0.526000093,1.384297097,0.149258979,-0.011643758,0.172242067,-0.207435219,-1.77529777,2.139669614,-1.920538477,-0.944412129,-0.049752443,0.662873242,-0.878469387,0.745050551,-0.668354901,0.379479711,-0.489703393,-0.639820372,1.954555528,-0.517685349,0.218725247,1.819896358,0.304838143,-0.825675787,1.09190911,-0.084479562,0,Normal
-0.663605524,1.601546172,0.703063601,-0.456168897,0.559812144,-0.383669331,1.578504572,-0.376258431,0.038135762,-1.038868261,-0.081699085,-0.673847348,-2.031446441,0.656009382,0.695150441,-2.472490304,0.927411424,0.130991016,-1.513155957,0.576417561,0.313443092,2.531145822,-2.703589127,-0.010310691,-0.279559939,1.752322411,1.53979061,1.945897967,-3.310986929,0.425832426,0.028986261,-0.798226841,-0.985344584,-1.225601814,1.768896039,-0.434981369,0.702261428,1.022426758,-1.810163126,-0.259932346,1,Intrusion
1.144072281,-0.886231866,-0.039440769,0.223211813,-0.680540014,-0.522972646,0.031909222,-1.878115491,-2.841750562,-1.99004415,0.952866244,-0.220235915,-0.072648163,-0.900763947,0.725134461,0.510384183,-0.763818202,-0.984306752,0.887979049,0.596765672,-1.257062552,1.351317439,-1.238985295,-2.581587164,0.32595988,1.064394681,-0.719197662,1.42980917,-2.320388712,-2.688883472,0.618141942,2.417186975,2.956990439,-1.088313241,0.421105482,1.216254716,-0.094460536,-1.28491103,1.224071388,0.892995212,0,Normal
-0.279714791,-0.886269739,0.402294128,-0.488509295,-0.845959621,-1.88566202,-0.299648674,-0.831174983,-0.239005236,-1.328045619,0.677321048,0.4380707,1.594591477,-0.081354855,-0.273698915,0.579603559,-1.176137409,1.163701803,-0.094342785,1.101354503,0.913945896,0.287950543,-4.719544308,0.180030633,-0.605946986,1.294747722,0.196586095,-0.709097309,3.878513836,2.382590892,1.80824878,-1.098828268,1.258670343,-1.301253123,-1.789465792,-1.152824073,1.248190675,-1.882111608,0.111243612,-0.956838772,0,Normal
2.139060654,-1.06810653,-1.237777744,-1.611840026,0.688091406,-0.047212549,1.728527802,0.983269532,-2.941125701,-1.353714702,-0.50551995,-0.33356215,-0.702089498,-0.020192261,-0.115618514,0.099924345,-0.248667021,-1.105248093,-0.101301161,-0.635979248,0.662531301,-0.581614448,-1.417274825,-2.153246785,-1.903330173,3.829186805,0.802428141,-0.127780644,1.833411807,0.471093897,0.217922159,0.488107168,1.901894391,0.080588567,-3.141593645,-0.687049941,0.601836228,-0.640830952,0.17060935,-0.223207698,0,Normal
2.051122386,1.168356763,-0.522904112,-1.816822838,0.180506564,0.93482339,1.598991155,-0.828599593,-3.727158964,-2.148195741,-0.878515531,-0.042561078,-1.771512842,1.496818072,1.867044049,-1.670146445,1.352674782,-1.68342461,0.249781473,-2.098343119,1.399256577,-2.508872368,-0.486729669,0.997256446,1.750503423,7.349387323,0.094540768,1.447335197,5.967865897,3.233581502,1.003747937,-0.528367476,1.428486234,0.676072025,-7.518881483,-1.073108489,-0.130933054,0.010293424,-0.241243561,-0.813359605,0,Normal
1.18537618,-0.192454618,0.169698739,0.269178699,-0.566375196,-0.731506934,0.118186809,-0.816583993,-4.066632862,-2.339047377,2.735454274,-0.084652089,-0.063152838,-1.510292143,0.308922119,-0.03126826,1.324593421,0.486878811,0.80481148,1.347784731,1.348108763,0.115692209,-0.062817666,1.216871323,-0.044963259,2.887660793,1.277450702,-0.129923367,-0.633802596,-1.405311701,0.161563599,1.453992461,3.337709965,0.745449571,-1.392297973,-0.176922921,0.082059902,0.293018144,-0.011643357,-0.269799781,0,Normal
-0.264019221,1.403068431,-0.433271313,0.582045701,-0.14990363,-0.093535064,1.396035196,0.428591764,0.695561502,-0.839186017,-0.653364404,0.523693528,3.801555015,-0.550848444,0.513145407,0.057430778,0.267288089,0.122110249,-0.512696259,-0.239276532,0.083453208,1.206727466,2.554439617,0.437865304,-1.45564554,-2.798883203,-0.522024808,-1.722922906,-0.518362455,-1.010567189,-0.365648267,-0.046302929,0.283703604,1.264857251,-0.271108236,1.402719524,-1.152152712,-0.79338168,-2.313350958,-1.382711618,0,Normal
-2.370470658,0.202298117,0.434007305,-0.274046647,-0.285418068,-0.044159488,-0.433606255,-0.574798628,2.202635357,1.279452435,1.176595132,-0.815924396,2.642848407,-0.883743803,0.070489166,0.168369645,1.505796334,0.318828345,1.333086862,0.276834299,0.601980135,0.822078062,1.422307096,0.351164781,-0.899912637,-2.507197431,-1.532872308,-0.471377669,1.17792995,1.690471152,-0.01571057,-1.503751678,1.058231022,-0.592834294,-0.288279964,-1.887410758,0.289736923,0.129507163,1.847072478,0.170328529,0,Normal
-0.109583442,0.368366929,-0.132336749,-0.187694208,1.810969784,0.733016935,0.678109356,-1.177298214,2.71918762,0.266216253,0.765955489,-0.058000177,3.686803363,-0.020390264,0.79145234,1.393081414,0.256529217,-0.133060157,0.408541304,0.642226243,-1.437577464,0.625364096,-4.848820909,-0.522796604,0.331296471,-2.108898462,-0.5812737,0.081342394,5.261956096,2.505328045,0.754891528,-1.14364694,0.218846947,1.313627257,-1.765436912,1.3134801,-0.28165538,-0.09532086,0.177017523,0.145382177,0,Normal
-2.43477244,0.085749848,-0.606571129,1.379299076,0.359808623,-0.529148846,0.596885738,2.130789454,-0.985412753,0.518240066,0.997004619,0.836715543,-1.045268894,1.197404904,1.111346716,0.840369377,-0.366953762,-1.218886507,-1.08448207,-0.187804654,1.010636261,2.458808802,1.270425744,-1.569366242,0.030951235,4.57331967,-1.271791291,1.214001159,-2.218732525,4.961573243,0.148927519,-5.309573873,1.338323251,-0.006550351,-1.117535792,-0.33665838,1.139367148,0.255029736,0.158551462,-0.155802437,1,Intrusion
0.831193292,-0.196448774,-0.513165688,-0.314356617,-0.202349926,-0.938870201,1.14793666,-0.927100115,-6.942496302,-4.535950395,0.523574923,0.080737075,-4.255544081,-0.638365456,-0.424333093,-0.009886853,-0.388201969,1.116952327,-0.129991262,-0.214011466,0.588084988,-0.073261801,-3.789166362,0.098793849,0.680967182,9.055823786,-0.137071079,1.529348146,-3.547901581,1.459653497,0.895971999,-3.015442242,-0.434557652,0.757693254,1.589952414,1.166047114,-0.511672954,0.016051477,-1.707240107,0.653972599,1,Intrusion
-2.019592305,-0.403019233,0.102874564,-0.383441833,0.226844637,-1.328932077,-0.233888798,0.580493171,-1.844622005,-2.407470293,0.955012834,0.155116585,2.009674386,0.649050451,0.541614735,0.765595217,-1.843577087,-0.714613625,0.000135879,-0.846174074,0.150432421,-3.07E-05,2.13248314,0.551227493,-0.638695777,0.210419932,0.085497572,-0.159209966,-1.686783,0.291695463,-1.920829763,-2.267059711,-0.342037196,-0.779158849,1.820183847,-0.832046615,-0.344643126,-1.68310808,-0.3393324,-0.78364614,0,Normal
0.926974046,-0.083803058,1.56182604,0.164414941,-0.599510056,-0.527262232,1.139441198,-0.033085601,-0.315623035,-0.569732564,-0.457327962,0.209081082,-2.50821747,-0.579957264,0.51503957,1.364770098,-0.477002488,0.283325419,-0.974497464,0.333592155,-0.993652212,3.899937523,-1.202827132,0.106364867,0.489142709,0.895171175,-0.941501634,0.707067577,-5.718976626,-2.568222353,-1.049941262,2.34177552,0.989648282,-0.433057678,1.281799204,-0.041013581,0.308296836,-0.135831835,0.394209782,0.000363835,0,Normal
-2.322341957,-0.234143977,-0.128039263,-0.615214743,0.286273822,1.119112175,0.984589542,0.822968717,-1.656580427,-1.171211937,-0.800941681,-1.401369527,0.698989889,-1.388932889,1.223299756,0.282101335,0.635566415,-0.002575107,0.201137366,-1.292598973,0.331081264,1.592048548,0.191887009,1.241896874,-1.248305306,0.841094511,0.770569812,0.69965463,-2.989139179,0.644547272,0.350105757,-1.979850511,1.745971398,1.172232078,2.298666698,-0.174737172,0.309885337,-0.844900144,0.769908926,-1.361816272,0,Normal
1.746600994,0.517455493,-0.351433893,-1.745270565,0.29133031,0.626190267,-2.011766651,0.623105348,-5.788345658,-3.668182693,0.438200879,-0.757616511,1.700364241,0.394679607,-0.78707817,-0.841234711,0.049421618,-0.382656648,1.408382195,1.172305966,0.809882835,1.889184796,1.383700491,2.234861342,0.269599615,1.681688868,0.070500783,-0.553496101,-6.005746474,-3.834459165,1.157011825,0.722979554,3.093531407,0.3391732,2.331437455,0.773786516,-0.357920932,-1.049075226,0.688969303,0.266508357,0,Normal
2.329702855,-0.392466773,0.592160752,-0.97632958,-0.535393256,0.353462734,-0.432509553,-0.151441374,-9.179173811,-4.049186966,1.158551159,-0.310867518,-4.058691185,0.275834478,0.731468792,-1.638461097,-0.136019113,-1.88462413,-0.728741977,-0.604082377,0.394408114,-0.741443187,-0.913815903,0.405291686,0.819483583,8.181920853,0.23078245,0.58067708,-6.882663516,-1.547648302,0.307009438,-1.946495039,0.67906153,0.935916963,3.844406075,0.314444358,1.490719051,0.244111714,-1.357681222,1.525027593,1,Intrusion
-0.666286251,-0.278656518,0.668522947,0.46429982,1.627729482,-0.298847675,-1.051070021,0.676090859,-0.960830276,-2.491419183,0.088189966,0.310224157,0.059806513,0.103930406,1.554752797,0.861589243,-0.48832407,-0.552852122,0.084435993,1.276184465,1.939091066,1.661241769,-2.889443818,-0.511055163,-1.395143676,2.950188393,1.257257772,-0.620393714,0.901748434,1.901138699,0.528637674,-1.028402037,0.695555962,0.245899935,-1.88291825,-0.357438738,-0.162984681,0.374391267,0.801691774,-0.163473175,0,Normal
-3.514885417,1.327469973,0.063534734,0.627936751,1.509108339,-0.048133489,-1.092637513,-0.463269085,-1.352186435,-1.096952315,0.670654087,0.550078296,0.444416802,0.568058063,1.54625806,-0.373017354,0.742833619,0.802989677,0.092188406,0.207993051,-0.270052117,0.952815461,1.58246581,-0.164675413,-0.427394145,0.450772313,0.234852597,-0.674271356,-2.910646465,0.784604183,-0.944321902,-2.100348019,1.382682094,0.790201673,2.643405239,0.725411422,1.508879617,0.137837711,-0.457658518,-1.071534558,0,Normal
-3.613974297,-1.365622216,0.558152705,0.284499678,-0.291127724,0.454044098,0.232146486,2.161345611,3.05959671,0.405444984,0.377221549,-0.341835583,2.401773699,-1.070243718,1.866222552,0.075968196,-0.265284809,0.758239644,-1.595017163,-1.138754937,-0.017504793,0.472852354,-0.556537392,-0.27130022,-0.653268682,-2.638991537,-0.205866487,0.200384586,1.751472454,2.713828169,-0.622298811,-2.728110469,-1.249098757,-0.100937943,1.215527835,0.152741029,0.491468709,1.649148348,-0.523240327,-0.709550954,0,Normal
1.244700053,0.714459974,-2.055899207,-0.915641976,-1.340494459,1.149820683,0.226308212,-0.191545433,-6.407605136,-3.104275272,0.051539843,-0.918556896,-2.20981262,0.154785128,-0.959033343,1.431317601,2.278557585,0.621884818,0.44888361,-0.75051985,0.369156674,-0.257291956,2.086254152,0.543717947,1.034775377,5.43969519,-0.497199649,-0.741601392,-5.186986849,-1.402775148,-2.196657987,-1.088903079,0.814809142,0.161034457,1.589900266,1.322319758,-1.327257126,-0.716261113,-0.076961166,1.84368541,1,Intrusion
1.050602615,-0.013680683,1.255587341,0.175818245,0.106818683,2.214914403,0.808393769,0.638044018,-8.327498037,-3.465304394,-1.654888095,1.248749716,0.808128441,-0.906190811,-0.366625756,0.00306979,1.334042454,-0.138281269,0.358298332,0.078205324,-1.099144832,-1.382265913,2.358268745,0.887591277,0.396913722,4.566043276,-0.244871218,1.83059327,-4.224374608,-1.400663698,0.621500036,-2.26073621,2.912622676,-0.631804878,2.608518045,-1.476782223,-0.607762168,-2.256883186,0.531303568,-0.558279928,0,Normal
-1.697419936,0.102402239,-0.717076206,0.386030539,-0.506639202,0.734723316,-1.270080047,-2.007074604,-4.887318775,-4.739517214,-1.278086323,-1.0920227,0.879754464,-1.197781416,-0.667584823,0.465177874,0.277124834,0.227125407,-1.619803667,0.216338766,-0.022687862,2.002169439,3.715371335,-1.205748796,1.891647048,4.896461297,-0.217199132,-0.366299445,-5.087946467,1.253367333,-1.276301573,-4.207073229,0.034187539,0.25984374,0.540359485,0.728051352,-0.410851209,0.018107684,-1.055100603,-0.638108508,0,Normal
3.52086395,0.376568635,-0.382587032,-0.771424795,0.837301814,1.299026306,2.108495698,-0.671051642,1.244534072,1.66212476,0.891939367,0.145695406,-2.312267352,0.41389353,-0.829209285,0.512307149,0.063050288,0.84364149,0.481484303,-0.496777509,2.152596253,0.63759419,-3.999606001,0.41385782,-0.360780355,1.92596703,-0.323644907,0.855387195,1.793690853,0.874915321,0.667402926,0.907518852,-0.831787,0.413266558,-2.761984292,-0.473037078,-1.874164753,0.813182829,1.163526848,-2.001155926,0,Normal
-1.34095949,2.383688905,1.017874729,-0.028808018,-1.765635335,-1.554058945,0.499881568,0.187507341,-5.783969322,-4.6469842,0.375848903,-0.1263751,-0.099578751,0.569681383,0.652492333,1.213723525,0.746199696,0.138942218,1.348307968,0.78425321,0.813191965,3.251512836,2.692221409,-0.403562934,1.473863919,2.982072008,-0.026161543,-0.008208974,-9.183220372,-2.890631272,-0.188552705,-0.728960542,2.313346266,-0.269373173,4.068786892,0.282735957,-0.121727809,0.901244808,0.216614183,0.353318456,0,Normal
-2.904214551,0.584615279,-0.591268514,0.156325193,-0.554226754,0.322757003,-0.780827076,-1.598198084,-3.930792532,-1.564288762,0.508916842,-0.077012026,-0.40345998,-0.188461721,-0.296533918,-0.04644578,-0.449384898,1.231169696,-0.853283297,0.358442441,0.590241601,0.400032163,0.628862365,0.814079812,1.321116662,1.219726273,0.578510595,0.286118434,-5.031091076,-0.881486871,0.251668735,-1.497004413,2.734113931,1.292716882,5.158386353,0.952791659,-0.384809961,1.361925143,-0.029504508,-0.168941671,0,Normal
0.508029161,2.788379023,0.289319713,0.116803131,1.224412418,0.472652876,1.124400633,0.369273161,-3.972303653,-3.064572537,-0.141527866,-0.414645086,-0.704652843,-1.527424625,-0.272324276,0.3718885,0.298524326,0.587619601,-1.560244584,-0.251131181,-1.506818675,2.154143472,-0.129582981,0.060798491,-0.122865159,2.91773947,-1.059999978,-1.025274108,-3.976947573,-2.153166838,-0.396560069,1.445323553,2.994661819,1.475933017,0.230792057,-1.116950196,0.41050205,-0.128603078,-0.863057537,-0.92789519,0,Normal
0.176226604,-1.729487487,3.210974251,-0.424891278,-0.692974237,-1.5682885,2.176989088,-0.602629667,-6.065009142,-2.146924766,-0.283695925,0.338162364,0.391234792,-0.76778061,2.284378154,0.166970754,-1.215694694,-0.882842843,1.488347147,1.274649167,-0.196642248,-0.045924426,-0.007599161,-1.616010051,-0.279136181,3.183761302,1.946336148,1.360480394,-4.11807285,-0.908884047,0.642136331,-1.849539873,3.22528677,-0.027260355,3.268387587,0.893486359,0.638557557,-0.327984838,0.2881411,0.288912277,0,Normal
4.03461092,1.198419515,0.185518057,-1.283562819,0.138552335,-1.015058048,-2.151814946,0.351150368,-4.607768904,-0.529961205,-0.694394775,0.18952146,1.052591412,-0.176342659,-2.646564103,0.893884531,1.342373045,1.223322249,-0.021208009,0.08667483,0.729736911,2.81126847,2.863933041,0.213494292,-1.432529522,1.437714145,-1.399734133,-0.283725382,-6.96529096,-3.792401619,1.708693394,0.863103986,3.626680681,-0.979878403,0.872477172,-1.280668874,0.613208175,-0.101703468,-1.815303483,-0.821494777,1,Intrusion
4.382431196,-0.187395655,0.739308373,0.354193638,-0.957360529,0.152830924,2.064709272,1.926282094,-1.211482286,0.221968632,-0.299080074,-0.106011177,-3.765367379,1.870803249,0.229848262,-1.421111792,0.713316213,0.205690822,-1.372292084,0.489673354,-0.341294532,2.680615147,-0.882007414,-0.172856466,-0.173180358,1.570450849,1.630225079,0.289899394,-5.516737373,-4.314150784,0.646421175,4.181504663,0.503448053,-1.767445167,0.142209603,0.834977893,-2.224377229,-0.695223083,1.215491734,1.191888013,0,Normal
-1.503664347,-0.74211799,0.174929363,0.176304574,0.461052195,1.059820088,0.423982386,-1.207557654,2.292626627,-1.932234224,-1.266652217,-1.629535596,4.024939917,-0.74744482,0.430338715,-1.192536209,1.537435762,-0.628392721,-1.028744123,0.044302663,-0.372280936,2.752434978,3.039741312,-0.80576963,-0.264926228,-2.30717789,-1.0066795,-0.092250131,-0.507370382,0.581362565,-0.228708496,-1.302821306,-1.613809429,-0.299413988,-1.631789146,0.643821676,-0.601625594,0.156995981,-0.792622942,-0.431074996,0,Normal
-2.140917893,2.220103535,1.677266116,-0.507438244,-2.081698772,1.288483852,0.015558631,-2.27900653,1.394663474,2.371809627,0.214658608,-0.277948831,1.467454098,0.186415252,-0.126646464,1.457813889,0.398923985,-0.847888638,-1.12370644,-0.037686651,-0.95486758,0.607422153,-1.640151212,-1.327071786,-0.431832315,-1.183761542,-0.842801949,-1.339513467,1.420419487,2.724969728,-0.101781891,-2.269985722,2.428306765,1.388556789,0.724113288,0.433819679,-0.271298586,1.036839998,-0.195679216,-0.479302419,0,Normal
0.396825538,-0.785804886,-0.000234862,1.240687894,1.324797289,1.989281916,-0.214675884,2.474601733,-3.456937853,-2.802629768,0.464857394,-0.706068751,2.231018788,-1.012190533,0.204529022,-0.284896139,0.039341776,-0.050688973,-0.017843901,1.403890238,-0.707838163,1.46982086,1.971615001,0.103751496,0.407568942,0.763262128,-1.457758115,-0.217228935,-3.723122215,-1.829783747,1.331964473,-0.509021449,1.635517888,2.577443686,1.211579821,-0.118972433,-0.363072952,0.237872843,0.86149296,-0.866192101,0,Normal
-0.121833529,-1.080697741,0.830580628,-1.931164853,0.703412288,0.862994764,0.313960928,-0.419996988,0.075522531,-2.503382303,-0.588009039,-0.71372083,-0.924868176,0.576081144,-0.107316261,-0.033490549,-0.312691117,-0.308624464,-0.010820743,-0.071614067,1.030496,3.54551825,-2.670679525,-0.820711017,-0.270117976,1.591755374,0.690040135,0.563597618,-3.279262517,-0.221121938,-0.111412027,-0.091596782,-1.184279432,0.71328869,0.586215233,0.183750096,0.274372653,-0.376782335,-0.460753276,-0.655933596,0,Normal
-6.313484095,1.255912974,0.145244148,-0.894332129,-0.554548388,-0.183232699,-0.134208786,1.613301458,2.777857588,-0.228408154,-0.798348762,0.396722676,0.23628721,2.129380047,-0.391724373,-0.776108041,-0.23537082,1.764417034,1.621477816,-1.407361708,-0.52846831,3.94995871,2.07061305,0.24275198,0.269726556,-1.056899896,0.891122144,-0.013218599,-3.52358185,2.503611323,-1.576386268,-2.557814321,0.522533223,0.301667391,1.714186717,1.563886994,0.437161355,0.530284729,0.232743039,0.419619751,0,Normal
-1.983359423,-0.714550739,0.164370131,0.309851264,0.510049377,0.574997291,0.37434887,-0.051724521,-4.078540246,-0.731744317,-0.458210695,0.606214514,-0.1322077,1.623178483,0.913554323,-1.439427726,-1.117719919,-1.507950595,0.505669115,-0.705016967,0.743971513,-0.272945567,0.610633472,0.248087506,0.702996389,1.39281931,-0.630946223,1.504881288,-3.390167532,-0.613903405,0.906545901,-1.135023601,3.747489068,1.599878037,3.720274123,-0.517885151,-0.585502099,-0.6155713,-0.820073361,-0.136045935,0,Normal
-0.236089882,-0.24128123,0.114623961,-1.366008098,0.382459078,0.114382966,-0.529408919,0.100331841,-2.426553177,-1.9662103,-1.543707986,-0.891309822,3.201850717,-0.797955867,2.126266038,0.717898145,0.963455682,0.908053083,-0.41964384,0.480765165,-1.230802013,1.137528864,0.40434164,0.31024658,-1.400449912,-0.80411305,-0.038846758,-1.986063041,-2.877949928,-1.205701866,0.958536528,-1.384350995,1.325229072,-0.127423724,2.728031294,-0.371385133,-0.140639298,-0.804345149,-0.460786167,2.567789491,1,Intrusion
-1.220856544,-0.428576829,-0.255192005,-1.302096186,0.227839126,0.518212689,-1.907567582,1.121304128,-2.191134115,-0.424165584,-0.566276049,-0.528866887,1.1876513,1.286297929,1.331529465,-0.482765621,-1.815948437,-1.400349256,-1.238168512,0.977630716,0.757596374,1.131238357,2.008145265,1.264592892,2.359596298,0.812601604,-0.411859079,-2.488860096,-2.490284089,0.16066711,0.073019357,-1.340085203,2.953784822,-0.198677082,0.826958134,0.913988818,-1.031546466,-0.094382742,0.727428552,0.857305076,0,Normal
-0.040389356,-1.357249975,-1.19280606,1.322513727,0.290637355,1.843977745,0.447805886,0.250269359,-2.249833599,-2.352797373,0.182774179,1.454360065,2.57348275,-1.934800755,-0.531747593,-1.257328117,-0.964565002,0.72716256,0.974628516,-1.67147529,0.020459565,2.4701052,4.56469106,-0.993887799,0.661203179,1.558046903,-0.161271877,0.951549841,-3.026670149,-0.011686301,0.287345494,-1.597141708,1.415191792,0.804721532,-1.881902677,0.779293208,-0.742305481,0.465829726,0.591724565,-0.503910593,0,Normal
-1.2110314,-1.268254526,-0.254182568,1.112191649,-0.834776816,-0.982865597,0.86716986,-0.179209672,-0.820387991,-1.626036752,0.338337447,-1.52742558,1.68870334,-0.1620548,-0.749392983,-1.613668528,0.287616177,0.2450319,2.255407674,-0.157221722,-0.501320763,3.94279617,1.725081333,-1.314419222,1.554166329,-0.76352863,1.680379541,0.94096928,-5.341908798,-1.62267198,1.677332261,-0.017161861,1.981489031,0.860408467,1.646805575,0.774833262,0.1957272,0.056290132,-1.475952462,-0.279830871,0,Normal
-0.347309846,1.338109323,0.825282672,-0.131148855,-0.13532141,3.336993827,-1.024195986,0.987346744,-5.020811071,-0.763435689,0.534860087,-0.750366372,0.688757201,0.601548073,1.845743692,0.126472491,0.487717532,-0.328100611,0.732605298,-0.94685638,0.342069384,-2.038451475,0.144081641,0.020430765,2.085129653,2.742881844,0.559708658,-0.282719215,-0.411366258,0.743628714,-0.578886115,-2.361437737,3.219923566,-0.399824713,1.821482195,0.017042723,0.189310457,0.107972709,-0.730080738,0.413151901,0,Normal
0.513162091,1.245286085,-0.24635854,-0.926913223,1.182365295,-1.603476958,0.264633133,1.331105571,-2.429359726,-0.434837181,0.164722865,1.005891274,-0.628015028,-0.322649205,2.343545169,-1.650694364,0.535274987,-0.015799869,2.001101593,0.161657257,-0.436421713,4.909259634,0.836608509,0.388068957,0.353800884,4.978086368,0.373784925,-0.792452177,-6.035403369,2.470964215,-0.066720156,-4.176478988,1.823145745,0.254729917,-0.672960391,0.295802456,-1.555450171,-0.74954394,-0.525251266,0.278849661,1,Intrusion
0.000544231,-0.130137815,-0.799575538,-0.088120117,-0.558800638,0.680330331,-0.013568768,0.974498962,-3.567227009,-1.007733373,-1.479618561,-0.949781487,1.484016587,-1.111409626,0.492676175,0.345185348,0.783864769,-0.101656438,-1.31452598,0.828509092,0.386211515,-1.047931165,-1.845887602,-0.906586785,-0.531281841,-0.030043029,2.220695355,0.639978762,-1.785381069,-1.147747281,-0.369545091,-1.186298571,1.874975107,0.0075433,4.338463238,0.556573585,0.494433392,-0.336829888,0.380557589,0.583066403,0,Normal
1.32249222,0.113093669,-0.890944737,-0.683920748,-1.010889163,0.313920527,0.029236928,-0.903562964,-2.264654296,-1.353718953,0.137432071,0.804768283,-1.582367815,-1.21273041,0.585292776,-1.308284875,-1.477903638,-0.73942254,0.951245006,1.279586618,0.991337529,1.778819772,1.425926541,1.799940233,-0.523387059,2.185778855,-0.912951399,0.295770162,-2.51533914,-2.452959491,-0.183704003,3.201536407,3.032368938,-1.258602633,-2.157412857,1.280255001,-0.311975222,0.551220549,0.260468436,0.362101417,0,Normal
2.145562889,-0.567370947,-1.866430979,0.353207799,1.004645487,-0.037074774,-0.961363492,0.616311631,-5.688544231,-2.457944081,-0.139068539,0.394776033,-1.318532986,1.404598414,-2.216379019,-0.310770636,-0.66833158,1.183864656,0.981759212,-1.005527793,2.557074509,-0.135795661,-0.244362284,-0.983058197,-0.088309092,5.21618148,0.393215819,-0.064752751,-1.491565123,-0.914586149,1.105246525,0.556577028,3.299717588,-0.603948888,-1.481440399,-1.136668264,0.307721485,-1.682873867,0.900187506,-0.587656182,0,Normal
0.002365071,-0.655356982,0.045067402,-0.868295883,1.74254942,-0.46114491,0.665663916,1.758089911,-4.007677358,-4.406519828,0.981563152,1.699061895,-1.817852229,0.631134853,0.445303406,-0.394607576,1.32251745,-0.317184695,0.597229826,0.178234871,1.684838663,3.659747786,1.625574828,-0.0386132,0.274476503,3.246192599,-0.68241317,2.574698163,-6.562488021,-3.678455423,-0.551347583,2.988818343,2.708089306,-0.18360714,0.031207653,-1.254155066,0.13775096,0.318887601,-0.575671704,-0.631276952,0,Normal
0.885468553,0.091281741,-1.325592134,0.295715804,1.377666761,-0.920265259,0.950410215,-1.836624995,-5.204911799,-4.686425877,-0.402030869,0.482171273,-5.739749595,1.028120157,0.080572797,-0.830692236,1.494267927,0.059865765,1.308477782,1.001132126,-1.340646987,0.031031861,-0.431562797,-0.734389694,0.302475526,9.314430522,1.248904497,-0.056552119,-3.07654475,1.180158153,0.661685549,-1.46660658,-2.383113017,2.118283489,-1.485214582,0.412360818,-2.221061786,-0.93481603,-0.458963566,-0.97060405,1,Intrusion
1.197972031,-1.830575667,-0.429984103,0.786992276,-0.070883722,0.535063141,0.764298676,1.117576635,-4.687826482,-2.922893043,-0.098024116,0.651944046,3.000388564,-0.170520639,0.510986039,-0.122380279,-0.872561234,0.191952977,1.500284763,0.255353026,2.691406196,-1.185891311,2.685763892,1.044947918,0.50873256,2.558587197,0.252308496,0.101180833,-0.553543614,0.413968557,2.223304763,-3.053415473,0.300042581,-0.436222418,-0.329019853,0.284055688,0.017484207,-0.0826864,1.05373374,-0.340812671,0,Normal
0.624100483,0.944033903,-0.053037681,-0.707578083,-1.639135729,-1.236856943,-0.217582554,-0.867179249,-1.562766617,-0.564508769,-0.048758203,0.042797191,-3.008263974,-1.193637736,-0.130034589,-1.412655595,-1.306008402,0.494811215,1.12291236,-1.888717141,-0.317694208,0.154454188,-0.468891087,1.074982631,-1.245840503,1.38829133,-1.386467117,-0.224320511,-4.430994879,-1.756486643,-1.281214114,0.242410871,-1.667523483,-1.34930077,3.461737037,-0.943477337,0.730792203,-1.214099438,-1.149101642,-0.464365567,1,Intrusion
-2.171045654,-1.574300384,-0.071252267,-1.194140598,-0.855522516,2.520582865,0.843519054,1.110187489,2.854489335,-0.469789041,-1.959558243,-0.663381596,3.339822421,1.281320519,0.134040607,0.94738644,-0.916745927,0.936833628,-1.288298614,-0.864623578,0.901097801,2.644197997,1.398511221,-0.175232669,2.064106638,-3.042551836,-0.733140898,1.483674682,-0.737715932,0.826605927,-0.765414863,-1.418706822,-0.856385283,2.250483126,0.126027047,-0.819542471,0.068196985,0.358314451,-0.42862265,1.288376562,0,Normal
1.506114134,0.635984461,0.764231367,1.332696046,1.02724043,-2.245882177,-0.090264539,-1.554073561,-3.046472994,-0.578397702,2.004178183,-0.560112147,-1.655959149,-0.50482129,0.541881282,-0.424733197,-0.403949843,0.404117669,-0.374945785,0.612252564,-0.905195349,0.338522913,0.67902755,0.555690963,1.350306731,1.596050246,0.360750167,-0.460560999,-4.677740105,-2.2882586,-0.231706817,0.373581351,0.476213337,-0.339146515,2.667070116,0.189190035,0.600292008,0.074126813,0.895166967,0.404142316,1,Intrusion
2.894841876,-0.030497191,-1.072650779,-1.228459088,-0.106080795,2.271914695,-0.188149368,0.339156669,-3.385984438,-4.224396015,-2.630660989,-1.526853398,-2.597603724,0.057151583,0.413684619,0.137032534,-1.518217973,1.390106134,-1.293975063,1.331023297,-0.711211203,2.126384636,-3.413213544,0.146148549,-1.578891296,3.430289373,-0.86776194,-1.307742392,-6.437649564,-2.918427498,-0.887388785,0.281801392,-3.402279077,0.856977264,3.55936766,0.02133219,-1.342360426,-0.284113245,-0.960490126,-1.634218334,1,Intrusion
-0.832634946,-0.446875551,-0.092751571,-0.706621957,0.79900945,-0.607066205,0.110002035,0.071070655,-1.84167478,-1.280414995,-0.994949503,-0.968118796,2.103971148,0.114728963,-0.390652302,-0.005029588,-0.603004458,0.835208029,-0.462821304,0.814116167,-0.516782089,0.79069766,1.870095049,-1.148017764,0.378852064,-0.51095583,-0.162180778,-0.225012087,-2.51156102,-0.866215471,0.670048901,-0.970101441,1.365631024,-2.135230122,1.741853559,0.777230989,-0.498045439,0.211058662,1.337873556,-0.201501426,0,Normal
1.840603045,-0.314511322,0.132090649,0.254351024,1.285794186,0.734367936,0.911830119,-0.691778045,-6.843774722,-3.13427239,1.419812803,-0.180791977,1.463487555,0.34274322,-0.517318539,0.561214313,-0.688343472,0.996070841,-1.804198622,-0.577057412,0.4504197,0.902585057,1.925276148,-1.412881996,-0.712931975,2.759299593,-0.636774903,-0.063413783,-5.879187643,-2.907273572,0.537537792,-0.699839824,3.249181094,-0.957979928,2.62403374,-1.203702085,0.636384347,0.260707441,-0.119178486,1.060589108,0,Normal
-3.378489217,-0.30641296,0.305877073,1.87167142,-0.917761284,-0.577338091,-0.193419519,0.193761639,1.65047349,2.272370845,-3.250967422,0.895418405,0.947929199,0.229728248,-0.268238045,2.200739709,-0.630046284,0.4024066,-0.323589897,-0.412974247,0.053293224,2.658126716,0.725003842,-0.045930627,-0.184359377,1.07239309,0.596291381,-0.537864259,-0.511365647,5.17080695,-0.106789713,-4.991049443,1.947141162,-0.190197644,-0.722893057,0.738475386,-1.9137672,-0.680078522,1.126296518,-1.981479344,1,Intrusion
-0.324633464,-0.73783054,0.376349446,-0.803829864,-0.335155758,-0.406396146,0.118474223,0.312116364,-3.489879528,-0.746783263,1.870605705,-1.874844604,0.338670188,-0.165218342,-1.183252644,-2.549338905,1.090988446,0.707837393,0.017305525,-0.693549342,0.508506973,2.02614304,-0.459559301,-0.657524491,1.13562022,0.824982218,1.821330574,1.331359734,-4.802197016,-1.891357864,-1.302783862,0.271922876,4.439904651,-1.148599946,2.988991242,1.199362864,-0.056311907,-2.058739794,-1.205042452,-1.511919335,0,Normal
1.157094605,-0.15397575,2.02846248,-0.917091907,-0.645968283,1.056613763,-1.009845324,-0.092527471,3.708864158,2.130739586,-2.213045511,0.426827403,-1.240546192,0.360341904,1.171419091,0.302128613,2.000870264,0.068454855,-1.107868617,-0.245574934,0.494854041,4.331538062,-2.426748561,0.876720089,0.709969179,-1.57525827,2.988146704,-0.06321399,-4.154196329,-0.22597821,-0.046072231,-0.11952426,-2.033201669,0.072463229,1.567861093,-0.066020765,0.654889098,-1.840108184,-0.038675583,1.868040031,1,Intrusion
0.779258112,0.230547906,0.978474968,0.16439898,-1.193537959,1.778029416,-1.43870082,-1.192231963,-1.880800393,-3.209357924,-0.753323321,-1.521671029,-0.903546775,0.380834993,-0.336827631,-0.151556891,-1.056757445,0.976524827,0.297980978,-0.633766962,-0.218389166,0.582904394,-0.660234858,-0.312198971,-0.310376619,4.431444288,-0.265170364,-0.813177297,1.849982662,1.14317382,0.682287236,0.396650548,0.249855537,-0.055806957,-4.575912891,-1.101717214,-1.005376943,-0.825649893,-1.245931186,0.553551678,0,Normal
2.53313901,0.578246033,1.402452802,-0.116834043,-0.494684499,1.224257364,-1.414392415,0.001612816,-10.12042072,-2.939714343,0.649232179,-0.424572368,-2.037812207,0.396527526,1.736851573,-1.455871498,0.610961348,0.544074158,-0.142453113,0.421880092,1.125608012,-0.64625246,2.117457223,-1.281598623,-1.293923096,7.415532318,-1.214729381,-1.651741466,-6.890637107,-1.868177839,-0.202123023,-1.878237414,3.903762734,1.387362589,2.617777846,-1.438106973,-0.81029512,-0.330876459,0.702461959,-2.682782367,1,Intrusion
-0.054660717,-0.482376466,0.565923849,1.724414945,0.847262822,0.05728938,0.684507027,-0.984970054,-2.927494946,-3.218949847,-1.597403555,-0.484018011,-0.945949199,0.189602107,-0.372792232,-0.018479401,0.642553633,0.255864269,-0.055025299,-0.246122505,-0.92111626,0.708932895,-3.615037999,0.195200783,0.557595056,4.455942807,0.28172628,-1.564973563,0.643459503,1.311798575,0.067271358,-0.646706537,1.217001673,-0.804505699,-1.344112575,-0.440397856,-1.025323061,0.732219816,0.389740516,-1.379900667,0,Normal
-2.243848039,-1.212420267,1.594911128,1.347477051,0.971816036,-0.06472873,0.256877954,0.048283288,2.047751431,1.126184028,1.123144103,-0.436833968,2.240960695,0.23114931,3.622325689,-1.192683885,-1.228575223,0.49885531,0.003726282,-0.450421089,-0.920479137,2.117923237,1.874726367,-0.355487836,-0.815647964,-0.701241547,0.592420773,-0.66903386,0.932167986,2.876249141,0.419494356,-2.151710954,1.704872344,-0.363053979,-2.326893859,0.8424758,1.258909536,1.013007496,-0.712008771,0.851079599,0,Normal
1.886554173,-0.058598741,0.80193588,0.954123793,-0.930397301,1.757470256,0.46205374,0.467221495,-4.902759545,-0.279806709,-0.494984555,0.149906702,-0.600780996,1.448796013,1.342601707,1.316330377,0.093988713,1.801543818,0.747129813,-0.912373532,-1.197790134,5.181905199,1.321416048,0.295157016,0.899563433,6.397732407,-0.249420844,-0.953438446,-7.76838715,1.780856933,-0.629281706,-4.3249321,4.029406697,0.115721035,-0.44930703,0.41976074,0.42852402,-0.576967312,0.453258118,1.431799683,1,Intrusion
1.245981085,0.585047217,0.263621242,-1.592770888,-0.452252983,-0.30968762,0.228414474,0.865157483,-6.867865583,-2.465743475,1.018864465,0.256262079,0.906502664,1.584522992,0.107043438,1.568034574,1.33283097,-1.032824726,-0.364939672,-2.257230505,1.212997159,1.289054034,5.055214335,-0.971920486,0.484737549,4.181218149,0.273643229,0.631425683,-5.666977653,-1.721016088,0.061906392,-1.037043766,4.518617573,2.147066291,-0.127177262,-0.333655622,0.247463561,-2.596033614,1.89997092,0.39916001,0,Normal
-3.223795619,1.154296998,-0.767442035,0.783484733,-1.465959497,0.685157315,-1.551482914,-0.472975227,3.720990746,1.665783935,-0.181733779,1.175963068,2.656487956,0.290224812,1.325041289,0.612440846,-1.934705876,0.958762275,-0.073958108,1.051091086,-1.714465541,2.28714149,1.978826515,1.610998631,0.214231648,-4.593362284,-0.337403585,1.404002848,-0.561000928,0.263864949,-1.153589922,0.035799639,1.393752685,-2.816182552,0.677176628,0.424329592,-0.281674734,0.248601214,0.981005226,-0.877326634,0,Normal
2.693914967,0.12017159,0.439330837,-0.07375648,1.249778077,1.167742053,-0.041352814,-0.708370287,-9.160754078,-5.324443672,1.551277424,-0.161234971,1.61722007,0.232452412,0.071990472,-1.148277895,-0.894992292,-1.039361389,0.477125195,0.939804829,1.098688099,1.1349402,4.361301804,-0.925931071,0.883564534,5.339409092,1.218608853,1.150190548,-7.128864324,-2.960016952,-0.566059458,-1.5218268,2.73769289,-0.623065135,1.077561173,-1.549808348,-0.311383542,0.449110663,-0.161425661,0.192570045,0,Normal
-0.714637558,0.093152225,-0.238412539,0.553097275,0.305415766,-0.434210613,-1.149850538,-1.033385454,-4.489494262,-4.830580365,-3.740607994,-1.084824849,-2.867606132,-1.526597654,-1.988229974,0.965799607,0.359067038,1.825348785,-0.547576006,0.82009844,-0.683328065,0.402926878,-3.609686235,-1.253231483,1.491943884,6.408721295,-1.642519249,-0.042556728,-1.601722371,1.099199726,-1.281833615,-1.384516638,-0.382972531,0.485128537,0.531058648,0.160936368,-0.420711711,0.654635106,0.695420611,0.30431857,1,Intrusion
-1.587277695,0.761916984,-1.67698084,-0.388253945,-0.659071879,-1.542937474,-0.6536505,0.555893063,1.349607843,0.003386633,0.86056499,-0.010903457,2.343876545,-0.23131426,0.424333638,-0.382070911,0.361223175,-0.794403876,1.040619994,1.359303032,0.014664028,3.086165528,0.828284031,0.493067331,-0.271524861,-2.445504317,-0.042054527,0.700009401,-2.340282311,-0.521330605,-0.874290259,-0.00716904,1.74291731,-0.11700291,0.831229106,-0.19873437,-0.281304423,0.75437482,1.505045913,0.371871306,0,Normal
0.423840462,-1.647279635,-1.180228804,0.187667662,-0.094662653,-1.307114758,1.312333893,-0.406761433,-6.778349047,-4.010061162,0.260030168,0.414372008,1.260469172,-0.660116187,1.829422915,-0.127325087,0.015904376,-0.859110576,-0.296826381,-0.648140555,0.983196074,-0.401078919,3.019961939,-0.458091845,-0.258724581,4.303814453,1.377796806,-0.548494774,-3.563045029,-0.649892968,0.804668299,-2.386365648,1.835876048,-1.117106713,0.978706706,-0.815961613,0.683898302,0.899859845,-0.025103486,-1.279863499,0,Normal
-0.828325917,-0.413906341,-1.841529738,2.346042303,0.436500909,0.448711192,-1.122965831,-1.30672934,-4.092122137,-1.280317021,-0.078779902,-0.250343566,-3.190275651,-0.219981162,-0.446613204,-0.337962009,1.809318302,-0.862880439,-1.742531577,-0.600381954,0.251387205,1.307554347,-0.915654115,1.469643942,0.397028518,6.271718302,-0.672288499,0.151985501,-4.817619752,2.523498602,0.876134416,-4.31878331,0.303864189,2.156064996,2.164451048,0.172282091,-0.624577179,0.531110442,-0.131916874,-0.875234005,1,Intrusion
0.4930197,-0.139379944,0.567655553,-0.634629231,2.300690493,1.447620865,0.263434261,0.846436206,-5.40582381,-3.900824276,0.527991016,-1.428644986,1.467028804,-0.685558461,-1.098518529,-1.22622618,2.178545871,-1.088759344,0.252944861,1.967016967,-0.252078693,0.471503431,0.464358683,-0.950320851,1.349041567,2.154858561,0.788925133,-0.257843242,-4.322563931,-1.990839077,0.498904928,-1.157140554,1.260456953,-1.109468338,3.027169692,0.040907013,-2.597742751,0.597916406,-0.83285997,-0.398725632,0,Normal
0.507250003,-0.862438889,-0.206493955,-0.705878702,-0.707399544,-1.246585522,-1.058666678,-1.281724327,-0.855573832,-2.307185029,-0.45397454,-0.302115264,1.556976932,-0.342644442,0.617239541,-0.110849547,-1.392090853,1.355924567,0.691073524,-0.259476107,0.455687145,0.331924702,-5.648718268,-1.568881773,-0.355851205,1.49534967,1.139314802,0.551413461,3.226119968,1.556066084,-2.954588284,-0.798454787,0.443558,-0.041435227,-1.069912263,-0.226369363,0.757603513,-1.717977108,0.487437995,0.486796132,0,Normal
0.53333922,-1.019560808,2.324258739,-0.091826411,0.336032552,-0.497191074,-0.621407568,-0.246566825,2.676947917,0.892937804,0.176362023,-1.053822707,0.961759226,-0.718472745,-0.644135286,0.075617437,-0.285048666,-2.104188142,-0.011626642,-0.860594456,0.640170364,1.618504332,-4.680566712,-0.147755779,-0.729851678,-1.107677745,0.210308201,-2.355296465,1.973369815,1.580760128,-0.21672804,-0.59467511,-0.641898499,-0.21427919,-0.517494912,0.416333854,-0.714447643,0.925986951,-0.628548811,-1.953506723,0,Normal
2.461072931,-0.698642055,1.192821813,0.37549096,-2.034426427,-0.460130086,-1.405689106,0.564940404,-0.559998084,0.124843816,-0.650785799,-0.707756898,-0.461859863,-1.569316048,-0.499944921,-0.510405318,0.694207983,0.829050242,2.585592391,0.414215598,-1.066276487,0.477354663,-4.159024633,-0.815187245,1.100872963,1.003328075,0.402555187,0.659315116,1.502444504,-0.494938743,-0.425691105,1.692176104,1.604266766,0.64634461,-1.381004019,-1.316170677,0.552011344,1.278265008,-0.926583522,-0.426797002,0,Normal
-2.496085954,-0.369771267,-0.611931817,0.62179825,-0.392250109,0.464203263,-0.279923619,-0.385265941,1.06753153,-2.54134547,-0.574406988,1.061898764,3.859648477,0.72169129,-2.104670053,-0.243096384,0.330759947,1.472961561,-0.220168411,0.137838143,0.023612514,-0.56211794,2.703992665,-0.497317077,-0.792984652,-0.677050188,-0.218381905,-0.73883819,1.771931868,3.110651304,-0.322492285,-4.787121784,-4.323879831,-1.101678257,-0.286660475,-0.113557532,-0.230426195,0.449674424,-0.443212397,2.121895154,0,Normal
4.761764948,-0.867675145,-0.143173672,1.146989046,-1.392800193,-1.151190966,1.155904257,0.39890418,-1.050225297,1.313297362,-1.323409476,-1.355390588,-3.674517951,-0.169988872,1.024444329,-2.927817932,1.299269089,-0.829945419,0.110122077,0.798869466,1.192663319,0.563639018,-1.854815586,0.302365335,0.205558303,3.343808937,1.142853742,-0.687610073,-0.268296572,-1.198341076,-0.48257416,2.816058146,0.966938758,-0.287295863,-3.303911029,0.395581251,-1.182730427,1.284455859,-0.712014354,-0.088229713,0,Normal
-0.799771538,0.947585914,-0.720769323,1.617107532,-0.519197137,-0.151022243,1.946273763,0.364626636,-2.533089622,-0.433130931,-0.772722477,-0.499314713,0.950084315,-0.887747928,-0.10346797,-0.770240274,-0.558929723,-0.29853096,-0.400899683,0.94812569,-1.356791234,1.292239834,-1.013963229,-0.048883635,0.414180589,-0.823416767,-0.802245821,-0.467735439,-4.489896413,-1.934462548,-1.268654641,-0.281860739,2.928501818,0.539514133,4.762933148,-1.469759956,-0.515973215,0.096077908,-0.036115364,-1.025388702,0,Normal
-0.623213182,-0.242568709,0.116195702,0.058991101,-1.857058682,-0.326508465,0.424228766,-0.759315585,-6.976694701,-3.053842752,-0.446846094,0.006128686,-0.784215602,-0.894911316,0.053398715,-0.543650542,-1.47501109,-0.708232835,-0.257420066,-0.661086058,0.170884495,1.597588362,1.400490237,-0.86373064,-0.590780163,4.776234744,1.664261146,1.992639102,-6.728556985,-1.19670602,1.208410553,-1.602041982,4.216391306,-0.010121292,2.944893154,-0.589703571,2.200361389,1.387310096,-0.976377174,-2.217269141,0,Normal
-4.479678708,0.320819819,1.269827523,-0.933462178,1.147333168,-0.823508778,-0.54459495,0.756624355,-1.780012415,-3.409528966,-2.321334956,1.354803862,-3.315981607,0.383351163,-0.413700342,1.263475719,-1.176588181,-0.643578704,-0.622544989,0.199719,-1.377416201,2.302912147,-1.245021083,0.119956832,-1.112537126,3.840332604,1.326074603,1.164924434,-3.50534644,0.942136336,-0.459662997,-0.398854092,1.147947239,-0.372662344,1.491301317,-2.061940033,1.104874414,0.796603993,0.471625459,0.574155611,1,Intrusion
1.481561066,1.526691217,-1.779958567,0.33798355,0.737296176,-0.199258938,2.010947663,-0.503275649,-1.003457659,-1.239096682,2.19450974,-2.059467387,-2.275022623,1.857674925,1.253599838,-2.024201611,-0.196635618,-0.542942318,-0.330853114,0.854324487,-0.868956828,2.09953109,-2.040571665,0.485886774,-2.283227044,2.299245546,-0.30096223,1.392087769,-1.581711485,-1.491533165,-1.404069974,2.735508671,1.538676882,0.285333541,-1.63521025,-0.184961959,1.500673241,-0.127059967,0.676300723,0.349345242,0,Normal
-2.028552123,-0.349073624,-1.965228633,-0.361454391,1.898222052,0.322956529,0.085344291,1.087168748,-1.514076272,-4.749375819,-0.03790482,0.452142806,-0.281981442,0.097880949,0.045125392,-0.139164895,1.056251889,0.307580729,0.833731177,-1.039305518,1.032382671,4.117004208,-2.163827359,1.801190827,0.576949251,1.805664568,-0.367524868,-0.106529529,-3.897863298,-1.303322581,1.590332877,1.224161164,1.258192532,-0.705991213,0.736452458,-0.30828588,0.884960796,-0.151166848,1.017262394,-0.746409054,0,Normal
2.335433722,-0.183426652,0.325474236,0.488360716,1.706411139,-1.453946204,0.320120019,0.147939465,0.256500757,-0.240415175,0.551662309,1.306505044,-1.641691085,1.027257956,0.52159138,-0.915723138,0.432242866,-1.043566312,0.511249407,0.109094111,0.634645443,1.484469066,-2.188703555,-0.510673723,-0.529168517,1.662761891,0.087365755,-0.285739393,-0.347514735,-0.427729196,0.582344806,1.384092464,-0.45494699,1.149521438,-1.889615535,-0.011218846,1.897258696,0.553950767,0.672928806,-2.02766662,0,Normal
-2.073067849,1.869935657,1.482227346,1.816067883,2.296189202,-0.484039167,-0.082224107,1.420274403,-4.259972461,-5.450559188,-0.900769324,0.56919245,1.714273432,-0.445914541,0.128557912,-1.008179527,1.031975378,1.729409652,0.904230214,0.261953641,-0.427749038,1.185670703,-0.443030991,-0.121979223,-0.242802094,4.618231004,1.878550513,0.020118117,1.335451219,1.600499065,-0.375363388,-0.893063027,3.541450066,-0.274854788,-3.322448581,-1.478512203,1.531643564,-0.383416451,-1.402660464,0.273266123,0,Normal
-3.658320841,-1.022683682,0.269986901,-1.298954573,-1.334719499,2.016708875,-1.729175701,1.282411856,0.919633625,0.679293395,0.485537488,-0.48117644,0.106240587,-0.65879141,1.553595153,-0.734166836,-1.837596279,1.761589173,-0.454439307,1.507255122,-2.562596297,4.43146087,0.223092834,0.941451426,-1.459996264,-1.111141157,0.050886653,-0.615972537,-4.931472409,0.128325175,2.607540756,-0.419205169,3.629563795,0.454221456,2.451516995,0.341970459,-0.212293852,0.596303191,0.860354491,0.1620873,0,Normal
2.789834799,0.451161257,-1.648723635,-1.146066661,0.643302691,0.428383432,1.157090538,0.11038912,-1.083105373,-0.518029304,-0.126492462,-1.002702663,-1.374531548,1.159634616,0.330674248,1.572559834,-0.442759909,-0.703235546,-0.585933177,0.033208722,-0.656466022,0.014056602,-2.698488578,0.735064942,-0.089803472,3.234711135,0.596796817,-0.314717404,2.263984175,0.676280822,-0.689625338,0.92214816,0.566637962,0.518002438,-3.590753159,-0.13284717,-0.911603142,1.665294225,0.475666241,0.638378275,0,Normal
-0.760358065,-0.99911644,0.636360208,-0.328619626,0.097653916,-0.562798273,-0.183169028,0.876605554,-0.425929228,-1.059655501,-0.776613249,-0.499142028,-0.366791226,0.860382577,-1.29390922,-1.060709176,2.673055436,0.023651278,-1.252013259,-2.566528803,1.587206185,1.078964566,-2.060401491,-1.015529319,-0.941007746,1.015007736,0.666957073,-2.161122511,-2.023271358,0.903856101,-0.419169968,-2.062940751,-1.39106188,0.284762655,2.318828379,0.902079899,1.227453689,-0.525080984,0.310250996,-0.580073562,1,Intrusion
0.267794463,1.020944833,0.528382778,-0.086302371,-0.052385645,-1.559126825,1.426577827,-0.181047149,-0.023753904,-1.812180209,-0.433721078,0.419020349,-0.105802219,2.079678695,-0.284200114,-1.187195644,0.392876602,0.949169399,0.285470981,-0.330304089,0.105352146,2.471933917,-4.318037948,0.842475568,1.572038441,0.824978431,0.339856535,1.086288291,-1.221856578,-0.131797933,-0.8443109,0.227043053,-0.075444387,1.544753033,0.67835104,-0.570106363,0.024213275,-0.009962484,-0.259617806,-0.932671927,0,Normal
-1.504638956,-1.301908367,0.723378368,-0.072381585,0.141673776,-0.02030274,0.312578663,-2.23105878,-2.114359725,-4.406942139,-1.944116285,-0.498076099,2.977779106,0.115083363,0.465880898,1.786343637,2.278070219,-0.395896806,0.218600837,-1.678451706,0.519058322,0.330803322,2.836867882,-0.829106859,-1.527394833,1.023506766,-1.291573766,-0.655824718,-1.93811452,0.74266508,0.07097186,-3.638476017,-2.909993251,-1.012865923,1.187469073,0.505817292,0.330734131,1.193980154,-0.994373132,1.315582076,0,Normal
-0.480123821,0.029855038,-1.417290205,0.007396087,1.209982349,-2.164457533,-0.05700895,-0.857040787,-0.223453624,1.827979804,0.014112455,-0.764236674,-0.05656624,-0.845132624,-0.070822287,-2.138432581,-0.263426393,0.121457287,-0.595696219,-0.889682591,-0.160956713,0.917631155,2.114327436,-2.335194957,0.155111502,-0.126611066,0.08162525,0.087651453,-2.311426752,0.298339094,-0.987180072,-0.990370419,1.75733301,-0.078761051,0.758322983,1.593208162,-1.77583121,0.68103739,-0.716150942,0.04891597,1,Intrusion
0.578910373,0.480197103,0.064021868,-1.312397057,0.378329464,0.138332395,-1.044352498,-0.172790926,-0.78206562,-1.094304969,-0.220184175,0.127398755,-0.196194507,-0.783163761,-0.172494882,-0.029136493,-0.689672188,-1.692765266,-1.452058587,0.143355726,-1.270253806,0.035567635,-3.83545483,-0.12295445,1.632382954,3.067511073,-1.769696802,0.387676914,3.190884773,2.569672785,-0.959422706,-1.187323685,0.504439764,0.359464081,-2.586839338,-0.658209437,0.110365309,1.00000642,-0.602771043,1.262418585,0,Normal
2.298615205,1.178260904,-0.103681395,0.026152306,-0.101683667,1.328003679,-0.099588608,0.189175907,-2.999116576,-0.966943073,0.19939932,-0.448352895,-1.98057501,1.316564229,0.796404933,0.665945062,-0.483851629,1.636625305,0.396989174,-0.2031121,-1.122253289,1.57373041,-0.333976847,-0.164059803,1.410087471,2.924906654,1.120332327,0.373820217,-2.818645077,-2.208981084,1.743570095,2.503149429,2.982274182,0.151580267,-1.228609649,-2.894467698,1.462533536,-0.440577998,-0.84034961,-0.431479112,0,Normal
-0.970064993,-2.199050902,0.479491915,0.317350191,0.210585325,0.826016617,-1.760718984,-0.556539895,0.723587177,-1.938267483,-0.291598757,2.312971492,3.310092888,-1.205238102,-0.141722252,0.633422912,-1.001403332,-0.738394051,-1.741154884,-1.852150232,-0.256135204,3.382847775,3.924934548,0.056652076,0.966930837,-0.221300598,0.044575169,-0.152067426,-1.643940159,0.895260209,-0.237623797,-1.642463277,-0.037101858,1.168415654,-2.676518772,1.077202696,0.727276661,0.958781432,0.937434767,-1.591493781,0,Normal
0.424687986,1.924637469,-0.177928725,1.008170141,0.184165486,-1.694109626,0.349338557,1.999165463,-1.78827864,-2.122406539,1.567038574,0.256954411,1.65868712,0.325168346,1.645977356,-1.645920521,-0.673826233,-1.620074369,-0.102595406,-2.279267046,-0.258399712,0.135854967,-1.559210086,-0.586363845,0.327664413,1.881757623,-0.05673332,1.331943782,2.783158666,0.845261407,0.261343467,0.153349497,2.241543116,0.345011659,-2.979084957,0.907726659,-0.30405271,0.285124393,0.893609824,-0.461742672,0,Normal
-1.520626604,1.777618464,0.892137864,-1.344607887,0.15327464,-0.09495536,-1.354348285,-0.134081277,0.215186098,-2.495303735,-0.718871574,-1.530519605,2.812446988,-1.384713464,0.295726196,-0.618717094,-0.704747851,0.314115584,-0.100173061,-0.03037261,-1.401610749,2.132658592,1.087690633,0.624775238,-0.451187908,-1.53429403,0.206632736,1.673741189,-2.283011143,-0.55494272,-0.317970966,-1.047372455,-0.900600509,-1.164251694,1.368785102,0.031913001,-0.609980041,-1.766929726,1.237685672,0.982847815,0,Normal
-0.229178752,0.199940008,-2.104188143,-2.07983782,0.134921672,1.486989451,0.730266762,0.636044951,-4.746960447,-4.038647778,0.523043472,0.475626468,-0.632627417,0.718751067,-0.375258409,1.350975592,1.61156556,-0.314513378,-0.412529305,1.315447852,0.753803269,0.901288677,2.658567944,0.745249585,-0.158483388,4.426264222,0.424672749,-0.820072336,-1.36039929,-1.324227246,-0.420283233,1.931724481,3.928977391,-1.178825375,-3.302882894,-1.0399009,1.11394172,0.189603856,0.135030641,-0.818873759,0,Normal
-1.62617409,-0.346525636,-0.021090937,-0.907375425,1.151188982,-0.735021722,-0.542043928,-0.28331541,-1.846555244,-1.716644024,-1.182832208,0.197139492,1.939229917,0.073090861,0.222636742,0.904415593,1.743689719,-0.720055054,-0.60688432,0.513443678,0.690511713,0.815777441,3.226527633,-0.784808589,0.085868909,0.083428336,-1.014205174,-0.042752396,-2.617490822,-0.254676944,-0.349964587,-1.56078713,0.94178619,0.072074654,1.168622994,1.223733394,0.898783701,-0.599787041,-1.505927573,0.184686298,0,Normal
-2.828299426,0.703006277,-0.974124845,0.445028459,0.236025939,0.684158608,-0.9536034,0.696347718,1.348143735,-1.707652635,-1.379949311,0.064871592,3.189673492,0.228309828,-1.285580303,0.833084181,0.281284921,-1.380964976,-0.921695223,-0.262039365,-2.188296765,1.206797685,3.657515982,0.851949405,-0.523496876,-0.272924845,0.950413317,0.136266528,0.294006995,3.056627049,-0.296434429,-4.105813848,-2.306018273,-0.950781868,-1.291194527,-0.81623948,-0.060859255,-0.099176421,0.687980048,-1.150892399,0,Normal
0.999241383,-1.141503694,-0.541496373,-0.923558023,-1.297940281,0.289772847,0.365701974,-1.018114753,-3.475225607,0.520615178,-0.061999189,1.166518952,-0.619693328,-1.416635443,1.001086662,0.351099083,0.301503916,1.536795261,1.021146629,-1.669594804,0.107795189,-0.04792068,2.57197416,0.041925283,0.397128308,1.38007158,0.387649257,-2.751036402,-3.958945596,-1.635148357,0.461353087,-0.155867627,2.619148833,-0.092509397,1.773594639,-2.201248736,0.226581462,1.039120771,-0.237627466,0.18534919,1,Intrusion
-1.353770893,0.013257556,-0.279809645,1.330366069,-0.105812612,0.310150232,-0.603858926,0.70689398,-3.509498365,-1.799968025,-0.858322401,-2.001832628,0.214790073,-0.732248339,-0.460928885,-0.158686596,-0.964399069,0.429318148,-0.38716789,-0.155760286,0.762585263,2.833552887,1.976859471,1.134475495,2.010769355,1.315357032,-1.25195968,-0.460707943,-6.080129466,-1.922223449,0.617896272,0.146799336,3.996046142,0.47768716,2.296524239,-1.644042752,-0.420910147,-1.014702616,0.052051298,-0.771716169,0,Normal
-5.105329617,1.11012226,-1.976825475,1.141244079,-0.511173966,-0.609238644,0.183778072,-0.608553936,5.943968645,0.066986862,1.666900114,1.325314086,2.91395361,-1.51343565,0.281171031,0.074502417,-0.106299768,-0.428286768,1.233987748,-1.628279664,0.322099744,4.631910933,2.839978602,0.870246504,-0.015852926,-4.783208679,-0.986645448,0.798003798,-1.933648072,1.428687244,0.166337801,-1.262638741,-1.491191065,0.729802743,0.275128511,-1.393581587,-0.363323335,0.039672249,0.991684285,-0.525101039,0,Normal
3.691063545,-0.286893396,-0.17494487,0.13183216,0.837007236,-1.068549577,0.4682415,0.233190388,-8.68955771,-3.128723874,-0.36605916,-0.541046323,-1.417707563,0.536625507,-0.549208552,0.438027492,-0.027484399,-0.128370901,-2.043978315,0.811897047,-0.700814983,0.988656948,3.21302159,0.912676437,-0.919914455,5.885332705,-0.152534392,0.14988737,-8.226180813,-3.473168409,-1.199006628,-0.380897822,2.906419471,0.511371067,1.851687899,0.105643266,-0.681615799,-0.424715251,-1.570242665,0.928415392,1,Intrusion
-3.079945804,0.923601429,0.205914663,-0.697244486,0.573490907,-0.906307365,-0.732753181,0.202078134,-2.259408491,-2.10902087,0.342005156,-0.218232099,-4.046142643,0.188347887,-2.016687144,-0.472060685,0.683073015,-0.482971911,0.869421234,0.153289496,0.217135406,0.878333887,-5.700408423,0.140487495,-0.031212205,5.947254798,-1.451207936,-0.673811194,-2.996022895,4.363208081,-0.661599572,-5.554423625,-2.305091403,-0.614126264,4.345774927,-0.576278426,0.201787546,1.351263683,0.216444825,-0.005628751,1,Intrusion
1.263032183,-1.680655215,-1.721368106,2.263945607,0.029953193,-0.300961662,-0.149698115,-1.05723498,-1.367975932,-1.195424044,-1.54849904,-0.376829431,-0.581331828,-0.544859295,-0.997205736,-0.765576772,-2.128286783,-0.763459024,-1.564931978,-0.452378467,-0.379863307,0.681541923,-1.152600173,-1.019538013,1.575962334,2.899772692,1.091015356,-0.092104157,1.246798725,0.649992418,0.395767916,0.583486351,1.425444742,0.618799655,-3.228871881,-0.546900442,1.288796192,1.063368073,1.05653954,-0.50511617,0,Normal
1.98267037,-0.125122279,-0.288280255,-0.705449335,-0.376531329,-0.103250437,0.913037013,-1.231474475,-4.195503386,-2.753780504,1.080043713,-0.003769065,-2.264808595,-0.755995623,1.686862247,-0.513092455,0.488103247,-0.10076332,-0.538022973,-0.622567866,1.302333298,0.910640318,-0.332490201,-0.098177754,0.902313344,5.152237096,-0.412710011,0.23306811,-1.393561885,-1.123930783,0.467370265,1.856172674,2.537345596,-1.26014204,-2.86412277,-0.970226789,0.059487898,0.40020612,-0.538884737,-0.645877472,0,Normal
-2.18097086,0.69822061,-0.443733987,0.550484074,-0.111857108,-0.404984678,-1.56341231,2.315080028,-3.468159257,-1.242226737,-0.235432027,-2.316804092,0.453259032,-1.780037315,-1.030303055,-0.638660998,-0.106039045,0.860853889,1.620786687,-0.590172102,-0.365377986,-1.249443447,-0.771514841,-0.565118923,-0.358188966,2.20736073,-0.313248015,0.639518192,-1.572857327,1.94561369,-1.707694332,-4.273928425,0.530354303,1.26959605,3.928947435,1.15314203,-0.89452446,-0.633421257,-0.768254542,-1.887906925,1,Intrusion
-0.014406185,1.820794056,-0.298640545,-3.97E-06,0.651352653,-0.38352412,1.063332252,0.516488556,-5.710107582,-4.66987259,0.128871544,-0.009349748,-1.697801869,1.005918431,-1.78463888,-0.215849648,1.497947542,1.186943369,-0.20093917,-0.105146094,0.621685634,0.969361942,2.312473422,-0.335302261,-2.078137194,6.389997788,-0.152993516,1.142288357,-2.147046332,-0.59412923,0.660008841,0.854701466,3.154412423,0.788065894,-3.231868829,-1.108403233,1.328389899,-0.141318632,-1.153459271,0.794841253,0,Normal
1.724782386,-0.975626811,0.298796029,0.777150667,0.316118025,-0.432563598,0.00399073,0.371500296,-4.290760423,-1.438576157,-1.510477918,-0.680848346,-3.503848988,-1.445759767,1.209668,-1.827392905,0.187969583,1.149111043,1.075441577,-0.814593363,-1.160036742,0.622938336,0.191922887,1.480796635,-1.20983416,6.167880936,-0.084351254,-0.421262014,-2.207232477,0.075559519,0.14820712,0.331067544,2.232744113,0.710789737,-2.228281221,1.028026353,-0.643338807,1.477168444,-0.72251604,-0.188151976,0,Normal
0.113475845,0.807420641,0.21225194,1.259037688,0.777202748,-1.145601815,2.559353864,-0.637750168,-1.872219713,-2.330572372,0.703613658,-1.067547404,2.121881237,0.384044283,-0.989785332,1.560085825,0.370123932,0.080717452,0.017252073,0.982975011,-0.108411647,-0.637107955,-3.296194489,0.355515838,-0.358811887,1.706789842,-0.399020465,-0.402520298,4.213522624,1.391343853,0.966538373,-0.283430359,2.182363826,0.007214168,-2.421945511,-1.548390145,-1.31196899,-0.464311153,0.89328798,1.398513227,0,Normal
2.289435307,-1.461568124,1.145953341,-0.095733212,1.290657889,0.080841482,-1.074852017,2.020730132,-2.640672932,-1.688015528,-0.567743352,-1.33531476,-1.801141792,-0.019938618,-0.240601713,1.318707852,1.174718929,-0.50460159,1.323812575,-0.047696302,-0.859230194,1.023429047,-1.426003203,0.452334236,0.229328494,3.099475707,0.100787991,-0.430530081,-0.726861232,-1.804423753,1.253746583,2.935491829,2.526668501,0.274327711,-2.402733387,-2.13923702,0.976643438,-0.136402716,1.336919964,-0.548758688,0,Normal
-0.788184229,0.150668335,1.289988454,0.022041813,0.773591142,0.229416216,-1.368196426,-0.822617743,-1.080414469,-0.930175038,0.065870679,-1.554082981,2.584058128,-0.7680856,-1.039973163,-0.011508035,-0.489984511,-1.326079527,-0.690686251,-0.671014715,-0.511662591,0.735023916,1.767457549,0.75382288,1.761317954,-0.732266974,-1.062283207,-0.171751032,-1.327955245,-0.100196471,1.062107033,-1.364013268,1.05727932,2.534372706,0.843612488,0.682444118,0.039823327,0.8427046,0.9004949,-0.124048209,0,Normal
-0.79100848,-0.504065643,-0.305726618,-0.013599662,0.43938191,-0.899856735,-1.550865881,0.916083266,0.242619004,-0.82642699,-0.660252575,1.422669702,3.250418649,0.155929198,-0.029736759,-0.319893553,0.360005184,0.796714115,-1.271285967,-1.403834721,-0.724905194,1.752344959,4.376067035,1.0845145,0.745566905,-1.074938933,-0.025881677,1.144947943,-0.729563581,0.144944271,0.415412163,-0.755138217,1.135743248,1.103739536,-2.108744715,0.575226892,0.03127043,0.117234902,-2.507455763,0.182601009,0,Normal
1.732750139,-0.045264507,1.504196683,0.148871473,-1.061989041,1.429227637,-1.220910551,1.669901074,-0.707282915,-0.823759234,0.280312725,-1.131102816,0.744103582,0.392492344,0.807520461,0.025113846,0.882329793,1.281656981,1.197363882,-0.935843109,3.067841671,0.654170833,-4.346397691,-0.772284962,-1.241759577,-0.311692394,-1.732693546,-0.423370202,0.996364636,-1.417121683,0.267559732,2.030372202,1.759269653,0.421822709,-0.02872396,-1.094362242,0.278946139,-0.768512353,-1.161829431,0.189963146,0,Normal
5.6070797,0.355594959,0.449232802,3.015587041,-1.556325342,0.804899319,0.667738742,-0.735430848,-7.559589666,-3.38481598,-2.509472384,-1.268462642,-3.510604433,-0.861312406,2.241409058,0.513095418,-1.512753589,0.346100559,0.396361342,-1.763475148,0.171982643,0.602201385,0.459624571,-1.124975178,-0.455776893,4.52969769,0.759111271,-0.649957954,-9.279050531,-6.288090312,-0.831904166,2.378561428,-0.152634288,-1.418247926,3.996764141,0.821612349,0.364467999,0.227062758,1.282407138,0.588491576,1,Intrusion
-3.194979499,1.526044352,-1.049233596,-0.953794681,1.18791222,-0.972191839,-0.45991723,-0.800216872,-4.045005482,0.133503871,-0.181655779,0.44365577,-1.115775934,-0.521177644,0.481477412,1.647001175,-0.313740156,-0.006260863,-0.449787293,-0.425202485,-1.467631502,0.185952739,2.370870475,-0.995166171,-0.776384375,3.385672977,-0.959075011,0.35878664,-3.316628703,1.685035011,-0.372674018,-2.778449777,4.621892275,0.031357583,1.953821413,-0.184612994,0.699572226,-0.551076461,1.242888234,0.438607343,0,Normal
-3.012000121,0.06683576,-0.862847387,2.639793555,-0.694856034,0.659428346,-1.287453574,-0.32926746,2.533097182,0.278077373,1.441125619,1.376162023,-0.708207282,0.143260352,0.299001863,0.793305691,-1.02297772,-0.659807423,0.369249879,1.018919455,-1.492361964,0.054749117,-3.425725362,1.888146409,-1.033669376,-0.444470014,0.385492979,-0.112213491,0.728691692,3.125484486,1.131687576,-3.215904081,-3.216068881,0.643868929,2.808420687,0.711639712,2.052043487,0.753970649,-1.484869878,0.348194499,1,Intrusion
0.161012806,0.774865837,0.538132468,-0.192034623,-1.418708828,0.180108909,-1.180891035,-0.215483532,3.130088222,0.261066461,-1.445632403,1.181779345,1.241306973,0.278294052,-1.049058628,-0.298285023,-0.879919358,-0.831072849,-0.898895848,0.690286387,0.689320311,2.507735785,-4.094600356,0.217120004,-0.846491132,-2.253544545,0.09588132,1.545031215,0.778713079,0.212326103,1.253743424,0.681089727,-0.584509354,-0.360962577,-0.068474017,0.096682004,-0.462484235,-1.38388819,-1.006525905,-1.351964554,0,Normal
2.479599765,0.270175434,-1.449929359,-1.392706352,0.68105442,0.540517321,1.343746426,-1.483456911,-12.90581739,-3.27421675,0.916935088,0.455835418,-1.630004002,0.320126611,0.044912766,0.59307155,0.834225828,1.630914971,-1.011048147,1.765484961,-0.887677801,-0.132300664,1.782801998,-0.515176844,-1.965090316,7.736224631,0.012148599,-3.71048169,-9.083702476,-3.535616751,1.063433051,-0.946526031,7.820166843,-1.27117306,4.334636135,-0.257564833,-1.780192925,0.350925634,0.175500668,0.194908765,0,Normal
1.110929013,-0.540520501,2.268417436,-1.066343281,-0.547984535,-1.603124768,0.059042618,0.380521198,-2.471116074,-2.705454491,-1.314313122,1.155152104,-3.126671136,2.27893987,0.289671564,-0.520356684,-1.534936971,0.567346856,-1.897854571,0.169113214,0.049636464,2.841103796,0.943575458,-0.999077706,0.44369107,4.237233919,-0.24972215,-2.075549102,-3.905204888,-1.828110853,-1.26564298,2.538591596,1.446593461,-0.154941648,-2.415191929,0.913702624,0.658047166,1.183662159,-1.206510838,-2.794774645,0,Normal
1.686897326,0.376779691,1.538811431,-0.637240774,-0.399387595,1.096045341,-0.09704198,0.990369848,3.118698972,1.164064681,1.487135515,-0.016964568,-1.977511885,-0.681125915,0.385802446,-0.139034084,-0.202968821,-1.438039975,-1.194695459,1.694558574,0.506731486,3.174696753,-4.649839254,-0.20454906,-0.301831027,-0.473451946,-0.386293744,0.055275626,-1.319492781,-0.302854908,-0.319690482,1.474225264,-1.473540059,-1.753094449,-0.080796229,0.873751396,-0.288531441,1.085636596,-0.652452061,0.809056123,0,Normal
-1.189506687,0.113916027,-0.806045514,0.163328175,-0.919589328,0.305904271,-0.893313589,-1.055750897,0.752426671,-0.242654428,-0.500337015,-0.340858553,2.829511762,0.651661671,0.503946835,-1.388317131,-0.18441711,1.311131975,0.545817762,0.446459133,0.534146284,0.495088164,0.218822749,0.282789813,-1.207102181,-0.351344379,-0.344582159,-0.730214979,1.77442103,2.595749548,-0.784086136,-2.90783863,-0.135316081,-1.329283827,-0.992320047,-1.099453265,0.464779373,-1.620200079,-0.792444017,-1.774019326,0,Normal
3.762917067,-1.847720337,-0.237668771,-1.20170639,-0.288007489,0.453948935,1.214374044,-0.198686736,0.136136196,0.699248624,-0.593875274,0.286306185,-1.929667556,0.857946767,-0.160510283,0.563756877,0.275804353,1.117943017,-0.246688038,0.093843449,-0.903381397,-0.388538915,-4.312225328,-1.757835948,-1.185149673,2.757528585,1.880827347,0.107547519,3.402464833,1.006975415,-0.748980865,1.077641232,-0.409092969,0.48005847,-3.689675415,-1.545494706,0.105485853,-1.116308053,0.79528958,-1.383535272,0,Normal
1.991099851,0.68713633,-1.537312494,0.294240106,1.109418512,0.39795479,0.280607617,1.023394664,-1.090450986,-0.298499472,1.919908325,1.141202188,-2.357623562,-1.702075442,0.006699221,0.218719791,0.748675818,0.25111027,-0.103922055,-0.8575975,0.799420198,2.617805782,0.393469611,0.352884515,0.974303159,2.083315157,0.383954478,0.769770679,-3.534999646,-1.999785337,0.049047716,2.500323907,1.674223295,-0.40760933,-1.488858628,0.257745529,1.160798982,1.559165644,-0.079306176,-0.571989664,0,Normal
-2.464004206,2.049508277,0.973706996,-1.372050055,0.329323772,-1.240106562,0.589427529,1.353760572,-0.237254411,-0.118217058,0.740105638,-0.458600478,0.941342461,-1.039361637,0.907531037,1.11402494,-1.955821641,1.285684069,0.185051574,0.993869808,1.53797769,2.43215164,0.773823483,-0.688704478,-0.378134687,-0.430090361,1.659164124,2.09697986,-3.008152104,0.391361037,0.790271338,-1.148564143,2.369561397,0.242954913,1.656590321,0.365421018,0.791797018,-0.055472071,0.688992237,1.296909023,0,Normal
0.203045474,1.063905536,-0.510281069,0.48228877,0.181278569,-1.471804509,-2.119058048,-0.138958377,-1.766801845,-2.132627025,-0.017724054,0.304766325,-0.201056661,-1.165594853,-1.019347142,-0.135067695,-0.608399928,-0.782686091,1.022531565,-1.647900882,0.137400165,2.162005384,1.402831711,1.265576964,0.671505759,1.299918214,0.299248963,0.615657481,-3.968669315,-1.556190516,0.433208264,0.433736228,0.454578747,0.274112386,0.441960774,0.875180382,-0.510642502,0.071315502,-1.423098641,0.208929221,1,Intrusion
-2.586801403,-1.758160785,0.706889959,0.366358692,-1.958212407,2.550246773,1.244953337,1.053683279,-0.432407396,-0.54552492,-0.344735543,-1.492196833,1.016221827,1.934731395,0.190638898,-1.280250882,0.443650288,0.350064705,2.794501711,-0.087700658,0.824103838,2.048601886,1.10231054,1.678457641,0.064211118,1.070327958,0.887550096,-2.338297628,-1.744345641,2.124186824,0.175781907,-2.700947878,1.556210377,0.367625324,0.221664471,0.575028236,-1.079857779,-0.448092413,-1.532899839,0.599586095,0,Normal
1.956360585,1.109015054,0.656038235,0.335926345,1.361053518,-0.831872269,0.840544715,-0.981143017,-1.875486321,-1.641898553,1.288594873,1.646483779,-0.532584992,0.716505868,1.203333448,1.756551889,-0.139022837,-1.6595505,1.02691759,-0.32882428,-0.078913068,-0.220150647,-1.676418227,-0.576545114,-2.412164728,3.057589176,0.975912318,0.667802923,2.335402841,0.222277615,0.032457003,1.201945908,1.268790393,-0.8573256,-3.600671589,1.270389934,0.820134585,0.936095636,0.37807605,0.091749725,0,Normal
2.74220978,-1.187980723,-0.592601688,-0.459405373,-0.12264981,0.645440678,-0.873529684,-1.577933631,-1.822444548,0.063886032,-0.023587479,-2.011100837,-3.952841334,0.319127995,-1.696710055,-1.168230621,0.782327709,0.784571252,0.949800046,-0.156710694,0.419778044,2.053421526,-0.958008241,-0.347772967,-0.296356919,3.109829446,-0.696183183,-1.699079365,-4.238017111,-2.167823533,-0.183735185,2.424741417,1.186085782,-0.381452543,-0.337238895,-1.318660571,0.34716765,-1.149620747,-1.257381268,-0.040864759,0,Normal
-0.942181211,0.680808479,0.493373811,-0.737738102,0.443887992,1.930967041,-0.396393017,-0.328041102,-4.470743148,-2.929432843,0.304790071,0.948730477,1.04861793,0.233157966,0.466520567,-0.797791298,-0.53334762,0.003933878,2.312536251,-1.534863591,0.256851006,0.754674485,2.906465592,0.200877869,-2.14445819,2.865501446,-0.323227968,0.535019323,-3.656845472,-0.160445516,-0.764869231,-2.108812008,1.798510732,1.170985183,1.017663328,0.362610836,-1.041833191,-0.792669918,1.840034526,-1.993731983,0,Normal
1.465664749,0.419370414,0.829498579,1.312523632,-0.831407894,-0.2880827,-0.507862657,0.134942836,-2.381586193,-2.067562857,-0.806840802,-1.187141789,-1.684522762,0.961984626,-2.815182832,-0.588119713,0.793620166,-1.618742711,0.851302525,-0.534704145,-0.598822945,0.317982559,-1.557331056,-0.176099219,1.825080631,4.66068042,-2.516990407,0.148748398,1.224623737,0.937307112,1.8522466,0.398951846,0.980515044,2.158841287,-3.579418591,0.167808022,1.672044771,0.773489286,2.159143926,-0.092594087,0,Normal
1.43408881,-0.237170378,-0.730176363,0.398623621,2.252862315,-0.000156108,0.808404549,0.610248816,-1.227513669,-0.818664517,0.648743724,-2.170331745,-2.861212638,0.356950517,-0.179742551,0.747361347,-1.41457885,-1.079471366,-1.491369109,-0.541678265,0.1911784,2.438783615,-1.993539205,-0.33857267,-1.093200381,3.047543641,-0.419121749,-1.665053234,-2.807707526,-0.838535034,1.096131092,1.507203303,1.112943377,-0.054522058,-0.866883545,-0.314163497,-2.132446097,0.112676858,0.323317464,-0.772203836,0,Normal
-3.524337069,0.128594682,0.954140232,-1.654435578,0.614242365,1.915163108,1.467772436,-0.846804519,0.07111438,-1.755735982,0.650069428,-0.209235317,1.53376141,-2.800681013,0.506189599,-0.772060758,-0.285368255,0.794465613,1.207738377,0.853038366,-0.349465003,0.523563212,-0.004602079,-0.769451642,-0.339594363,-0.642473784,-1.933151742,-1.207929407,-1.082545348,1.422357047,-0.448052148,-2.749904728,-1.01076527,-1.342228834,2.771868626,1.290421186,2.313375706,-0.740908319,1.201753928,-0.21112317,0,Normal
-1.095137263,0.826876029,0.079560688,1.756952005,1.150606622,0.532888469,-0.732591178,-0.786044478,-1.223111661,-0.932345546,0.249720063,-0.163170285,1.669242033,0.496484601,0.387704988,-1.278407118,-0.630120171,0.854299816,-1.952620657,0.122060495,-0.372264722,1.616939907,0.866606,0.505632652,-0.462661921,-0.429641358,0.110439009,-0.99443799,-2.488129421,-0.567758707,1.362409032,-0.627761521,1.98373143,-0.156867889,1.391935775,-1.477686694,-0.021744636,1.095546649,-1.482131257,-0.104224941,0,Normal
2.803162679,-1.125282395,0.072161538,0.594916195,0.056741513,1.069466236,-0.183972628,-0.659214906,-2.107406657,-1.207688484,-0.78464382,1.239223506,-3.980934369,0.6166865,0.285392537,-0.094483344,0.202899568,1.656811233,0.761193536,0.07304639,-0.445506915,1.842406544,-0.528662895,1.048035786,1.792446163,3.686555656,0.551233798,-2.352089915,-3.288155308,-2.481481167,-0.869840371,3.343258497,1.000866742,1.417860343,-1.825399595,0.329070543,-0.518808432,-0.18488252,0.564385302,-0.400703458,0,Normal
0.285461954,0.937880682,0.374326756,-0.760225558,-0.545966255,-1.188655987,0.686951959,-0.268109501,-2.853759635,-3.573916132,-0.06749499,1.022544651,-0.739414199,-1.871918663,1.957736619,0.326720062,-0.553806953,0.175419306,1.399551065,1.492505863,-0.464554857,0.616050482,-3.617889724,0.444604742,-1.065195963,5.130821767,0.539818509,-0.732471175,1.820974107,1.977271562,-0.533086829,-0.866528859,0.927386751,0.011741786,-2.823928473,-0.404189505,-0.802601634,-1.030845438,-0.234326666,1.207841394,0,Normal
-1.257145001,-0.317892802,0.180294257,0.023583973,-0.038303786,-0.067730648,1.19426287,-0.533465412,-3.106472094,-2.04404451,0.232618583,-0.344546272,0.32368063,-0.88601188,0.820716358,-1.125740038,-0.913607422,-0.25292158,0.013943013,0.264207328,1.516401384,3.780856205,1.309768373,1.455584621,-0.544365074,2.217600891,-1.996172474,-2.639144971,-6.239606949,-0.627382771,2.785452858,-1.266247983,3.094826074,-0.79721002,1.744372686,-0.224971367,0.569456979,0.77037182,-0.293547068,-0.8028648,0,Normal
1.705859056,0.170652363,-1.174175562,-0.596729668,0.982974859,0.913138198,1.273385153,1.224479133,-0.708037623,-1.4450993,-0.035443604,-0.950459998,-1.457959107,0.484339789,-0.066136614,-2.397416174,0.180079074,0.201362786,-0.119413449,1.723925403,1.071198761,2.003076977,-1.753171046,0.51509595,0.573006003,1.976331511,0.464787825,0.531927904,-1.58002253,-1.065263746,0.641033248,1.607896124,0.140085217,-0.803135648,-1.320747325,0.848498115,-1.532611374,-1.471791213,-0.699273595,0.811650305,0,Normal
3.89019553,0.726717947,0.369400357,-0.540071713,0.314982332,-0.92469806,-0.318195701,0.942880113,-1.015718841,1.01500873,0.688216705,-0.095606001,-1.61964075,0.418465417,-0.124444224,1.207257467,-0.121290092,-1.442326845,0.075561169,0.333710759,-1.559455506,-0.172804347,-2.079068277,1.687640765,0.142777102,1.338245549,-0.566004937,-0.715115421,1.513907132,-1.862429009,-1.640080131,3.738726182,2.571588802,0.999358855,-3.050400449,-2.280473856,2.063757576,1.932433383,-0.814766078,1.206958616,0,Normal
0.297434593,-0.956639103,-1.131651205,0.452751003,1.864593941,-0.658458047,0.041494607,0.995231477,-4.212456545,0.798969394,0.049220209,1.617115337,0.060070674,-0.484541071,-0.401994623,-0.783854513,-0.203827687,0.943617768,0.95564338,-1.211678592,-0.638716329,0.04196476,2.353508837,-0.632077284,0.803582756,2.719130178,0.214470381,0.698662849,-3.064159401,0.430970303,0.634932783,-2.143905519,4.008072008,0.883293141,0.997660566,0.787941552,-0.721604219,0.083453817,1.722917461,0.353738037,1,Intrusion
-1.981864349,-0.383250369,1.327878438,-0.638947777,-0.961127143,2.18687105,0.8492848,0.82650016,0.367756503,-0.20296836,-0.466647081,0.19788452,2.275889627,-0.068608193,-0.748011969,-0.360171043,-0.102125907,-0.072322767,0.691262627,-1.318985524,-2.253052459,1.604482788,2.856365979,1.273240528,1.278499335,-1.023231076,-2.075894276,0.029705621,-1.279040111,0.762270899,-0.144490809,-1.470042124,1.273092736,0.959667303,-0.150645714,1.019009217,0.362734693,1.876737211,0.464501685,0.10897236,0,Normal
0.254013747,-0.077541188,-0.425833089,-0.986253999,-0.646067302,1.219569906,0.013404841,0.250877598,-1.845074253,0.037377617,-1.43390343,0.247031353,-1.452618,-0.858919998,-1.776192818,0.325970899,-0.627632813,0.763727275,1.011719964,-0.075787397,0.153650491,1.904808955,-0.077641579,0.671791676,0.605844691,2.86741847,0.189374985,0.896429628,-3.952756976,0.84895049,0.08544431,-2.082569044,0.733486193,1.747717627,1.14826861,-0.288176444,0.247337421,0.764396228,-1.666215961,-0.330096758,1,Intrusion
1.047000937,0.838304103,0.389670977,0.816666575,0.727531148,-1.061229143,1.580272057,-0.168432412,-1.852739185,-0.974842823,-1.026394143,-0.337338059,1.186909227,-0.100047805,0.991690616,-0.140863579,-0.670393434,-1.143704715,-0.261372598,0.55947149,-1.47887848,0.788830619,-3.227610583,-0.392338951,-0.988064417,0.438567964,0.21469668,-0.592798226,0.551857379,-0.966418586,-0.075458043,1.339165848,3.342895279,0.302511825,-0.225049714,0.15122669,0.286484921,0.077999084,-0.230189259,-0.970809297,0,Normal
1.184495894,-0.676063083,1.668400837,-0.175695632,-0.665663114,-0.389303921,-1.761684595,2.249245506,-2.853067699,0.119491279,-1.569290843,0.491984288,-1.000113686,-0.019681098,-0.369923492,0.49910255,-0.001426992,-0.906887093,2.719216819,0.229510961,-1.543105452,-0.985619403,-2.335835258,0.153554351,0.603008056,2.584740002,-0.091388246,-3.194763687,-0.983093122,0.779085413,0.980756022,-2.032827451,0.463870262,-0.890304882,2.026770224,-0.622349597,-0.383139107,1.298917496,0.677645836,0.995215995,1,Intrusion
-2.551160535,-0.495861326,-0.630017474,0.065822726,0.30739409,0.198410698,0.932602016,-1.063666079,-4.014477961,-2.418150342,0.195732098,1.247945083,0.194623483,0.243485669,-0.45787872,-0.373320078,0.813896549,0.094952846,-0.014204886,-0.756655278,0.276478164,-0.180340811,-1.511889917,0.065923149,0.900957332,2.454329272,-0.374218344,-0.719657121,-2.062766523,0.788887011,-1.447042949,-2.36707237,2.284236093,0.878150647,3.396105806,-1.222036229,1.184493047,-0.491498517,-0.099964344,-0.547028564,1,Intrusion
3.019047076,-0.578638461,-0.455051499,-0.313706038,-1.121120254,-0.746957161,0.980787237,0.376047445,-1.998864662,-0.253546919,-1.158724451,0.031496435,-2.761766551,0.631070315,0.697878015,-1.147867809,0.923113682,0.247836652,1.055101158,-0.690964861,0.993734311,1.203228031,-1.061823043,-0.587174943,-1.167594888,3.19260063,-1.466091666,-0.185957917,-2.103246457,-1.418800961,1.163070637,1.91542889,1.190175354,-0.943337937,-1.545371985,0.800793978,-1.368924746,0.258224501,-0.372980163,-1.029536156,0,Normal
0.168537276,-0.223287274,-0.469074952,-1.090704762,-0.230994706,0.568364988,-0.920135424,3.0666985,-0.730964439,-1.827905504,0.497602635,0.161337522,1.353533462,0.238733341,-2.394644866,0.370933746,-1.528977681,1.375750851,-0.99446359,1.236976528,0.638126721,1.7388607,-3.300308499,3.402737652,-0.12264282,0.02437292,0.127284333,-0.318187154,-0.489670287,-0.525830605,-1.082989809,0.34234525,1.159729888,-0.999831831,0.629981084,-0.813906376,0.187304364,1.122523143,0.95203264,-0.886371597,0,Normal
0.786877571,-0.023996147,-0.686474805,1.204836277,-0.224181233,-0.912192552,0.381487635,-1.123957961,-5.052211092,-4.516738284,-0.371229288,0.352618822,-4.992347722,0.578229906,0.889973724,-0.292113833,1.310766291,-0.226274812,-1.555155517,1.129602719,0.982289129,3.737538279,4.650740849,0.875376507,0.496672934,7.178496812,-0.578341157,-0.836728317,-7.44110191,-2.872825432,-0.302725847,3.058279518,2.25428172,-0.694630669,-3.209407077,-1.535909433,-0.289119251,0.374481264,-0.796378709,-1.725339516,0,Normal
0.900940809,-0.886942473,1.419899929,-0.227992513,-1.430327313,-0.18322765,-0.728417251,0.555388104,-4.606396275,-3.162047933,-0.133995271,-0.116439023,-2.611863767,-0.522082668,-1.230482587,-0.948556723,-1.174801564,1.425465151,1.513323385,-0.354075442,-0.809637517,2.568697162,2.45116223,0.909400853,1.116263879,4.353559873,-1.542630274,0.393908497,-5.192155466,-3.181141743,-1.292001319,3.266123613,3.898989453,0.771632042,-1.692548288,-1.493391239,-1.942500193,-0.748056956,-1.409786984,-1.55072051,0,Normal
1.555611234,0.438681055,0.296409659,-0.692954698,0.902885378,-1.891852494,-0.845104747,1.838811662,-1.005445116,-1.516811001,-0.641680788,-0.480146606,-2.456266825,0.559489125,0.461383335,-0.485611957,-0.031018352,0.397262062,-0.007746683,1.261062865,1.7964145,2.156601665,-2.287706571,0.406506723,-1.039593968,3.286829919,-0.400462529,0.016409437,-2.081006951,-0.229390193,1.686327292,0.698748496,-0.382166466,1.141089181,-1.134307475,0.283168545,0.075140929,0.509482649,-2.231040263,0.500846087,0,Normal
-1.642505349,0.717062684,1.590451315,-1.568195614,-0.665896427,0.362098974,-1.372453249,0.444989827,-2.844840687,-1.742261793,0.651140822,-0.443545332,1.260918817,-1.866566253,0.574848131,-1.736719739,-1.292683378,-0.010916809,0.254370581,0.77726726,0.202229241,0.075560543,2.919449631,-0.379284093,2.506984942,1.091603386,0.249665716,0.285575101,-2.14909077,-0.086698887,0.048203709,-1.465567466,1.746629149,-1.85628553,1.044897914,-1.208367227,-1.204042712,-0.209399694,-0.357978298,1.20564971,0,Normal
-3.964807092,-0.069569617,-1.079105385,-0.599496592,0.130771006,0.847105898,-0.434096845,-0.917732785,0.963182084,-1.624512657,-1.716200117,-0.324284658,1.780627906,0.801462042,-0.655369627,-1.025879744,-0.824895259,1.048742701,-3.015811571,-0.936031796,0.433921296,2.311693425,-1.477697409,0.015364381,0.517313643,-1.671248058,-0.759638194,0.059532738,-2.646990445,0.997695923,1.584330147,-2.490373411,-0.598395515,-1.49299679,4.027680835,-0.317057541,2.048900919,0.084820862,0.918021653,-1.102867999,1,Intrusion
-1.181683851,-0.094919429,1.460119141,0.637074112,-1.803209897,-0.395230603,-0.524214384,0.652747489,-2.140300479,-1.11139869,-0.827182371,0.12897934,1.288904357,-0.156363369,0.334379792,-2.993638823,-0.101389913,1.354491755,0.320598854,-0.015389122,-1.201602367,1.183873298,0.298042305,-0.148157526,-0.683200374,0.131055592,-1.06930645,-1.06225059,-2.969161211,-0.57907849,0.552359018,-1.050024648,2.124511389,0.227547369,2.45013691,0.493319612,-0.686156468,-1.55862958,-0.11007421,0.3983798,0,Normal
0.052094913,-0.066648382,-1.609913775,0.680404333,0.166710521,1.32134495,0.86412546,0.900182519,4.756911266,2.450227996,0.951287874,-1.594996162,-2.109817939,1.814532103,0.713787548,-0.206599311,-0.39111957,-0.971266102,0.130549539,-1.658529877,0.534141484,2.666085028,-2.300729451,0.353069599,0.197237432,-2.27543499,1.461309785,-0.121476973,-2.298854417,0.024055824,-0.426761211,0.440224208,-3.152606312,-0.586352909,1.676762865,0.119144907,0.90492877,0.670961466,-0.029310127,0.503656738,1,Intrusion
-2.69979855,0.704263006,0.183045056,-0.226372284,-0.672610665,-0.821700816,-0.58880097,1.489804611,1.166788951,0.516342366,0.068411678,-1.781065211,1.13348353,-0.124488611,3.075236422,-0.099034056,-1.542837531,-0.138117403,0.877835217,-0.685221624,0.100362909,4.205242365,1.614149176,2.020855346,-0.519346207,-0.591856684,-1.4339991,-0.750661507,-3.289149061,1.022739367,-0.216645807,-1.046153257,2.956466965,-1.96331615,-0.106486039,0.796813234,1.615245486,-1.100676662,-0.8049525,-1.214570001,0,Normal
0.441600332,-0.651296521,0.320292522,-1.563295925,2.815035345,-0.447500264,-1.017804139,-1.575291543,-5.501509826,-3.880936774,1.018511063,-2.68674764,1.092809318,-1.096277077,-0.318914041,-0.33417531,-0.96321571,0.526966178,-0.861263048,0.200187802,1.351433514,2.39520733,2.847778064,0.029855701,0.371748389,2.467538514,-0.655573638,-1.17687018,-6.72148767,-2.878430919,-0.278454489,-0.166134506,2.680465185,0.400390419,1.949225922,1.002866275,-1.496887118,-0.471399361,0.40656612,0.746467438,0,Normal
-5.339254028,-0.997793371,0.915731228,0.324449989,-0.271037236,1.113336829,-0.370817734,-0.423016587,2.687021277,-0.655320431,0.972155661,-0.839412948,0.920711844,0.974759425,1.397491989,-1.22865908,0.89300829,-0.831787162,-0.44934236,0.919482634,0.086553309,2.583706329,0.123190437,0.48284273,0.37390118,-2.884180382,1.375583268,0.40927051,-2.687570869,0.717265421,-0.081207639,-1.229897136,-0.369595588,-1.612910244,3.571123638,0.376511405,-1.088776946,3.015545647,-1.2946273,0.972841133,0,Normal
-1.74585267,-1.255010371,-1.161086106,0.205353458,1.486453506,-0.740281489,0.784939632,-1.01733706,0.77446083,-2.196633643,0.006249943,1.434394091,3.05236575,-0.497866378,0.007042793,-0.963497046,0.033708802,0.249889841,-1.643823013,2.311307818,-0.074007838,3.278133669,4.970574641,0.980714999,0.062583583,0.369804265,1.451875766,-1.536574098,-1.599133775,1.635270273,-1.048818195,-2.336702238,-0.502580507,-0.973539529,-3.100536944,0.447918977,-0.447595883,-1.210258778,-3.408710678,0.214230622,0,Normal
1.768994007,0.481426665,-0.510625838,-1.518670841,0.427066125,-1.27691288,0.994428634,-0.184432331,-1.738419555,-0.794359275,0.213454871,0.986857104,-0.978884378,0.863310471,-0.217236041,0.90522818,-0.86183183,1.33561649,-0.701449357,0.495349068,-1.375258001,2.313910227,-1.448146796,2.407869169,-0.058331401,0.592414122,0.301937235,-1.19608892,-3.72481185,-3.016104352,0.373236458,2.702489958,2.397257184,-2.025504698,0.8876299,-0.052046358,-0.492579425,0.715643733,-1.665351822,-1.291786674,0,Normal
1.314112412,-0.177962596,0.081124231,1.773036039,1.098610789,0.86125203,0.22068121,-1.430689281,-3.358838448,-0.380133201,-0.970572541,1.749404037,0.314903175,-0.277427586,-1.637731363,-0.867298329,-0.745412897,-0.657202079,-0.720362367,0.150355471,1.05769195,3.310355872,1.11072883,-0.858934044,-0.216600044,3.443216265,-0.135883054,-0.119010391,-5.465811421,0.600194696,-0.174076865,-2.799323632,2.534293563,0.302197587,0.428061457,-1.471148271,1.275022457,0.354563352,-0.887729502,-1.54654873,1,Intrusion
-2.831217918,0.329733447,2.560829303,-0.616920264,2.780973851,0.133287418,-0.384408322,-0.934586379,-3.887554173,-2.694646592,-0.22692336,1.359745203,0.038377147,2.039832337,0.84045069,-0.275642979,0.819931662,0.183982192,-1.099853598,1.284756911,0.670148031,0.957866996,0.820727348,-0.162693797,-1.243580844,2.80325738,1.275175458,-1.130781358,-4.679848404,0.892261941,0.019247784,-3.571882111,0.921951944,0.757297181,3.849334844,1.259971821,0.554980485,1.111937441,1.547081809,0.126072812,0,Normal
-0.861990189,-0.915094439,-0.172957735,0.53011324,0.585205029,-1.33188942,-1.665492953,2.11362057,0.425192672,-0.728336404,1.229822467,-0.709572992,3.525903669,-1.184029046,2.282239301,-2.098110416,0.541392808,0.021221046,-0.37654277,-0.513543587,-0.06943971,1.442893118,5.397871865,-0.929402655,-1.033996372,0.10621815,0.312916783,-0.034796193,0.744231136,1.964389781,-1.006330428,-2.213817828,0.613039583,1.704381685,-4.081122195,-1.2316358,-2.524237142,1.819366348,-0.951913828,-0.344242415,0,Normal
-0.292968748,0.489842061,0.440447713,1.097518622,-0.084657256,-1.185283756,0.489419916,-0.818106071,-3.058783455,-3.43175713,-0.119497728,0.404385025,-2.165346836,-0.847135702,1.018779413,0.552590548,0.566057542,0.838154674,-0.702244703,0.577219995,-0.548596792,2.257865988,-1.978688647,0.360483525,-0.780175955,4.615618499,-1.974983722,0.249231947,-2.723756746,-0.041138333,1.405502374,0.248355708,1.34364995,-0.434197166,-0.595425546,-0.236062117,1.214030548,-0.585557212,-0.270435023,-0.700422168,0,Normal
1.229155483,0.141409002,0.761141073,0.185061357,-1.392700466,-1.694322182,-1.300159731,0.128867615,-0.86827489,-0.566428667,0.799004981,-0.45953198,-1.18369845,0.619254115,-0.937687028,-0.639169494,2.403513563,-0.839657378,-0.441982906,0.122220277,-0.787801816,2.960954826,-4.181808614,-1.463266867,-0.885868123,0.262221578,-0.938613803,1.885340752,-4.044509718,-2.228749247,1.413430064,1.717078373,1.569492054,-1.444285542,2.580717911,-0.60356726,-0.627104269,1.28185867,2.473989442,-0.604538702,0,Normal
1.216748005,-1.880321187,-1.300150276,1.487612955,-0.821525308,-0.661678042,0.211810995,-0.121036183,-2.21485573,-2.201678415,-0.724832461,1.185250911,-1.500325479,-0.359180155,-0.848423644,-0.805672986,1.184293857,1.966491772,-0.760118713,1.024525706,-0.850636701,1.393786772,-1.529369846,-0.896137887,-0.189545629,2.931356397,-0.756306727,-0.070346162,-0.726933718,-1.276627624,-0.426460028,2.404310257,2.179986317,-0.135299992,-2.146328652,0.792684359,-1.100886926,-0.015361003,-1.358927202,1.042621947,0,Normal
0.99638897,-0.0728743,1.011256239,2.01456408,1.485174787,-1.326698392,0.386976105,0.035896705,-1.785823607,-1.226004364,-0.793198632,-0.890196185,-0.091213487,0.734846658,-0.466834231,-1.139355901,0.31683254,-0.982072452,-0.223280652,-2.55900972,-0.313676877,1.904687481,-3.003919816,-0.05820851,0.021769326,1.470530126,1.261338687,-0.831067555,-1.75819417,-0.773099786,0.497620426,0.57390937,2.049922733,-0.293819636,0.493876412,0.001198957,-0.156138047,-0.157721479,-1.237904993,0.405287511,0,Normal
-0.566574726,-0.391611594,-1.205961777,-1.256940335,-0.613943356,-0.516036203,-0.670868179,0.759961803,0.065716202,-2.021064191,-0.166218183,-1.513323915,-2.246468861,-1.137241467,0.434912988,-0.017623258,1.219503734,0.578479232,0.400617409,-2.272968311,-1.520748581,4.241724114,0.069737743,1.403815331,-0.261594988,2.762477559,0.095124382,-0.951902179,-3.733154466,-0.205339431,0.279939936,1.066988741,0.453974623,-0.146962431,-1.888498087,-0.225531664,1.363629632,0.219269198,-0.681804247,-1.707707614,0,Normal
-1.91040147,-1.21687444,0.278269699,-0.402063352,-0.962548626,-0.237507688,0.317429162,-0.97083947,1.34010055,-1.248180545,-0.293160163,-0.070224763,-1.659308484,-0.717701388,-0.091888277,0.216236252,1.170870656,-0.305969583,1.087624481,-0.057325231,-0.380305064,1.047666304,-0.406313532,-1.792094222,0.780752353,1.393221402,1.275788117,-1.231038924,-1.336817019,1.897178378,-1.312025658,-2.137036929,-3.595197862,0.098227879,0.782081555,-1.136797058,0.693097987,-0.375423181,-0.059869364,2.088033126,1,Intrusion
-3.8519295,-0.437759977,1.932314906,-0.248183407,-0.914798757,-0.273213786,-1.83862786,-0.392127711,-1.317478139,-1.607800935,0.825429251,-0.666566205,0.687025193,0.019999202,-0.815076956,1.273675422,-0.568231576,1.570923721,1.291500929,0.607207233,-1.062226146,1.138321389,2.134683863,-0.309096922,0.085943718,0.643044463,0.153239269,0.305210155,-3.294032203,1.147428702,0.209563947,-2.856173559,0.558602637,0.303557711,2.749103011,-0.038724261,-0.417258412,0.280084526,0.568198466,-0.154893289,0,Normal
-1.588366734,-1.467624724,0.424398302,0.856251303,1.758017713,1.50755214,-0.782968661,-2.340912759,-3.412082256,-1.09466493,1.929967589,-0.021146409,0.585682924,-0.91975723,0.480526076,-0.462597548,-0.39624154,0.396196761,-0.659247225,-0.59856493,-0.147120032,-0.778272999,0.355348891,-0.34733736,0.370450738,1.624734418,-0.606370574,-0.683153486,-1.594562487,0.585565178,0.30618032,-2.221992215,2.030462723,1.580824843,2.547716652,1.351830666,0.19214966,-0.559356133,0.731109131,1.536008682,0,Normal
0.068001786,1.357939313,1.369826366,0.080995106,0.995887621,-1.081892118,-0.116105782,-1.501970215,0.082184116,-1.940442388,-0.057835569,-1.430593871,-0.835297987,-0.674138094,-0.367783867,0.616239031,0.512143634,0.198291417,0.584304375,0.729060771,-0.79554404,3.324092259,0.429811817,-0.213160471,-0.496793093,0.952334215,0.019083828,0.148249691,-2.805689124,-1.503995461,0.234890676,2.131812613,0.736917943,0.064611403,-1.587411711,1.725188659,0.354031244,0.659552546,0.882172463,-0.301463767,0,Normal
3.546346878,0.871099067,0.840653279,0.325093008,2.436881893,0.888041048,1.59647987,-1.196879348,-4.576795108,-0.950456259,1.836361197,-1.505788342,-4.30097951,-1.507294378,-0.227011927,-1.909780487,0.795246637,-0.65868882,-1.593863898,-0.265145773,-0.104422342,2.311121004,0.234925413,-0.692618237,0.595809725,3.791875133,-0.253043732,-0.944727324,-6.988585445,-4.707096828,1.269240983,4.088580289,3.368530066,1.340978439,0.672639735,-0.922352222,-0.050789917,-0.307760421,-2.87871261,0.594295238,0,Normal
-0.9937949,-1.353167496,1.153159203,0.302822943,-0.378119222,0.093380192,0.869979531,-0.211500215,-1.39456714,-1.867469762,0.490718541,-0.186981131,2.290393761,-0.448497036,-0.496136716,-0.838998091,0.0485724,-1.125149777,-0.688201773,0.959213104,0.833787935,1.145159024,0.460074366,-1.269287906,1.563313982,0.346914758,-0.659534444,-0.04340666,-1.558184243,0.619981281,-0.187442148,-2.259344248,0.273576843,-0.228111241,1.115638319,0.776956143,0.089347247,0.020873436,0.290876814,-2.447140106,0,Normal
1.924589242,-0.751860051,1.177445624,-0.553068119,-0.162346835,1.140020535,1.293786204,-0.11400759,-3.379560648,-2.467479009,-0.346262524,-0.612219712,-2.108474527,0.875326198,2.134237506,-1.796366026,-0.848709455,0.660797296,-0.00590158,0.991005124,-0.857185247,-0.537664476,-3.693420736,-0.924495554,1.07176688,6.091713642,1.675104736,0.641623057,2.450030076,1.797091676,0.994629833,-0.328529201,0.900806461,0.089125277,-3.528238518,-0.030548767,0.883636801,0.92998702,0.631851961,-0.662210843,0,Normal
-2.197560902,-0.069583849,-0.619814562,0.175375989,-1.075251296,-0.072656511,-0.179169486,-2.057716134,-1.946875708,-4.380963477,-0.506245961,0.541138138,1.747118497,-0.440877776,0.45691963,0.298670468,-1.410642359,0.624449591,-1.383934422,0.672456327,-0.933463483,3.23424886,3.804653917,-1.076012132,-0.790660665,1.092913978,-0.2645283,-0.786095823,-5.22028557,-0.826928797,-0.559021238,-1.400557931,-0.332234578,-0.006566683,0.818952507,-0.971433199,-0.293544031,-0.996336779,0.284804673,-0.063464255,0,Normal
0.532633467,-1.675183692,-1.818449838,0.066987751,-0.446947983,-0.44022837,0.396255719,-0.212940241,-3.468110041,-3.085134607,1.511957522,-1.309157235,-3.403701985,-0.579865188,-1.206395063,-0.576957137,0.340672021,0.736453289,1.239232966,-0.159384722,0.214166885,2.597896793,-0.66514952,-0.486062166,-0.193603067,4.824157095,0.203591776,0.353778662,-4.553505086,-1.508967813,-0.67173361,1.60824873,1.643928684,-0.458994031,-0.534145326,1.581965464,0.500592397,1.093336319,1.389254669,-0.21067555,0,Normal
2.082303961,0.571197739,1.699805071,0.083398421,-0.596672727,-0.565763148,0.436652961,0.314090634,-3.840462949,-1.999644535,1.017149997,-1.381229081,-2.427346835,-0.986261293,0.561888948,0.179739728,-0.344267363,1.106874342,-0.141534583,2.185866297,-1.547998345,0.684612484,0.54112827,1.981081779,0.630515454,3.962127705,-1.784211434,1.955253303,-1.839898777,-2.277967178,1.120511365,3.067641982,3.029336227,-0.746033424,-2.411809271,-0.611978116,0.19014618,-1.02776007,0.180439039,0.481629807,0,Normal
-2.716589042,0.521740237,0.994702866,0.228244954,0.966376555,-0.14329539,-0.867170628,0.924610026,3.527005387,1.051822683,-2.60884449,-0.809451665,-4.77405993,-0.974526777,-1.541835653,-1.755220262,0.302625098,0.896858799,0.376730071,-0.313251845,0.037804934,1.49399589,-1.911085546,-1.49395627,0.824530851,0.762494963,-0.951163678,-0.062118272,-0.383579377,1.30767021,0.625043714,1.323777207,-1.479609839,-0.972852395,-0.296228629,0.4058887,-0.793440572,1.090649135,0.116734553,0.529121402,1,Intrusion
-1.624166874,1.508580749,-0.597143564,2.332432894,0.950725867,-1.179297225,-2.198802431,-0.123096525,0.632313598,-0.230790781,0.526459406,-0.557867447,2.397476173,-0.570517517,-0.956738575,-0.305614669,0.005742142,-1.908182609,0.187658607,-1.8059289,-0.495362036,0.363118685,-1.646336407,0.94187938,0.815875677,-2.495311107,0.112090287,-0.394820373,-0.162344813,0.113977862,0.765516234,-1.154130834,0.208586945,1.767590059,2.881845507,-1.383707334,0.641233818,0.321053603,-0.69148808,-0.29141516,0,Normal
-3.306480189,-0.020025554,0.828440064,-0.483448854,-0.09225447,0.141756069,-0.452584463,0.692504267,0.140881544,0.463656663,0.39274584,-0.045025435,1.029480712,0.256732914,0.428330475,1.403198867,-0.780614846,-0.883234151,0.275410102,-1.064203309,-1.221679848,0.119638182,1.0497645,-2.088315794,0.040409767,-1.401062781,0.815717985,-0.38059715,-0.605441326,0.706045261,-0.029426985,-1.038176365,1.985004108,0.888636326,1.997422996,-0.873253672,0.577010645,0.379078812,0.260701056,-1.459925462,0,Normal
-2.7200585,1.434860825,-0.617631469,0.25549447,-0.201379611,-0.002152797,0.197979522,-0.146957842,1.738382633,-0.522708656,0.078326889,0.29522631,2.087879676,-1.153794313,-0.063898966,1.378401561,1.419601107,-1.199677923,0.082121803,-0.355872437,0.110958499,1.759799586,-0.519163695,1.54492395,0.691969748,-1.725698977,-1.57947569,-0.592354013,-0.409091917,1.437235736,-0.940894395,-1.873184675,-0.275776861,-1.08700511,1.25623023,-0.950306299,1.56188807,0.185546463,0.575178856,2.146026206,0,Normal
1.97675409,1.156901257,0.952341854,-0.836658945,-0.537786424,-0.502213819,-1.27851432,0.430045134,-4.387128295,-2.203124362,0.696169278,0.503416205,-0.986549185,1.001147656,1.154875324,-0.877973352,-0.883212002,-0.246522246,-2.206856336,-0.467826953,0.747858063,0.48715507,-0.252177835,-0.558208426,1.182685829,4.090229349,2.214795272,1.600974349,-1.004466931,-1.241738106,-0.208830006,1.541635022,3.398815136,1.263226956,-2.194319388,-0.573954923,1.177185959,-1.232235114,-0.392754049,0.539104606,0,Normal
3.16595982,0.397689093,-0.696960574,0.144960655,0.149122771,-0.970929235,0.694909959,-0.867681165,-1.738120564,-0.964401225,-0.040081435,-0.396582939,-4.133090734,-1.267452766,-0.801908731,0.05608332,0.81505434,1.013238254,-0.388467612,-0.906296603,-1.10937847,2.04252326,0.121253039,0.067820466,0.561377975,4.582394311,0.958437434,0.009179707,-2.64335175,-1.430440624,1.787016519,2.664876955,0.535822247,-1.273735314,-3.456036515,0.316561827,-0.487830281,-1.516209029,-0.128202912,-0.829645593,0,Normal
-3.832446955,-1.259795396,0.564850998,0.25683286,0.122256073,0.542929128,0.13483185,0.692683267,3.065010621,-0.735983503,0.310106228,0.13282836,2.487333911,0.601519354,0.943394247,-0.816304029,-0.013687618,0.250690301,-0.138771817,1.63934571,-0.474484486,2.573414672,2.341657719,-2.926420005,0.648614159,-1.693825012,-0.379576305,-0.552123188,-0.275021695,2.532736126,0.502121402,-2.595636424,-1.204383416,-0.473703298,-0.727565192,-0.496367578,-0.001010312,0.062270372,-1.167111184,0.364645244,0,Normal
-3.01250244,1.122004258,0.246936905,0.727163674,0.235185521,-0.51197111,-0.044486545,-0.360440853,3.067111352,1.462766955,-1.431781322,1.296403405,2.271799077,0.454114211,0.347440775,-0.904867732,-2.757994022,1.11392078,-1.250218892,-1.586123854,-0.098461969,2.069665719,0.546175811,-0.077550422,0.024107097,-2.094549305,-0.957858752,-2.502178498,0.579609596,2.783628018,0.435597239,-2.43650476,0.691740346,0.733187909,-0.248559532,-1.324432877,-1.2989043,-1.700942157,-0.895397646,0.156073533,0,Normal
-1.137938867,1.059785411,0.460446893,0.289784331,-1.859898913,-1.532740435,0.214615058,0.832138847,-2.042890519,-1.58989331,1.014246264,-0.555448558,2.700316269,-0.762580332,-1.803128405,-1.476695347,-0.456779231,-1.100835549,0.778042755,2.01268589,0.330779934,-2.137527966,1.306444539,0.518023434,3.127456572,0.816329498,0.573634889,0.301295081,1.84449291,2.044028082,-1.08500783,-3.618379552,-0.72673154,-0.168596266,0.511866829,-0.104967365,-0.430248623,1.553868466,0.920957445,-0.813560438,0,Normal
-1.024249816,0.332751435,0.248896956,-1.212537699,0.99608667,-1.208026204,1.672299862,-1.479032822,0.247043473,-1.322899119,1.246962347,-1.162951738,2.679837585,-1.10711771,1.975191889,1.124114823,-0.117560754,0.888163575,0.277482095,0.092009295,0.968152418,3.163294449,2.121556062,1.276049005,0.810634495,-1.583556555,1.083542133,-1.222901437,-3.475488785,-0.879240786,-0.768199225,-0.619068394,0.691801444,0.549726845,0.79447516,0.328436469,0.148246597,-0.707735194,0.420713654,0.266785919,0,Normal
-3.086682309,-0.843780364,-0.626316808,-0.207666493,-0.554073015,-0.260926381,-0.07474396,-0.135341272,0.414427507,-1.658436271,1.053570979,1.402084318,2.247405603,-0.821443432,-0.495319114,-1.581227878,2.005480665,-0.720698674,0.286550882,-0.371841644,1.607138537,1.770253636,3.522187444,2.049000147,-0.0698464,-0.049186069,0.940509527,-1.347745211,-1.760074701,1.946367593,1.379020511,-3.272447322,-0.936597784,2.252175202,0.078305085,0.540602195,-0.513607194,0.984453458,0.014775637,0.565062416,0,Normal
-1.274370241,2.230901997,0.435794382,0.250397161,-0.424666987,0.426290691,-0.797918467,0.771305884,-2.747369185,-3.906654952,1.060890952,0.816174967,2.242907633,0.410444909,0.745007666,-0.889073949,0.39754764,-0.359616993,-0.501554238,1.087392534,-0.299251637,0.557326445,2.378659121,-0.2706237,2.377690295,1.236667303,-0.169020768,1.180030844,-2.61928144,-0.022267489,-1.234991198,-2.572473512,-1.221184406,0.624722512,1.46874779,0.068188416,-1.139163533,-0.558194971,1.664105158,0.587817973,0,Normal
2.993921987,0.249821451,-0.957481769,-0.1618334,-0.645051855,-0.193327665,-0.404067338,-0.68206547,-1.056945151,0.345449883,-0.460704465,1.291084396,0.261420089,-1.065010734,0.368698008,0.338187371,-0.194646168,0.408874325,0.25016846,0.3351562,0.121916425,-0.704105716,-5.298254263,-0.035025948,0.386394318,1.126777411,-1.885426209,1.048743939,2.336144582,0.435543868,0.688441404,-0.137165357,0.508763446,-2.251626238,-0.23952897,0.794532516,-2.424227941,-2.3422869,-0.447795813,-0.102437608,0,Normal
-0.116595475,-0.555190418,-0.897146435,2.556288207,-1.201306791,-0.310714106,0.771811005,-0.748510625,-0.30944188,1.022262064,-0.993406304,-2.015759112,-0.360923459,1.609384143,-0.413353949,0.152954333,-1.981090072,-0.622088164,0.530007432,0.419836278,0.02268248,2.357580609,1.557313748,-0.512632343,-0.588803245,0.887372781,-0.303135088,-0.030074021,-3.623523054,0.499628965,0.179978349,-1.413036833,1.185119408,-0.302397964,0.47001817,-1.652797658,1.390041143,-1.94354812,-1.790026567,-0.039205209,1,Intrusion
-0.098381578,0.043103348,-0.023585367,1.923779782,-0.521914993,1.336253174,-0.254350916,-1.349924042,-2.258434572,0.776930295,1.303241151,-0.083927852,-1.665114708,1.293188369,-1.806595022,-1.552948176,1.562776414,0.51518351,-0.302015482,0.015820121,-0.436619317,-1.088413679,-2.452430757,1.678213327,1.242992852,2.615155304,0.679380588,-1.69264882,-1.251333806,1.813914621,0.44008229,-3.110875894,0.039296408,1.177621829,3.019705159,-2.274373008,-0.720846383,-0.440083304,-0.54722537,0.836696739,1,Intrusion
0.49901758,-1.441470744,1.365174104,-0.32666922,-0.427032473,0.282794526,0.950440087,-0.189434933,-1.406999022,-2.113589291,-0.739807982,0.672473292,-1.009741022,-0.436318929,2.111463614,-0.710265555,0.460278691,2.300406423,0.27127936,0.718563378,-0.021248497,2.742668212,-1.196279336,-0.149361662,-0.46355244,1.190264336,-0.972834697,0.106189947,-3.592720424,-2.209738173,0.283282712,2.064767901,1.37708332,-0.121885959,0.448264796,1.369901922,-0.825381362,1.224691926,1.271560622,0.260136038,0,Normal
-2.856235093,-0.897163196,-0.129327069,0.072898805,-0.059642332,-1.130453393,-0.669184301,0.163420813,3.151061084,-1.946677641,1.142733495,-0.258792833,3.063703251,-0.915883874,-0.891639298,0.242292565,-0.430506347,-1.133640576,-0.167788857,0.303233959,-1.019399818,3.941553529,0.948438546,0.410559369,0.043296182,-4.022663176,-0.03886556,-0.582547476,-3.009991164,-0.976040787,0.468828145,-0.041866961,-1.537013351,-1.076699856,1.794779633,-0.904433524,0.453381649,-0.825725905,0.440722261,0.770001013,0,Normal
1.016881423,0.705814856,0.711572365,-0.760549107,-0.725103098,-0.522633335,0.415806294,-1.170080426,-5.183754738,-3.089930002,-0.850181027,-1.638260631,0.842628221,-0.826946562,1.115561329,1.004676145,-1.10709213,-0.093828894,-0.638973068,1.242408079,-0.860390552,-0.45336909,-0.072244834,1.078503686,1.409787112,3.751942924,-0.36295658,0.01022189,1.177000949,-0.824676568,-0.130353551,1.410384525,4.89019034,0.56807403,-2.913718623,-1.409193475,-0.020438563,-1.078331426,0.528334959,0.900992452,0,Normal
-0.322285108,0.165268448,-0.545573068,2.172989504,1.567622981,0.123886445,0.988727814,1.05174693,-4.658469093,-2.405449229,0.830546183,-0.169269658,0.455245243,0.890180466,-1.271075225,-0.578269266,-0.607976957,1.325460354,1.146560388,1.281180808,-1.111222214,2.245063483,1.134909768,0.516462872,-0.377373186,2.4589232,-0.36326383,-0.342075063,-5.478563388,-1.572587339,-0.349371086,-0.559225071,3.671448721,-0.730528884,2.027863191,-0.222203175,-0.926984887,0.53671933,0.113485482,0.789139857,0,Normal
1.527337578,-0.443404997,-1.787300981,0.773710747,1.131427744,-1.518577668,-0.809911692,-1.172375408,-3.518238538,-2.309331711,0.350746142,1.600653025,-1.511405115,-0.873407518,-0.251569501,-0.404505546,-0.798258764,-1.244250593,1.650722698,-0.080656054,-0.395931895,0.348806705,-0.876593268,0.572658931,-1.392520413,4.656914263,0.571392625,-0.692830072,-0.045586819,0.031606136,0.990169395,0.679447153,1.946191722,-0.21420219,-2.71492853,0.41647136,0.372818247,0.461712808,-0.547343605,0.410894576,0,Normal
0.189986575,-1.267757755,-0.482709086,-2.259463478,-1.097241947,-0.246503369,-1.433210492,-1.322269898,-2.855965817,0.580117246,-0.773377838,-2.611645879,-1.19718443,0.625394812,-0.685400001,-0.856439604,0.954618304,-0.35764867,-0.808639458,-0.543014889,0.888346951,3.312678618,2.649166419,0.603388463,-0.505695678,4.682315237,-0.913844195,-2.34392526,-5.531449952,2.105815085,-0.399755716,-3.666373164,2.546502415,-0.560619383,-0.534874446,-0.476676663,0.36629294,0.327915446,-0.265272468,-0.103123138,1,Intrusion
1.836206622,0.020970223,-1.384457671,0.187959658,-0.074152161,-0.909936606,0.956266991,0.750585222,-10.07026311,-3.458565687,-1.174292057,0.107262306,-2.192191308,1.226932741,-0.371144776,0.209734965,-0.506297611,1.772781135,-1.776694518,-0.196828266,-0.93245356,0.659249059,4.271510273,0.047682822,-0.186723278,9.239232443,1.337478483,-0.043102198,-7.47659202,-0.246773617,0.310174246,-3.271036906,3.796079224,0.529323527,0.419061854,0.331941408,-0.312747888,1.110209876,-0.129754529,-1.115488714,1,Intrusion
-2.46915348,1.623643596,0.003485769,0.13241463,0.890723871,1.228992974,1.91826015,-1.041060853,-2.839791616,-2.713537713,1.708254258,0.614730304,1.181728504,-0.851121642,0.742942432,-2.231650397,0.228349454,-1.029215384,0.684313414,-0.846791991,-0.523750479,1.010299757,3.069710367,-0.097456409,0.608193713,2.269570332,-0.721341182,-0.867973659,-3.541877702,1.310536286,0.111156878,-3.745691265,-0.042496,1.186482378,1.656900365,0.203070725,-1.387512261,0.317158778,-1.104941125,-0.571216619,0,Normal
-2.410738829,0.187412108,0.523059927,0.171650928,-0.438225421,0.38548434,0.15390494,-0.765715325,0.71766424,0.399404498,-0.55059296,0.445127844,1.715351227,0.053953254,0.727777301,-1.071994738,0.307190168,-2.790375583,0.202278687,-0.622806794,-1.228616087,2.152739587,1.735597365,1.459656155,-1.884209912,-2.010816495,-0.57253691,-0.208795012,-2.436453423,-0.180504254,0.693961219,-0.481019583,2.153592652,0.569427519,1.457749004,-0.57136129,-0.415990988,-0.22293855,-0.808686843,0.787218577,0,Normal
0.379606226,0.865065973,0.956545528,0.807398529,0.208492489,-1.422373376,-0.112193045,-1.057670306,-2.957467696,-1.530912151,0.970782712,-1.05392896,1.213756794,0.089811305,-0.829909165,1.198019485,1.379497065,0.788960284,-0.662481269,-0.562094832,-0.161584121,0.807903559,-2.269441137,-1.721052835,0.078920421,1.192888149,-0.179942826,2.104276194,-0.931821052,-0.674604649,0.403293484,0.033740309,3.210829327,1.846249968,0.910823301,-0.285818876,0.418883708,-0.886722988,0.40678387,0.170608388,0,Normal
1.930314899,-1.165742916,-1.465486184,-2.561581194,-0.908463412,-0.130243604,0.019175604,1.191168426,-2.637378621,-1.144170832,-0.450894256,1.061990463,-1.845438456,0.785362273,0.506209037,-0.968389424,0.94322679,-1.886662484,-0.184310968,-0.799659255,0.431373903,1.638400651,-0.950500891,0.429739522,-0.983607037,2.779931548,0.102915205,1.883535858,-3.125712366,-1.669862083,-0.187247233,1.448804475,1.772760457,-0.964884105,-0.231245921,1.273488327,0.134399208,0.924426915,-0.017137866,-1.273811326,0,Normal
1.463544918,0.346972059,1.920323262,-0.261045907,0.049671083,-0.949151099,-0.551961949,-2.150868207,-1.183986266,-1.380119906,1.497573873,1.514986013,-2.920497777,0.135655291,1.990661145,-0.427264442,-0.042687481,-1.496519869,0.430750177,1.467102655,-0.219958238,0.8783331,-1.240660905,-0.066477557,-0.787763905,6.302893124,0.234341702,0.379594728,1.681934795,3.128823974,-0.844461747,-1.175242353,-0.601255314,0.24006961,-5.354953834,-0.960475401,0.814041476,-0.62768328,0.757842756,-1.129457139,0,Normal
1.212595356,-1.119977467,-1.223215226,-0.821595356,-0.243997415,-0.297715149,-2.89415776,0.284150355,-1.354099707,-1.803084876,0.469081846,0.199785125,-1.011600372,0.269145778,0.158245359,-1.199543076,1.55169781,0.49532277,-1.034125579,0.566226964,0.972237089,0.456554684,-3.219542641,-0.896805821,1.401293404,3.386806479,1.442969626,1.324750664,1.570606181,1.145282942,0.916111921,-0.036917323,0.194487954,1.749663208,-2.344324193,-1.023173276,-0.083667504,-0.644251508,0.168539647,1.089452177,0,Normal
2.436977245,-1.13938481,-0.291965569,-0.337068761,1.05396104,1.025139864,0.130235702,1.611105901,-4.06101336,-2.109093159,0.77449828,-1.167661973,-2.393341316,0.575209091,0.789705895,0.471328215,-0.003240127,-1.095665219,0.423883747,1.097988881,-0.464039002,0.633894055,-1.290493808,-0.57688608,0.661224239,5.138560477,0.009396913,-1.074198169,-1.506859829,-0.660428768,-0.781595313,0.925645476,1.782176776,-0.411432762,-1.920195176,0.620166503,-0.110878949,0.269994697,0.534129429,2.038804571,0,Normal
-2.160227174,0.538070267,0.612007467,-0.821830335,0.472403106,0.816890581,-2.366170616,0.574188346,1.164971701,-0.925758,-0.233541461,-1.156369584,-2.175636365,-0.32646099,1.067439263,0.356425651,-1.29918124,-0.664624481,0.718433194,-1.101574934,2.020061637,3.10320179,-0.810500946,2.000783288,-1.394043836,1.548101003,-0.213990177,-1.890085664,-4.411799266,1.452512596,-1.279722658,-2.274861198,-2.531052378,-0.044729351,2.156082101,1.0396877,-1.533234238,-0.52820145,1.257029534,-1.310031682,1,Intrusion
-0.952762873,1.115440052,0.02579693,-1.619210548,-1.915541727,-0.117121953,-0.222757675,-0.903086701,-1.397786932,0.891403095,-0.957184261,-1.057308062,1.584077668,0.991294947,-0.00453544,-0.015490161,1.682353649,-0.239365464,-0.011540525,-1.022316988,-0.645672289,-0.352266459,-0.957401092,-0.68591378,-0.645313022,-1.625491059,-0.748583003,-1.352691331,-1.117530892,-0.675749084,0.019478477,-0.570662886,2.903912566,1.483199401,3.405095168,1.230773876,0.302226028,-0.129699073,-1.242562008,-1.692103454,0,Normal
-1.947988327,-1.629572485,0.57537382,-0.85467113,-0.10839733,1.157335525,2.185500917,0.82542418,-0.058858453,0.466275649,-0.099348055,0.932422587,1.603182263,1.478898029,1.326589953,-0.362184486,1.037981192,0.856922037,0.003178162,0.585297912,1.22039639,0.816771684,0.292937177,-0.257942503,1.396937287,0.267042257,-1.022542819,-0.290825168,0.036159496,2.449432687,-0.454849236,-2.915282463,1.415166957,-1.909563771,0.301488611,-1.109621439,-1.218715382,0.388603264,0.631906955,0.239805149,0,Normal
0.714466732,-0.031563948,1.543328694,-2.764502096,0.594276024,-1.082697522,-1.638902024,1.102632645,0.941371701,-2.264304986,-0.268126219,-1.738800159,-2.887544008,0.976897353,-1.500240073,0.403991515,1.305995455,-0.149475553,0.019481621,-2.981452658,0.268907644,2.025962162,-3.653861965,-1.554425467,-0.47214337,4.422693075,1.23292814,0.641979984,0.900460332,2.496916863,-1.027947966,-0.731650811,-3.143632243,1.865348603,-3.36813949,0.154796101,-0.872058572,-1.057181579,0.25086774,0.637050301,0,Normal
-0.040776933,0.583849834,-1.250187051,-0.138185582,0.629654443,0.00373337,-0.9468965,1.544059149,-2.388924719,-4.837166945,1.979931312,0.703946316,-2.771322584,0.391363161,-0.22866364,-0.377671195,1.270031543,-1.095293266,0.441703229,-0.990239599,0.209843078,1.798470698,0.599999082,0.451557812,1.102551678,6.915244583,0.178231319,0.019654548,-0.072368132,1.649524861,-2.092954058,-0.001424156,-0.860716073,-0.379552609,-5.473879002,-0.338148688,0.258546503,-0.062640412,0.410785954,-0.983465592,0,Normal
-2.715133356,1.758063568,-0.462572603,1.650326812,1.361674052,-0.079324063,-2.024382238,0.160767545,1.367012063,-0.37116109,-0.466138925,-1.083158617,2.063170373,2.266011515,0.394031037,-0.287316564,-0.364959813,-1.283643665,-1.047819017,0.289090484,-0.522912478,1.257794764,-0.290825688,-1.114548115,-0.465120021,-1.7975907,-1.452703512,-1.881126207,-0.377749058,1.2441055,-1.275127048,-1.831485641,-0.045592667,1.684696499,1.615960961,0.46205162,-0.217044588,0.414505862,1.154262595,-1.31899861,0,Normal
-1.228929569,-0.129126632,0.198993286,-1.358539759,1.200118843,-0.821712153,0.151118482,0.524532085,-3.197232046,-1.950124297,0.90377222,-0.099302041,0.524396997,-1.859278215,-0.458244693,-0.173110478,-0.162327098,-0.803903025,-0.375950508,0.832783128,0.990934217,2.921602642,2.51693207,-0.856963999,0.460642136,2.004202193,-0.34859524,2.09905482,-5.237052497,-0.822001827,1.570242147,-0.756752208,3.323009666,0.056215208,0.89769421,0.085152187,-2.877151672,-0.552213901,2.340690066,0.490625628,0,Normal
1.115462922,0.036426414,-1.161017164,-2.425136614,-0.707051853,-0.056299893,1.015828896,0.148938712,-8.179825626,-2.36203126,0.843337372,1.519413115,0.299245724,1.302454403,1.440506619,-0.995215266,1.214547839,-0.295912748,-0.724997819,0.974108398,0.047876395,-1.104426833,2.200661879,-0.610844213,0.121945377,5.522118661,0.244769854,-0.406245235,-3.397724872,-0.240592169,-1.874769361,-2.541479691,4.277237093,-1.992434361,1.126760372,1.752115362,1.5044366,0.08224775,-0.546154629,-1.081640533,0,Normal
2.047822764,2.484905251,-0.262277694,0.137501388,0.693831605,0.155440839,-1.850502176,0.911732829,0.999905218,0.887050636,-0.411598374,0.538573837,-1.713342642,-0.510981865,-0.930792771,-0.261449732,0.1729169,0.240415197,0.184036497,-0.953666736,-0.338774189,2.649600619,-2.456800769,1.024818492,0.185811853,-0.078550455,-0.125528821,-0.453407254,-2.56443896,-1.651058505,2.099674643,2.148525794,0.407958286,-0.793928087,0.134849411,0.447665025,-0.732323134,-0.306343668,-0.258631221,-1.142666376,0,Normal
0.54010095,-2.29573107,0.671988879,0.442945822,-0.164269258,1.418925154,0.408101018,0.118246269,-1.751213897,-0.848571208,0.251683738,1.258527845,0.683035598,0.468457687,-0.300109843,1.429932849,0.278006174,-1.117941312,0.156972469,0.664139709,-1.590806361,1.543145707,-2.845028191,0.511964446,1.21758562,0.252152153,-3.306545948,0.408711587,-1.395041886,-1.305827437,-0.685771971,1.109226744,3.124242974,-0.100261337,1.076851235,-0.233599322,0.339462058,-0.943650862,-1.090679825,-0.619684629,0,Normal
2.129570973,-1.939491915,0.595348464,2.492983393,1.047306771,-1.626964579,1.698225864,0.362828724,1.519881684,0.614539977,0.751497551,0.130252852,-0.612708267,0.930495039,1.993885677,0.805525952,0.969075911,0.918783075,0.656389352,-0.298004296,1.23886674,1.750437598,-3.538106734,-1.620498267,-0.285396211,-0.07457666,0.503120168,-2.314860534,0.680622819,-0.393604446,0.965068356,1.736226591,0.140458722,0.348218604,-1.570831764,-1.811364587,-1.075798761,0.682869303,0.537460546,1.658646824,0,Normal
-1.450156215,0.397221892,-1.833841014,-1.907433274,-0.960504036,-1.279788726,0.070171999,-0.591739881,-1.236298149,-0.666006502,0.368513384,0.539358309,1.275576916,1.244431506,0.499439647,-1.016759501,0.32603526,-0.67173418,-0.711654821,-1.838630656,0.838570016,2.268691122,0.354990888,-0.979451852,-0.332952831,-0.510523314,0.018841007,1.489636758,-3.83494312,-0.6994167,0.71319311,-0.836120791,2.261264593,-0.206469917,2.580779577,1.242732677,0.267452537,0.227323827,-0.587984999,0.323341556,0,Normal
0.505083311,-0.005495389,-1.238845201,-1.125757145,0.453939335,0.054356195,-0.996001872,-0.636193999,-1.903365752,-1.092315797,0.73092678,-1.332144433,0.78456352,-0.71267213,-0.191592256,1.032682102,1.606296643,-0.942900208,-1.197505405,-0.730350638,-1.338739768,0.537043111,-3.227767905,0.554022498,-0.732124513,0.995754353,1.438600117,0.278729127,0.165910159,-0.145544739,0.945571524,0.048804667,2.236244382,-0.021709356,0.555778917,-2.607050109,0.066450961,0.80390348,-0.708545423,0.417317658,0,Normal
5.905402,-0.79314689,-0.08551806,0.825833068,3.049106227,-0.530772845,-0.064626484,-1.002035499,-9.558253137,-4.194245161,0.831466901,-0.443427592,-5.179121003,-0.763231714,-0.155663404,-1.704686168,-0.75518607,-1.028589117,0.746966282,0.502500842,-1.116112036,0.964647556,0.070012482,-1.313399567,-0.036509266,7.440580791,0.199345085,-0.061209187,-11.06593463,-5.800211562,-1.047753687,1.41319614,0.024804999,1.707620375,4.300998919,-0.967834149,0.562501908,0.797392428,0.391557865,-0.488194445,1,Intrusion
-0.466368305,0.463954237,1.310709951,-0.930244373,-0.508224454,0.780339553,0.533781736,0.071016483,-4.096794076,-2.454835736,0.328838074,1.163640963,0.469364078,0.183799508,0.363545196,-0.909436024,-0.060423141,-0.176164,-1.440986784,0.078536529,0.478059002,2.558880024,-0.391632986,-2.967185152,1.18616216,1.518927346,-0.984729034,1.425381626,-6.182400979,-2.011995744,-1.68026403,-0.544757292,2.866368819,-1.920494071,3.75038554,-3.227724872,0.239322721,-0.208354504,-1.268312854,-0.778705922,0,Normal
-3.894490219,-0.594192788,-1.598869382,0.821024821,0.085173964,1.526777077,0.861566071,-1.465821975,3.427665266,0.615792841,-1.105684785,1.20550177,1.595218714,1.684909729,0.735153277,0.567683332,-0.374021944,-0.143325187,0.200025394,1.606767992,-0.4835112,3.415884708,0.922057236,2.536710084,-1.164815745,-2.582646584,0.54108933,-1.990272002,-1.039687072,1.37542031,-0.141010956,-0.608076808,1.305492666,-0.670266843,-0.039756344,0.181938179,-0.415895488,0.192658625,-0.703539489,0.688970356,0,Normal
1.475796284,-0.539019465,0.04008793,-1.398761873,0.558467302,-2.461713059,2.655225068,-1.380832225,-6.424381461,-5.157815962,0.070823623,1.264620662,1.726135649,0.252349727,-1.200768205,-2.236833682,-0.549355423,1.079546205,1.073602091,-0.914310133,1.433898788,1.38756263,2.686064411,0.999269515,-0.391625681,4.03400102,-0.090769266,1.521414864,-4.971645184,-1.823789163,-0.829714623,-1.436920447,1.183878434,-0.519081361,0.483483634,0.109652693,0.086394602,-0.049983527,1.672009984,-1.626016017,0,Normal
2.790522195,1.289659881,0.522231036,-1.46378668,1.241599642,-1.474406695,0.695505188,-1.102692485,-4.273709653,-1.681024776,0.065265895,-2.439538602,-2.770022583,-1.470088118,-0.551071402,-0.923757078,1.351934496,-0.397190437,-0.104129801,0.225016983,1.147044963,0.065355523,-0.375907049,0.213941595,-0.642696468,6.099646573,-0.026462246,-1.320431659,-0.448264322,0.053707836,-0.767959898,0.746535796,2.064234965,-0.111020035,-3.511952163,0.791838754,-0.665272097,0.227411612,0.371971539,0.553529286,0,Normal
2.136882102,0.907796779,1.355864941,0.344187667,0.434218146,0.703705584,-0.798469197,-0.399384457,-7.969607569,-3.85907932,-0.55908463,0.664654831,-2.299418353,-0.236878865,-2.414815706,-0.599811357,-0.643383379,0.289225989,-1.593855743,0.387391879,0.861346283,1.62278064,0.332741438,0.040569306,-1.701507142,6.70843029,0.132286822,0.918766044,-8.478535365,-1.774884472,-1.111929164,-2.145608131,1.230907321,0.348001557,3.451801998,-2.357736831,-0.933233383,2.05001934,0.293960447,-2.135225278,1,Intrusion
-0.182659219,-0.212728026,-0.045758114,-0.187261209,-0.536631927,-0.793541417,0.773109525,1.953286412,-7.172964594,-4.694876015,-1.08180681,0.62930969,0.264935414,-0.87502776,-0.442363069,-0.310433024,-2.066817486,-0.122531931,0.829159752,-0.811845186,-0.604494191,1.025496447,2.962896216,-0.500403743,0.314675024,4.612251807,-0.030314295,1.553731802,-6.204763804,-1.682813941,-1.956068571,-1.632177805,2.33363364,-1.882964936,2.137849939,0.676601789,1.884929875,0.532212505,-3.460048609,1.411082044,0,Normal
-1.731938842,-0.198833249,-1.798110877,0.359743634,0.441072947,-1.179875828,1.349251875,0.735145639,-1.456342795,-1.017037787,-0.956464092,0.004909193,1.228028006,0.029008024,-1.201657274,-0.693443671,-0.087414265,-1.257129513,1.336158912,2.871440997,0.319958198,1.284955029,0.957072895,2.052195863,-1.026813102,-0.052305396,-0.003261219,0.556077398,-2.606196418,-0.220327417,-0.541761684,-1.047762685,1.853075364,0.053292547,1.86510582,-0.588845847,0.646772616,0.017470776,2.432145593,-0.341102883,0,Normal
-0.332699828,-0.737737061,0.608467814,0.341151906,0.143611361,1.951961719,1.087744061,-0.267832805,-0.166358358,-3.074191516,-0.424010691,1.31322468,-3.506262171,1.932808144,0.785556982,-0.667332869,0.142390904,-0.750310052,-0.996096472,0.445701735,-1.144138885,4.220461749,-1.305427761,0.607898716,0.290617195,4.002514489,-0.139777786,-1.714843857,-4.292765608,-0.003992659,-1.37630369,0.627388577,-1.505430782,-1.241580324,-1.241768792,0.440406963,-0.10135645,-0.154153451,-0.775882171,0.925552001,0,Normal
3.737194798,0.8709271,-0.858108919,-0.175832013,0.187781745,-1.20833228,-1.140253695,0.576441963,-5.026248124,-0.396854845,0.375287901,1.591375086,-2.566502642,-1.50710246,-1.458010071,-0.211608018,-1.350819466,-0.257225075,-0.845125375,-1.145596959,0.671582481,3.302560564,3.255881423,1.236141205,0.690493529,4.334756249,-1.195151976,-1.321810013,-9.467861144,-2.968409961,0.031334896,0.00456229,2.122198381,0.696122538,1.308047771,2.078051705,0.788012113,-0.045821714,1.846632183,2.066468681,1,Intrusion
-1.494500065,1.256819384,1.501831441,-1.755327646,-0.527531594,-0.090468151,0.304342333,0.289233327,-2.126759117,-4.248247126,-0.491148137,1.219230243,-0.870339167,-1.099176134,-2.026926268,0.300308138,-0.678520469,0.238825383,1.043567693,0.812715739,-2.336751886,3.662770649,-0.660104321,-1.32829697,-1.170827893,3.1405362,0.478653344,-1.912044621,-3.590446023,-0.667527039,-0.343913287,0.80740057,1.592503663,-0.073051688,-0.716546112,-0.080922951,1.122622418,0.594979238,0.799502742,-0.701278839,0,Normal
-2.888788666,0.320901526,-0.513609782,0.695034112,-0.119868879,1.235029682,-1.346112226,-1.493304227,0.447692321,0.696017426,1.42159113,0.986350391,0.238888065,1.052286247,1.517292992,0.660578125,0.310301558,-1.01869889,0.193418484,-2.119722228,-0.081741147,2.941457337,-1.97263815,1.674705154,0.289037425,-1.400581173,0.630380186,0.931286781,-3.489300311,-0.083679968,-0.608512714,-0.346977021,3.16174909,-1.41522857,3.509766606,-1.527897987,1.170514405,0.150476248,-2.149414086,0.774402206,0,Normal
0.214847804,0.307071406,-0.171372498,-0.672650124,0.283398255,-1.508864928,-2.754754209,0.549021968,-1.093619308,-2.56270448,-0.693290277,0.908247287,-1.727675701,0.46936477,0.194134033,0.277825724,0.318186864,-1.451400438,0.52742739,-1.567679525,0.675778794,2.256142627,-1.19673309,0.437625798,-0.435885614,3.844853071,1.923098492,1.490916071,-0.99730088,0.755630414,-0.571055595,0.204775298,0.050960602,0.520396699,-2.584611707,-1.593225606,-0.136064184,-0.947672867,0.339914122,-0.205084018,0,Normal
0.06028384,-0.789526617,0.350270634,2.231546902,2.040397699,-0.480229066,-0.594929759,-0.498893755,-5.69350319,-4.076046994,0.056710263,0.217028157,-2.917512319,-2.286395106,-0.258096277,2.633742585,-0.421160671,-0.641101423,-1.062535374,1.033436999,-0.590963277,-0.15087639,-0.074715306,1.43578785,1.143834699,6.359647206,-1.152491183,-0.655974185,-4.554471365,0.2393542,0.107443964,-2.55836647,-1.221644549,-1.763613738,2.188127057,0.215907724,-0.286862772,1.22002417,-0.40891366,1.652831644,1,Intrusion
-2.706091916,0.034215229,1.409547485,2.297461291,0.68503049,-0.54699548,-0.131540806,-1.324916543,-1.209530319,0.811732422,-0.974498864,-0.339428357,0.135169083,1.455333742,1.251197509,1.915074008,-0.337255326,-0.719658301,-0.128011485,-1.683467939,-0.567846269,1.692365838,0.342168822,0.921988934,-0.35193226,-0.01059598,-0.435633788,1.028534712,-3.376737362,0.4040368,-0.481906501,-1.282969683,3.732789852,1.313655057,2.848961767,1.365772629,1.745368642,0.370946527,0.570376929,-0.272210983,0,Normal
0.77506715,-0.233171605,0.134304832,-2.947442288,-0.277222384,0.385199012,-1.036340876,0.707053132,-2.330783237,-2.728802166,0.036535781,-0.872614901,-2.191353312,1.384320201,0.375657891,-1.670424597,-1.079267059,-0.650118093,1.797326546,0.421213708,-1.75346838,1.904182544,1.227871781,-1.486894582,-1.534018394,4.1889847,-0.369939489,0.265763983,-1.480351004,-0.898078568,0.188648811,2.247680724,1.841372713,-0.000608364,-3.860295087,-0.014298981,0.771055269,0.42898251,-0.348736517,-1.503140716,0,Normal
3.218057945,-1.851427707,0.812381456,0.980583169,-0.141935516,-0.060286942,-0.456511723,-0.285484409,-3.50866303,-0.987614579,-0.221513521,0.400544322,-2.51351231,0.959416719,1.455282276,1.937918267,-0.340448763,-0.340207233,0.972758292,-1.440394931,-0.38611689,-0.003672207,-2.453908023,-2.426422802,-0.375927486,4.142159768,1.279359355,-0.209859701,-0.921646842,-1.08301237,0.718672607,1.4143418,1.626798912,0.2644919,-1.17483188,-0.092161903,0.318119537,0.083353351,1.1032026,0.735902472,0,Normal
-0.527743359,0.664933241,0.121430896,-0.107326821,0.122084703,-0.030120477,1.157882992,0.080298052,-3.122915922,-1.149412339,-0.884570926,0.458525069,1.514784743,-0.29919096,0.123153791,-1.438876263,0.524647874,0.657080403,-0.494406632,-0.205339292,-0.639758447,-0.245606287,2.287334582,1.782420677,0.637314407,2.858308159,0.007577076,-0.342483819,0.069053735,1.916395587,0.628287628,-2.785882807,2.150442256,-0.572272945,-1.451328721,-0.213822087,-0.987410272,1.513276355,-0.121813897,-0.998622902,0,Normal
-0.030595792,-0.791736345,-1.393687873,0.37353951,-0.430372024,-1.23952213,-1.699898158,-0.843004506,-1.98441737,-2.452330793,-1.683032307,-1.138817802,0.44513494,-0.657316864,1.421668972,-2.342750408,0.086728697,-0.631939326,-1.005650902,0.458180281,0.138871436,2.148208819,-1.749548801,1.906256287,-0.116320829,1.298905608,0.408958388,-0.489129117,-1.754834262,-1.188784138,-1.053456674,1.183098915,2.458124388,1.157882502,-0.088415461,0.232100754,-0.416567123,0.305296962,1.148362373,-1.190648873,0,Normal
2.671223785,0.428550537,-0.787107573,-0.06048502,0.723785249,-0.590203553,0.251257322,-0.234822807,-3.74015711,-1.820497416,0.240438195,0.79683268,-5.146800589,0.063362838,0.089981697,0.122335757,-0.103680156,-0.082932748,0.003478961,0.09493998,1.18781943,2.318845085,-0.620536108,1.984919891,0.310105946,5.254774094,-2.043315615,0.3073885,-5.967041381,-2.685433086,-0.850030074,2.48712579,1.011493368,0.860922935,-0.091821427,-0.673981426,1.3310279,-0.894083413,-0.715583117,1.496089498,0,Normal
3.640597954,0.807915892,-2.32458341,-2.206468146,-1.804128976,0.148040842,-0.555046324,-0.478166771,-0.170538686,0.780689596,-1.326730653,-0.577996059,-3.044277715,1.404391635,-1.320008199,0.814890776,-0.593364187,-1.699258795,1.429232197,0.85080816,-1.107649019,0.683734411,-1.898926134,0.960777301,-0.029203761,2.180520018,0.852733544,1.954172911,-0.140600249,-1.237053837,-0.737305044,2.744691696,0.157488448,-0.064235628,-2.560962902,1.309339227,-0.811741015,1.014780979,0.755780095,0.496180514,0,Normal
0.875036816,-1.085195349,1.375974062,0.046060384,1.396362876,0.76689354,0.286766734,-0.679790384,-7.920193575,-3.863074665,0.995851868,-0.132237249,-2.795481658,1.108579692,-1.059258889,1.040546037,-0.313823092,-1.001762877,-0.881295212,-0.894568728,0.887024808,-1.450273682,-0.624159691,0.102540634,-1.100986842,8.406477749,0.037219116,1.215005974,-3.603934741,1.449772725,-0.027383386,-4.188986959,-0.064578067,-0.984501116,1.952869883,0.061765195,-0.371860436,0.076554662,0.608632713,0.586375616,1,Intrusion
-1.024627212,-0.820410672,-1.042347234,0.19085781,-0.539471771,-0.694122051,3.155757176,1.599217696,-2.631371158,-2.526762491,-0.821449973,0.920030906,0.796112074,1.799149527,0.100072816,0.527244077,0.865517787,0.496004262,-0.42830427,0.719718737,-0.809327439,2.186154582,-2.36880326,0.892806403,0.469914416,1.056660916,0.35806214,0.987738019,-3.70903537,-0.776053976,0.407393688,-0.880987329,1.811089683,0.413509864,3.128991915,0.025651655,0.991243621,0.440534277,0.414309427,-1.662138952,1,Intrusion
-2.156601509,0.890601804,-0.730035843,-1.361104144,0.514719819,-2.806679231,-0.904411107,-1.902057387,-1.967206162,-2.184172613,-0.99381811,-0.50332069,1.121419078,-0.2698966,-0.460550373,1.738142825,0.061903659,-0.379809467,-1.243881946,-1.053393978,-0.53072389,2.613062118,2.105345662,0.56269994,0.513696987,0.432327432,-0.211407408,-0.134237548,-5.23470607,-0.729840458,0.02565918,-1.467494282,1.268062996,0.677713727,2.631916005,1.129940222,0.32760687,1.998074124,0.762264761,-2.178244317,0,Normal
-1.203847015,1.82352032,-0.40863709,-0.623278667,0.056617834,0.618758248,-0.22155184,-1.898168633,0.954219453,-0.67588344,0.763061798,0.483228327,0.859314623,0.585115299,-0.433379279,-1.151398732,0.952165547,0.58546622,0.214939759,0.263572288,-1.047809114,1.844313132,-4.02388762,-0.245135766,-0.376472641,-0.569344979,-0.266466911,0.68857302,-1.667975552,1.381644239,0.682830416,-2.698800134,-1.737272134,-0.137648215,3.401477605,0.780615883,0.750364155,-0.196327193,0.848429539,0.248498717,1,Intrusion
-0.408136955,-1.287788834,1.661259359,-1.406346634,1.30649774,1.13308713,0.702746879,0.781054325,3.094097321,0.387070901,1.514410768,0.381960026,-3.79723567,0.001061651,-1.435569081,-1.148779893,-0.851686137,-1.36211654,-0.30998659,0.561680719,-1.113783397,2.305734998,-3.408462139,-1.187832895,0.247135044,1.402684161,-1.345901888,0.24832934,-1.501271001,1.549088,-0.923241523,-0.454086471,-3.704557589,0.258195062,0.285927407,1.91843803,-0.112165926,0.969994844,-0.294325456,-0.776488592,1,Intrusion
-2.195173515,1.147341848,0.980239266,-1.463352629,-0.47071319,-0.665689491,1.063341291,0.66940198,-0.067808961,-1.066832041,0.423266445,-1.023111011,1.231955588,0.788113405,0.395424377,-0.769620196,-1.920025628,1.967450882,-0.395111169,-0.403336631,-0.900714277,4.685992815,3.213095932,-0.146913241,0.470886585,0.246081883,0.443780812,-1.452786873,-4.713620702,-0.04184889,1.253587624,-0.541876139,2.759171433,0.574681465,-0.625956694,-1.665615621,0.143776595,1.285612021,-0.791145258,0.259358114,0,Normal
-2.222036479,-1.779439231,0.54363406,0.703726751,-0.133546604,0.127198521,0.391822239,0.758835713,1.626249856,0.164647602,-0.697362867,-0.8746698,2.834809807,-0.127621503,0.184616387,-1.185480878,0.348789791,-0.074185067,-0.207100951,-1.125734405,-0.205009367,0.946390784,2.146185447,-0.629401374,1.145882212,-1.469226555,1.370092317,1.083598326,0.775261942,2.137896481,1.905366522,-2.49321007,-0.10180078,-0.72266588,-0.701107139,1.140137306,0.254900095,-0.705655546,0.638655095,-0.684723193,0,Normal
-1.041914524,-1.442829705,1.584946065,0.087317385,2.968573127,-0.173156075,0.682427566,-0.376259251,-4.564298073,-2.495901337,-0.171334958,-1.824052262,0.136232625,0.022246945,0.012364595,0.400403188,-1.281060692,-1.441068634,-1.134952274,0.155145361,1.407776106,1.529795564,0.718184856,-0.242438447,0.17116952,3.09719961,-0.716552922,0.586433416,-4.726473038,-0.283363748,-0.752092624,-1.923922712,2.6024042,-0.517672586,2.362350846,0.507306737,-0.518486666,0.486668583,-0.281309827,-0.088511813,0,Normal
0.356245911,-0.505383176,-0.71564726,0.571178596,-0.054934297,0.766779768,0.140336654,-0.511407407,-1.101893607,-1.014454362,0.451130563,-0.82262567,2.076886449,1.274586065,-0.991214675,0.334088478,-0.196653678,-1.403594659,2.058464325,0.725159663,0.295391042,0.772333799,-4.576926813,-0.540953359,1.781968668,-0.856522468,1.33499704,-1.934741958,0.793895489,-0.73705865,0.34179912,0.682479618,2.62857166,-0.797032365,1.321157443,0.428348275,0.088041768,0.50742711,0.057816262,-0.631321389,0,Normal
-0.267172962,0.446009161,-0.097767122,1.306111224,-1.986596612,0.890587444,-0.291165019,0.619130433,-1.247287617,2.629582708,-2.074737843,1.558059354,3.059075584,-0.249236309,0.228313507,-1.327399235,-1.770479635,-0.613615783,2.13951671,0.03005342,-1.292128816,0.997270736,3.181540537,0.171862483,0.497410217,-1.635116528,0.298705082,0.881446031,-1.63876056,-0.065248389,1.574916629,-1.066985725,5.368512065,-1.058792526,0.409985108,-1.088642923,-0.074229531,-0.852580257,-0.126783501,-0.125324155,1,Intrusion
-3.276214343,1.516699767,-0.62175956,0.453268169,-0.547724815,-1.438721375,0.526933591,1.240646243,3.339584539,3.945605438,-0.131908639,0.826312609,1.349340048,-0.416657649,1.066762132,0.983651936,-0.704240561,-0.030571123,-0.372723514,-0.965296513,1.007227613,0.253423723,-2.069357154,0.777038984,-0.500714134,-3.564275223,0.113496976,-0.994577705,2.244423575,2.37376113,0.489634639,-1.173079069,2.801055831,1.999467964,1.675144372,0.751766239,-0.737831956,0.469955658,1.14703093,-0.472200547,0,Normal
-0.19991143,-0.687021391,0.139275319,0.006194763,-0.616742202,-0.206553614,0.752801786,0.656625291,-2.498177617,-1.88779975,-0.913703219,-1.371440926,2.12057284,-0.098360452,2.048369045,-0.458015474,-1.364141372,-0.776953696,0.968376217,-0.530567239,-1.472307214,1.595718093,2.030076347,0.526945786,2.284432315,1.950463202,1.595881282,-0.768721935,-1.964561295,0.866402145,2.154170056,-2.366931605,1.469562306,1.784214431,-0.742518974,-0.390942802,0.359478398,0.360350478,0.533527486,-1.98881939,0,Normal
-1.8265543,-0.56111316,-0.880405322,-0.569451619,-0.051984759,0.023244303,-0.736508288,-1.781963877,0.475797078,-1.833945278,0.884729584,0.425195527,2.647406263,1.675855363,0.06433222,-2.042339345,-0.045180248,-0.970623927,0.94620483,-0.312212852,-0.305740071,1.865547121,0.511472392,-0.246374922,-0.60980288,-2.296763136,-2.035793839,-0.326342681,-2.435826368,-0.813677673,-1.31973231,-0.85966557,-0.621692585,0.142699624,2.500630611,0.340412229,0.495775554,-0.921841742,-0.610559303,1.628776488,0,Normal
3.066549789,-0.923127826,2.068329023,0.104841314,0.277552537,0.680969063,-0.070905236,0.009465901,-1.105712242,-0.471354298,0.803737454,1.182664496,-2.495671821,-0.553893693,0.531132504,-0.162041887,-0.902263339,-0.16686782,-0.054236835,0.461861528,1.314680833,1.178365245,-2.638083441,-1.45201605,-0.111667045,2.863212479,-0.446474896,-0.937793044,-1.09284663,-0.829830746,0.810133739,1.490615158,-0.077413045,0.652961358,-1.46431615,-0.824485071,1.161887298,-0.520979001,0.767206933,0.193531872,0,Normal
-0.527915865,1.52342302,0.38988729,-0.80622264,-0.063413307,0.073232713,1.54571167,-0.626042242,-0.912654185,-2.899256223,-1.841357318,1.165097116,-0.391077749,1.145988946,0.235217149,-0.979185329,-1.084546438,-2.158240356,-0.479470298,-1.873080181,0.499416173,2.930918939,-3.097243013,-1.081002908,-0.273828987,2.337265354,-1.261295127,-0.421536975,-1.710750286,0.400250633,-0.852072379,-0.190561867,0.415392033,-0.77139052,-0.30707258,0.26795278,0.382612407,0.23581548,1.328740182,0.082638025,0,Normal
-1.352974566,-2.294280149,-0.802244215,0.078484632,-1.257798392,0.497877985,-0.197840449,-1.351456195,-4.06427721,-3.287901148,0.476671291,0.730284528,0.789221076,1.053202867,0.019593461,-1.030178587,-0.259002111,1.418701615,0.812789974,-0.890388609,0.943627308,1.84263576,3.016373285,-0.236834968,0.657807467,3.143081875,-0.329456733,-1.154344431,-4.577021719,0.022194461,-0.500555094,-2.242801067,1.547228377,-1.171262279,0.841069462,-0.575569963,1.380582976,0.388490732,-0.006073135,1.625295244,0,Normal
1.504654943,-0.413287726,-1.019792277,1.179942079,-0.221168941,-0.844498413,-0.299932524,-0.83928689,-8.790766039,-3.36842173,-0.266449582,2.323952525,0.355533608,2.390367967,-0.594003325,-0.627667471,1.611136416,1.07907398,0.107668856,-0.554336663,0.76813836,-0.531170642,1.218421942,-0.481171566,-1.351159487,4.376686835,1.586002764,-1.617431228,-5.644852754,-2.617837805,1.029442605,-1.098381796,4.16238475,0.793878941,3.529933848,-1.524663,-2.048906498,0.236325238,1.633036211,1.225271269,0,Normal
2.14486229,0.017422569,-0.081332582,-0.481306845,-0.459301647,0.294670633,-0.394159231,-2.045615913,-1.434757177,-0.951109664,-0.081172101,0.828195571,-0.822842666,-0.19655432,1.310509732,-1.762836599,-0.229619531,0.298922278,1.250539331,0.381022562,-1.462769974,-0.00430098,-2.571023295,1.09172748,0.763358047,2.879705274,-0.554718305,0.131226785,1.709845222,0.580239913,-1.263695652,0.436071293,0.585386369,-0.363397724,-2.536328187,-0.888042813,0.030162778,-0.376921675,0.985814185,1.148549887,0,Normal
-0.820433537,-0.459955796,1.787641663,1.084260231,-0.808270265,0.733148605,-0.478423975,-0.822407543,-3.070643231,-2.070181832,0.590552191,0.908660087,1.288886739,1.822617888,0.562032751,-0.027143511,-1.821591193,-1.268303247,-0.90310602,1.2487566,-0.497523441,1.981053345,1.734895981,1.360070785,0.512246512,2.277612875,-0.985333079,-0.265293644,-3.595014863,0.451037445,0.467228605,-2.323038439,1.854322227,-1.005896573,0.686455521,-1.086585923,-0.279577013,0.384360955,0.933781619,-0.554394304,0,Normal
-3.257113215,0.68787137,0.300562859,-0.032160018,1.415351875,0.545102244,0.993253532,0.734461408,-3.448918753,-1.642841855,-0.202281628,1.370547437,-0.05691551,0.725170569,0.736692484,0.528766858,-0.526716991,-0.457200649,0.631710684,-0.073762706,1.795690716,-0.635007623,1.394144061,-0.412583962,-0.507195653,3.445490218,-0.782025495,-0.401291677,-1.712129836,2.833971729,-0.085884915,-4.542942536,0.985734428,-0.615614097,2.069458114,-0.231564606,0.948079232,0.856542914,1.935326667,-1.993615697,0,Normal
0.670016191,-0.462297015,-0.251399143,0.559039226,0.208660751,1.356998709,-1.454395377,-2.045655797,-9.587753359,-4.509687826,-0.431040068,0.888297755,-1.031722864,0.304799301,0.007920863,1.026899561,1.103923971,0.531134645,-0.906771091,0.260305024,0.272339749,2.36841561,2.325397173,-0.847541286,0.787402139,6.364944576,0.617579547,-0.638854939,-9.407191866,-2.861327121,-1.216316275,-0.942110151,5.322735613,-0.350249526,3.154652964,-0.341809625,0.118675559,1.096509636,-0.07234905,0.561395601,0,Normal
0.449919673,0.325700353,0.020510964,0.7533994,0.978331049,-0.831555961,-0.406260769,-1.130643597,-4.933796509,-5.059929479,0.15451404,-0.932565182,2.350448192,-0.239121389,-0.557964206,1.35818498,-0.829713301,0.783815262,-0.650643085,0.129066105,-0.941547107,1.677785595,4.551479461,-0.88222299,0.361464702,3.48329956,1.000495271,-0.900520744,-4.162561098,-0.78145719,1.110556597,-2.094476879,0.238180896,2.040334595,-0.888019758,1.118292576,-0.752332833,1.483419827,-0.200457253,0.083558902,0,Normal
-0.095958455,-0.009768802,0.781619762,0.519587712,0.990759523,-1.894790846,-0.00516913,-0.548637617,-3.819187802,-1.284780161,0.404276783,1.116771029,1.295196094,0.468223476,0.714465701,0.761154281,0.155680097,-0.206766316,1.149911964,0.315891813,-0.924184602,1.682519361,2.264479045,0.286096871,1.429116438,0.71327792,2.31760111,0.113702405,-4.675329783,-2.17069805,1.332842728,0.200411266,4.091425279,0.515635878,1.790367574,-0.90442617,0.144193253,1.527373933,-1.196619417,0.786776417,0,Normal
-0.99350806,-0.672614725,0.612793737,-0.725431382,1.502368741,-1.359546142,0.787953773,0.181722528,-3.431526284,-1.879081571,2.257839634,1.249817958,1.162429272,-1.392423028,-0.75863683,0.568075157,-0.687966271,-0.847557882,0.331118988,1.211970377,0.829775706,0.792284714,2.05860004,0.892481493,-0.176601692,2.094045457,-0.494894234,-1.381910381,-2.725972898,0.25053113,-0.008356966,-1.970505764,2.12830274,0.140403891,0.838099651,0.34221323,-0.615698098,-0.777766371,-0.204430398,0.474596951,0,Normal
2.180781545,-1.60981361,1.232435427,1.137323793,1.0756538,-1.922772109,-0.342763068,0.518061281,-1.975975537,-1.544699386,-1.605567588,0.768749593,-1.980644247,0.281226971,1.920733272,-0.35870803,-0.049232882,1.490782827,-2.730987974,-0.334120793,-0.52819235,2.15093078,-0.517939508,1.255696643,0.202249272,2.275934984,-0.716844572,0.32021526,-2.595818707,-2.711586713,0.1962034,3.510949091,2.256381231,-0.713696193,-1.809815908,1.305379714,-2.252409338,0.522433325,-0.175352823,0.618469367,0,Normal
3.166118693,-1.759434207,-1.263864742,-0.182166784,0.291726926,-0.538433999,0.621527284,-0.918724055,-2.447201569,-0.174679,0.758082795,-2.003213489,-1.487118445,-0.71939709,-0.696315295,-1.735163674,-0.900809948,0.02018697,0.47067778,0.451339582,-0.345728474,-0.151168531,0.100228159,2.075740857,0.436836783,3.132389186,0.04237121,0.563227127,0.602412261,-0.944088065,-0.125458361,2.090042246,2.354575864,-1.065772308,-3.554223799,-0.345935853,0.088600946,0.420822011,-1.028988755,1.117694654,0,Normal
-1.840129285,-0.180097958,-0.318876825,1.121678557,-0.471458175,0.564986944,-0.047427883,-0.335719221,-6.609661603,-2.748149188,2.627571077,0.970088742,-0.859091851,0.765872481,-0.307426124,-1.091935162,-0.609637885,0.989837346,-0.212756792,2.451949105,-0.340470457,0.516521245,1.666605017,-0.934272387,1.915438948,3.240603433,2.437008676,0.925404423,-7.125755891,-1.76008529,0.93236187,-1.648284604,3.443405642,0.790193599,5.36494928,0.818821876,0.8442336,0.369829209,-0.113705601,-1.233380578,0,Normal
3.058560893,-0.246821619,0.252624873,-0.080890204,1.172702061,1.478898735,-0.616590498,-0.195187437,1.252895776,0.790797613,-1.595817917,-0.411599027,-2.064823003,-0.405147433,1.446172172,-0.51097407,0.174550773,-0.413886746,1.018933208,-0.144887388,2.124174489,0.837127009,-5.402794337,0.64173921,-0.383849217,1.473230169,2.028991276,-0.75066634,1.472582369,0.521266323,-1.184752873,0.951943336,-1.345860449,-2.052893331,-1.486104331,-1.07313812,0.328182881,-1.337279623,0.332379618,-1.117998748,0,Normal
-1.878007426,0.265127849,1.21674993,-0.706591575,-0.236524923,0.948528338,1.677256057,1.613062559,1.536229758,-0.522434901,-1.30124304,-0.461999248,2.652288292,0.034102746,-0.970589981,1.039363729,0.839733219,0.879794505,1.49438596,0.231177824,-0.726310995,1.510352652,0.852304729,0.148803074,0.138435031,-1.904876327,-0.548252185,-0.342155904,0.121974944,0.868218241,0.235698625,-1.146476169,0.09724054,-0.575773302,-0.078793718,-1.837434079,0.311546565,0.3101578,-0.138141201,0.05108891,0,Normal
1.014109036,0.663400333,-0.158958976,1.710503933,1.611132844,0.87239512,0.030293431,-0.435984706,-5.144000713,-3.042014167,0.602129291,0.889466073,-0.969007458,0.048074306,0.869624193,0.260973167,0.210395757,1.111469769,-0.990411531,0.720006273,-0.328770706,-0.244064885,0.203890599,-1.421390248,-0.422725697,5.545229409,0.322435372,-1.413387009,0.13498016,0.210914058,-1.382258871,0.238356545,3.24200399,-0.891820589,-2.982836044,-1.383485273,-1.107115127,0.335990446,0.506425462,-1.007403707,0,Normal
0.033904814,0.749601566,-1.211768494,0.594277408,0.214369509,-0.516847373,-0.582679752,-0.879494786,-1.126548678,0.086822348,-1.253925579,1.147272923,1.468618275,0.864079053,0.268550808,-0.519778932,-0.567851123,-0.455055741,-1.859193595,-0.380131091,-0.427821292,3.656786334,1.118606716,-0.683363475,1.384743539,-0.444544529,-0.522781355,-1.563894304,-3.800521705,-1.606260143,0.51359441,1.16179931,4.73006763,0.002260296,-0.120805666,-1.300097319,1.324246389,-2.922465263,-1.395388029,1.268712156,0,Normal
0.087600337,-1.88916216,-0.57139957,-0.809956207,2.38874158,0.81783392,1.663908862,0.206445212,-4.818018913,-3.296587347,-1.42871416,-0.904904631,0.524167467,-0.479018796,-0.505627151,0.974211692,0.778396366,-0.544729524,1.018833816,-0.456287964,-0.213208381,-0.118797435,-1.513689988,1.947168864,1.69430813,3.843953164,1.36519454,-0.532793517,0.43311233,-0.009583528,-0.71518593,0.074776125,3.763206442,1.340378981,-1.192070546,1.862214077,1.468134817,0.201841452,-1.984017652,-0.477799767,0,Normal
-1.572121617,1.281269789,2.084062093,-1.730126025,-0.702541165,0.093600769,-0.675137692,0.889258549,-4.760639261,-1.397616242,-1.966086959,2.036074523,-0.264178355,1.639540146,0.903691729,0.474646802,-0.178828403,-0.000606704,0.208041268,-0.619875078,0.964412582,0.838879311,1.752442461,-1.114225881,-2.501829272,1.940884718,-0.859963946,-1.408084819,-5.25275061,-1.465353885,-1.573457291,-0.670469223,4.153435428,-1.156531779,3.435532442,-0.269435306,1.583015171,0.055832989,-1.879327009,-0.74341187,0,Normal
-2.486727657,0.201546203,0.032755462,-0.842932785,-0.632646142,-0.778784765,0.130407419,-0.706428973,-2.799910472,0.716058824,-1.068373137,1.840489815,-0.507419987,1.109317826,0.219608194,-0.211829302,-2.594419982,1.005457826,0.880184037,-0.109793745,0.387440769,-0.368550813,-0.686366359,0.080602119,0.045100588,1.757750152,0.831207398,0.345372156,-1.662851084,1.549539815,0.465101444,-2.442410221,3.683136497,-0.234541852,2.964728456,1.782560017,0.212330387,1.00503827,-0.508049152,-0.548615742,0,Normal
2.361739138,-1.596633553,-0.901885891,-0.879386143,-1.409666554,-0.702266297,0.120142935,-1.342749282,1.018234052,1.061355242,0.982951102,-0.246069968,-2.263745297,0.041282427,1.406123851,0.24717508,1.920071777,0.629358338,-0.20399286,-2.172291169,-0.900512243,2.681142722,-2.53548785,0.224697835,0.489902116,-0.089758389,0.0877859,-0.810814376,-2.652471465,-2.227471861,-0.965292072,3.086126997,0.783376972,0.205239368,-0.108044898,-1.636339247,1.014746209,0.31134074,0.268598345,-0.961273519,0,Normal
1.393054521,1.414470114,-0.26216541,0.065052357,1.871267824,-0.640507587,-0.37231346,1.750607296,-2.941326702,-2.858574018,1.343276626,-0.469536083,-2.187194875,2.002229124,0.94673866,-0.241207618,0.578744688,-1.416885176,-0.446345346,1.202040324,-0.236684568,1.381895921,0.002748825,-1.713492528,1.451835688,4.072139941,0.145671517,-0.906731605,-1.687498763,-1.410471584,1.174182039,2.224940348,1.539528833,-1.151386271,-2.603924922,1.133674565,0.610715172,0.788958512,-0.358408041,0.198075473,0,Normal
-0.877477817,1.093926474,-0.137460676,-0.562651375,0.158188062,-0.094428432,-0.297914534,-0.599516024,-0.807732263,-1.502684099,0.948385196,-1.317757526,-4.021409367,0.582542721,-1.321797161,-0.277014925,-1.996939373,-0.49847661,0.194743025,0.934853551,-1.3247738,0.757447803,-4.495279326,0.947701189,-0.551107424,4.711402768,1.904465648,0.675036006,-1.600349413,2.752174426,0.117532921,-2.826997792,-2.927505734,-0.062715404,1.634401307,-0.395319912,0.971512029,-1.574807605,-0.458169985,-0.247414755,1,Intrusion
4.027859069,0.048969503,0.605458115,0.803631782,1.239250569,-0.197943625,-0.656569385,-0.249660157,-12.85961159,-5.649770504,0.063164311,0.164143735,-2.134898727,1.198739227,-0.052403818,0.545734518,-1.129569334,-0.244767555,0.216231541,2.172101573,1.586272778,0.552856762,3.653566238,-0.433176676,2.087220045,9.78467173,0.544100059,-0.785994305,-9.741393689,-3.363723995,0.388500294,-1.528612121,3.852213126,-1.064993595,1.893488899,0.08244226,2.344327347,2.004042763,-1.541235188,-1.48240116,1,Intrusion
-0.339702684,-0.430895896,0.443007795,-0.128074602,-1.673196506,-0.3903426,-1.668449896,-0.002646306,-0.085130563,-1.176463305,0.463758847,0.586809849,1.770848791,0.049849593,1.424188573,1.547801639,1.105909288,0.553777076,0.107839376,-0.162603056,-0.666373024,1.695608231,-2.952925224,0.185373425,-2.099818831,-0.270377911,-1.770361729,0.035414868,0.663888996,0.257472897,-0.814508499,0.15927465,1.841195448,-0.537166448,-0.321910535,-0.828449142,1.331701953,0.919722131,-1.077699903,-0.159554186,0,Normal
0.713242311,1.040816543,0.48189839,-0.309437854,0.094941324,1.75445694,-0.695142877,-0.197849488,-4.45638274,-2.475631385,1.393902969,-0.704741181,1.76607375,-0.416144036,0.740022111,0.166922988,0.189483949,-0.659559635,-0.870202657,0.930747859,0.572164419,0.998772109,2.598081027,0.115408776,0.894487959,1.99873471,-0.43149886,1.140192512,-3.427182527,-1.402726287,-0.350544982,-0.735181107,2.647394286,1.087055155,0.367498394,-1.129273308,0.439721755,1.386471826,0.854930586,0.529708106,0,Normal
-1.813238203,0.053162062,-0.928757669,1.060579186,-0.429331315,-1.155220505,0.503252694,-1.077063255,-0.71356882,-1.80564532,-0.714435827,0.940244277,1.764725626,0.165940994,-0.220711054,0.696121444,0.265458655,1.245512528,1.17463281,-1.213391699,0.274202523,2.409231885,2.563493633,0.322375649,-0.35385247,-0.001983268,0.105488782,-0.413217071,-2.943477866,-0.083354365,0.451164456,-1.05864836,1.043328446,1.135011164,0.27728358,0.298335151,0.135585531,0.536529184,-0.240915723,-0.724701788,0,Normal
3.508712513,0.205403941,0.956889094,0.192695039,-1.026498142,-1.070103321,0.005697211,-1.275915516,-0.376199345,0.08132396,-0.692345683,2.534442862,-4.085752703,0.365861005,0.159070921,1.960152383,0.574128904,0.279605151,2.077208324,0.745304257,0.321196912,1.831344142,-1.207706803,0.950075081,0.775064619,4.204323573,-0.545694774,-0.695997838,-1.247484717,-0.257416524,-0.616348222,1.858832632,-0.519154109,-1.053463732,-3.743413925,-0.577921637,-0.128132114,-0.015343758,-0.435106278,0.987887556,0,Normal
-3.146202043,-1.497086975,1.080413263,2.254262886,-0.078266954,-0.48903412,0.324354934,1.330557415,1.001464897,-0.642987082,-1.660786941,-0.887312116,1.155233002,-1.024193415,0.829854842,1.747589264,0.266530934,-0.767757995,0.594590958,-0.689569682,-0.331849631,2.997822079,-0.650002551,0.442019808,1.119688052,-2.188092794,0.128600104,-0.885839567,-3.677665145,-0.523495635,-0.259460491,-0.463267914,1.156406128,-1.418578015,3.46542022,-0.528507427,0.48989046,2.728076024,-1.421332782,0.502713381,0,Normal
-1.219316087,1.710190565,0.135478259,-0.580030768,-1.541997532,-0.633702341,1.312046347,0.672030487,-3.019475961,-1.53353596,1.216984455,-0.8656049,1.214295938,-0.324404646,-0.753801701,-0.936552624,-0.141988999,-0.13235841,-0.895848128,0.026149956,-1.076720947,0.586322898,0.318669514,0.855015389,0.768512253,-0.072497593,-1.370158517,0.132107105,-3.76361842,-1.435548223,1.086230807,-0.877692272,2.03297283,1.323696217,3.911264346,-1.160024207,0.095409143,-0.445138411,0.122325124,0.095473535,0,Normal
-0.055663598,-0.329359486,0.597429838,-0.305767257,0.525927902,-0.149826186,-1.717998377,0.927606131,-3.882599385,-1.441752665,-0.858669271,-0.331336976,1.119463005,0.708241203,1.276438183,-0.657508578,2.234259752,0.50410099,0.223703031,-0.163212943,0.72379676,1.385298306,1.202864189,1.544391865,0.317458924,0.392367791,-2.240995772,-0.431176206,-4.741953619,-2.563927433,1.1293483,0.421880059,3.741539641,-0.287374935,2.800260222,-0.413061987,-0.100195122,-0.325573919,1.915251223,-0.03961796,0,Normal
-3.551064491,-0.048931087,-0.447912629,-0.010554551,1.346097358,1.456351238,-0.360291752,-0.719558114,2.125956857,0.453381786,-0.067694377,0.280466573,0.611806007,-1.477278599,0.717417576,1.429501066,-0.795300171,-0.376524457,1.126487035,-1.385611894,1.386083798,4.786208756,-0.986460865,-0.760983077,0.917450335,-2.79485883,-2.216362202,-0.217096184,-4.888313078,-0.766645661,-0.368398304,0.450859689,2.628054178,-1.226454737,3.317272134,0.736628664,0.757824437,-0.982682507,-0.613277646,0.216268432,0,Normal
-0.621148026,-0.851634031,1.717405888,0.403459386,-0.111669603,-1.753401745,0.273236293,0.999398812,-7.682077526,-2.476637205,-0.257514314,0.620400136,3.390800493,-0.471886614,0.292841352,0.692795339,1.068645254,-0.237267821,1.207873569,1.327157102,1.465737628,3.396598044,4.267909732,0.680855946,0.18536488,6.388865171,1.218722266,-0.138109802,-5.394620895,2.802174159,1.813358468,-6.097898197,6.848456466,-1.274474101,-1.11083433,-1.832675621,-0.775147168,0.829437788,-1.545049894,-1.424008202,1,Intrusion
2.140831348,-0.707003361,0.073295305,-1.008002643,2.928572394,0.469302165,-1.284525764,-0.799275098,-7.873787509,-2.037533944,1.20501387,2.026925207,-2.173829737,0.464102146,-2.537255952,0.279853067,-1.084010291,0.23058285,-0.852525018,1.357177434,0.073165637,-1.519130802,4.638488535,2.571291667,-2.359358435,3.985646318,-0.728146579,-1.116286995,-6.835703627,-4.171548343,-0.728409338,0.774849267,2.575347369,-0.678895198,3.148374347,-0.678940862,-1.650285659,0.920457135,0.771381113,0.074015888,1,Intrusion
3.707115915,-1.182039782,0.414171125,1.048515206,1.13780994,-0.263418303,-1.130813226,-0.121598634,-3.284879205,0.385401193,0.499624499,-0.259187586,-3.221412272,0.180968066,-0.63190145,-0.158402183,-0.015922283,-0.331212022,1.373474166,-2.015416457,-0.817655755,-1.820321083,1.332471813,-0.951757362,2.298044852,0.41755842,-0.370914713,2.337437762,-4.505126638,-5.245740596,-0.343316903,3.48692902,-0.225094695,-1.536338381,3.256765581,0.430166076,0.889789109,1.05921957,-1.138109129,-0.033928521,1,Intrusion
0.260032948,0.92380742,2.073956984,0.179299763,-0.059749588,0.517775409,-0.80001309,-1.256498385,-5.249762606,-4.507443615,-0.660872295,0.158523335,0.48627158,-0.060945753,-0.142816935,0.123777499,0.861006512,-1.667971883,-0.825515011,0.798239101,0.05276965,-0.465949889,0.205506218,1.038298615,1.969532028,5.202115732,-1.706458555,1.496540708,1.782390645,0.353530793,-0.74345883,0.460349658,3.495680839,1.155478439,-3.952772168,0.346454391,-1.342671425,1.660891418,-0.48931298,-1.632405736,0,Normal
1.819606965,0.575022492,-1.449579741,0.177002494,-1.016901099,-1.117797199,0.98473373,-1.178567849,0.082745186,0.195458129,0.013807212,-0.21638181,0.052748091,-0.701859768,-0.554170645,0.341553529,0.532955733,-0.105281364,-0.411147047,2.799057767,-1.568961633,0.959453291,-4.469165941,-0.832779165,0.672987154,-0.039227955,1.08817511,0.544317362,0.654211421,-0.529761169,-0.102085646,1.14427833,1.023575279,0.623860977,0.038333827,-0.419663768,-1.291452301,-0.41233661,-0.598646187,1.10534774,0,Normal
-1.57871902,-0.553578708,-0.836693736,0.032692173,-1.922543378,0.057264968,0.179797726,1.385141762,-0.333706472,-3.361229221,1.484995839,-0.952541024,1.740109801,1.17848011,1.114679351,0.13047244,-0.078167476,-1.520117173,1.718859724,-0.355306393,1.438464465,1.98193082,-0.851801851,0.022947196,-1.401865159,1.098430949,0.577576999,-0.31160693,0.932760993,0.878945219,1.601612598,-0.115365825,0.824857505,-0.143213425,-2.214573611,-0.976305071,-0.9121233,1.59084604,-1.556398613,0.38728453,0,Normal
1.347665606,-1.519495833,-0.034991874,0.189630166,-1.509142238,0.949821123,-0.791150405,1.117366369,-3.732130795,-2.244602576,-0.624553411,0.23864605,-2.243598994,0.192199068,0.085193829,0.210064309,-0.744356576,0.028516002,0.754998856,0.008244147,-1.388483132,1.086464435,0.176787539,0.159889376,0.547466818,4.165774058,0.393014333,0.996973184,-2.403615273,-1.475129617,-1.324305655,1.791768889,2.453791347,0.432573069,-1.600810289,-0.337044778,-0.850539666,0.901387528,0.44754043,1.005127424,0,Normal
3.978585718,-0.258463038,0.098918743,0.454390866,0.300005625,0.971385361,1.561415771,-0.966826624,-2.349777504,-0.237426735,-0.461438941,-0.694723763,-3.981110223,-0.40284869,0.007389402,0.117172774,-0.32789171,0.723337383,-0.907835725,0.972854344,-0.825123695,2.065420944,-1.604238328,0.606484921,-0.242138869,2.753344784,0.372324804,-0.464380801,-4.607786885,-3.720089599,-0.95102105,3.926646822,1.579166652,-0.460938611,-0.160245916,1.758866084,-0.118097166,0.36435276,0.821327136,0.293838166,0,Normal
-4.557057131,0.773707273,2.513642936,0.217941334,0.185172545,-0.483638375,1.235313907,-0.962038825,0.938649262,-0.248897444,0.814440089,-1.386291711,0.334059974,-0.653832147,0.204881188,0.23358886,0.070492599,0.323634135,-1.407445982,-0.2813522,1.404450118,1.570219028,-1.100627114,0.372836157,0.05526939,-1.363480462,0.995021351,0.633074066,-2.293666326,1.171462453,0.304181872,-1.865822671,0.746527379,1.957602254,3.968365716,-1.114344015,-0.848755759,-0.441649555,-1.552018987,1.649135353,0,Normal
0.83502459,0.904760216,0.527397338,1.181668885,-0.387595233,0.20413915,1.039358752,0.897532829,-2.798843728,-2.783572112,0.483732483,-1.616941968,-2.321701679,2.293529229,-0.820584,-0.001816451,0.399890399,0.589329206,1.114428041,0.97467192,0.00059141,2.383485688,-0.886307004,-0.895605449,-0.577561683,3.574645999,1.050487269,-0.164688031,-3.97521401,-1.601380418,-1.646409923,1.39416485,1.060526026,1.111581714,-0.174730681,-1.446601578,0.829115258,0.524975489,-0.530990937,-0.114932172,0,Normal
2.94878452,0.854300185,-0.766638692,-0.546257718,0.2885097,-1.983752649,-1.526678304,-0.540715626,-7.075828989,-2.108013442,0.405095766,0.575684179,2.396496043,-0.946303224,-1.08981456,0.819558525,-0.653625884,1.52730926,-0.160043313,-0.146135437,1.555325947,-1.855115708,3.528998596,-0.307605377,0.214840267,3.440148739,-1.831694138,-0.333466036,-1.04851104,-1.332320541,0.080660798,-1.09108081,3.692074476,-0.65706128,-1.02362821,1.441308722,-1.475997431,0.853964585,-1.331424152,-0.546376554,0,Normal
1.09913017,3.073633339,1.150417585,0.053796567,1.037747319,-0.352976999,-0.563700716,-0.740646906,-2.017426005,-2.070268957,1.603100462,0.986830407,-1.310726555,1.030941733,0.634371796,-0.188251341,1.155146066,0.800258831,1.340709753,0.051191746,0.653361977,0.218721138,-2.634088298,-1.701004708,0.719589908,4.721125714,-0.750150308,1.058744882,1.801553722,2.02725251,-1.912436283,-0.904372044,0.178614549,0.199859632,-3.094865076,-0.612421146,-0.642116505,0.442620328,0.156996624,-0.772634864,0,Normal
4.413528428,-0.139626384,-0.409399059,-0.361109532,-1.781930348,1.615993761,-0.510349913,1.348170127,-5.514249825,-1.61445959,-2.38531266,1.258179161,-0.679612968,-0.297882066,-0.502014863,-0.123811622,-1.186554037,-0.006600224,0.877758786,0.080506747,-1.748241252,0.722331473,3.497144717,0.376255528,0.533960711,0.423711592,-0.538389082,-0.965382805,-8.216647331,-7.090698256,0.190809336,3.513082582,1.82937445,-2.117541594,3.463643013,0.267906224,-1.80078675,-1.551967396,-0.617296139,1.347953185,1,Intrusion
-2.792871225,1.463254826,1.185023949,-1.736596957,1.630836645,-1.099717728,-0.013598759,2.102811083,-2.591122228,-4.64980724,1.727952765,-0.406584246,0.953559994,-1.013949352,0.094589569,-0.51163526,-0.317266105,0.247545669,-1.369037747,0.504092021,1.133246076,3.166270667,0.526773436,1.622857892,-1.537315228,0.76876329,1.127565224,0.783813938,-7.196321827,-1.329918997,0.037817241,-2.140593175,-1.056906966,1.088563329,5.133704273,2.565471,-0.581091403,-0.475995463,-0.164580325,-0.63656712,0,Normal
-3.071220832,0.959603668,-0.09535144,0.398068637,0.607693712,-0.342937928,-1.821212688,0.465526745,4.793167062,0.464165567,-0.269256899,-1.2197445,2.369734764,-0.982526599,0.834556433,-1.016736353,-1.847406705,-0.072899352,-1.362664405,0.300166863,0.381097022,5.753264382,0.38558028,-0.810579832,-0.411932749,-3.806003309,-1.897705619,0.03017272,-2.414665896,0.392910596,0.95742104,0.389238018,1.134030336,0.451839946,-0.461998565,-0.572297789,0.063716869,-0.247908661,0.685962772,-0.157538275,0,Normal
3.324986141,0.102774986,-0.028684276,-1.463202334,-0.003258048,0.039350329,-1.908722972,0.979438844,-1.765173813,-0.994996443,-0.538194643,-0.297143591,-2.71988282,0.04040777,1.863164806,0.984253711,-0.868269084,1.263684967,0.216791179,0.116908963,0.210911124,-0.527169685,-4.808763297,1.56826207,-0.769057344,4.17025822,0.501522033,0.13099566,0.304213795,0.875098404,-0.92374952,-0.949484531,-2.494713326,0.155734895,-0.263742722,1.06311922,-0.411151114,0.356098304,0.091390758,0.707351867,1,Intrusion
1.982878471,0.033472849,-0.452956539,-0.20549276,-0.823402892,-1.405069814,-0.086094955,-0.734061697,-5.993931167,-3.509243335,-1.051123644,0.208465075,-2.267916366,-0.877785878,-0.207189349,0.061044839,0.551075985,-2.900067318,0.725909589,0.155543807,-0.457686791,1.439379296,4.598991804,0.751257247,0.904345904,4.700640132,0.145241862,-0.109202265,-4.199641446,-4.420631186,-1.388573531,4.89412592,5.314642772,-0.513673855,-3.579672916,-1.083437081,2.273630391,0.340564666,0.296913548,-0.150948797,0,Normal
-2.017789586,1.001004459,-0.765321098,-0.170766614,-0.335420729,-1.630322383,0.199336907,-0.953797117,-2.093894429,-0.790040323,-0.020506838,-0.012500317,0.740320632,-0.041446006,-1.022820905,-0.636098894,0.092374669,-0.140982602,0.086457677,-0.974536055,0.386499895,0.417146408,1.013737547,-0.462141827,-0.365119006,2.480120323,-0.895350165,-0.347523392,-0.474790031,2.494600821,-1.031689065,-3.071739589,2.026167152,1.813666796,-0.210358315,1.918050754,-0.179654234,-0.091737085,-1.587525874,-0.206005738,0,Normal
-1.753164555,0.23690026,-0.872379152,-0.121629115,0.130632647,0.667182904,-0.392335481,-1.258553977,-2.482816792,-2.115069927,-0.181442666,0.175903023,1.465040664,0.347923567,1.094103273,-0.702899649,1.317299907,0.380071396,0.37217733,0.244232247,-0.779633339,0.190956339,1.94936498,-1.91978208,-0.873022316,0.859314647,0.283914845,-1.35257959,-2.049464019,0.109244356,0.127562843,-1.845109529,0.869888511,2.126065706,1.593368017,-0.84816215,-1.012404046,0.142110918,1.129514914,0.196255658,0,Normal
-2.536080402,-0.356217432,-1.208865133,-1.165339804,0.43718694,0.093947581,-1.717298956,-0.468505671,1.271888765,-1.924414493,-1.012420717,-0.583475106,1.904307091,-0.334550964,-0.335645403,-1.019836209,-0.767788661,0.610861946,1.161007001,0.986494834,-1.826591321,5.537646784,2.057223384,0.520367373,-1.596775484,-1.70162221,-0.563486984,-1.046127402,-5.550202241,-1.165712259,0.224788581,0.147276271,1.140412972,-0.473680002,0.945896363,-0.018326924,-1.474040511,1.939568206,1.842937135,-1.7297655,0,Normal
2.54408001,-0.94947984,0.642016382,1.697840897,-0.908604214,-0.760777058,0.97766848,0.404301426,-6.849327548,-1.015841511,0.191833189,1.217888127,-3.65546924,-0.04829302,1.579212671,-1.874109269,0.374251235,-0.52325174,0.359473707,0.318262487,-0.997476773,-3.426189267,0.837177373,-0.019014358,0.853579123,3.29333525,-1.745249357,-0.833898613,-4.528219476,-4.107795653,0.381474721,1.544849988,1.249147956,-0.480039742,4.577970388,0.179621528,-0.868421456,0.153443334,2.639320403,0.020958325,1,Intrusion
2.270624774,1.215019073,-1.671795901,-1.669760785,-0.777391682,0.565021971,1.298683068,2.030462039,-9.512641485,-4.035161249,2.557420489,-0.660074994,0.888927916,-0.921809662,1.53622984,-0.632544261,-0.422592811,0.835629599,0.863933834,1.250920904,1.04168238,-0.309767522,5.037947872,0.825973566,-0.714023942,5.694892055,1.084900818,-0.077354933,-5.487875801,-2.471282237,0.13186793,-1.073396242,4.411607606,-1.367133845,0.255336197,-0.293210071,2.091342465,0.822520059,-0.769247184,-0.735179346,0,Normal
-1.474632382,0.701102033,0.76649978,1.559586271,1.562720911,-0.428374984,-0.513802587,-2.610175553,0.157740296,-2.307194871,-1.641709244,-0.439447051,1.930545793,0.462200997,1.966272422,0.495066537,2.244160599,-0.589848587,0.226493545,1.506998028,0.031496908,5.48626287,0.907750023,1.363805643,1.592490443,-1.990939204,0.090709867,1.328128122,-6.909680057,-2.694909294,-0.342692509,0.802078438,1.327006569,-0.737745104,2.691578921,-1.14890957,-0.126035676,2.457942613,0.682321125,0.84874691,0,Normal
3.599498775,0.069799585,0.526841882,-2.351322433,0.011420127,-0.168295516,0.726232965,-0.897874855,2.021714763,1.898187566,-1.808442276,-0.146995792,-2.194595871,0.648288523,-0.967778033,0.184341096,-2.294201082,0.560184924,0.414021329,-0.487839489,0.394685707,2.082834635,-5.450685657,1.165248934,-2.096778467,-0.228106445,2.162712542,-0.031455954,-0.584542919,-1.19598882,-0.476762302,2.434365011,-0.49584995,-0.840077553,-0.270686832,0.86881841,-2.100026444,-0.216408896,-3.331914757,0.30274873,0,Normal
0.434657567,0.128917452,0.255341372,0.006779461,-0.841168676,1.320278244,1.074225078,0.2269299,-4.792150269,-3.816109017,-1.061418745,2.248108716,1.345843323,-0.576678101,-0.240519938,2.004633085,1.462496591,-0.375786424,1.118988112,-0.580156953,-0.942396184,3.374123894,3.773710803,-0.086870579,-0.124213971,3.366247034,0.580636534,-1.308866019,-6.049855053,-1.520056809,-0.05394222,-0.860403633,2.693251271,-0.179738973,-0.45697142,-1.308221191,-0.888169216,0.756447477,1.109315857,2.049977022,0,Normal
2.927699454,-1.000228253,-0.038345541,-0.054912854,-2.698763964,0.0508569,2.344241947,1.365770194,-8.916962895,-1.482340836,0.348816382,-0.003949394,-1.111233194,0.259667738,0.462974153,1.054933152,-0.636163379,-1.989910479,-0.263012299,-1.062510211,0.491496474,2.312785102,5.981944901,-2.03425412,-0.589904404,7.534805996,-0.311827131,1.90285631,-8.571313676,-1.108037168,0.471841551,-2.298624899,5.627113072,0.808137593,-0.661170344,0.126913441,-1.214377983,-1.575863293,0.962673362,-2.731853254,1,Intrusion
3.357356928,-2.524201326,-0.961856168,0.005680269,-1.489645559,0.123146308,0.387393082,-0.601632061,-2.81216495,-0.721442969,0.705924962,-1.052685271,-2.288570217,0.191752499,-0.977535281,-0.872600706,-1.346390332,0.594687342,1.463055704,-2.22477613,-1.50560149,0.32062257,-0.784727222,-0.635348452,0.434011973,3.453682941,1.3365858,0.357552624,-0.754208013,-1.678953094,-0.833333966,2.520082959,1.972800432,1.007968359,-2.517229706,0.249661498,1.565634962,0.960687491,-0.012686763,-1.578738526,0,Normal
0.864552448,2.520650663,0.7250959,0.201924867,-1.095088983,-0.315272463,-0.112924536,-1.952678862,-5.38843046,-0.842274839,2.350089353,0.09421418,1.240814626,-1.245890353,0.811515268,0.464972266,0.820294327,0.448058187,-0.898519615,-0.374743296,-0.622502293,-0.894831716,1.010596151,-0.690583486,-1.628867969,2.542922123,1.262381221,-2.642849007,-1.796553702,-0.411349291,-0.123453157,-1.548244488,3.996702998,1.0241246,1.248309439,-0.205850617,-0.976151074,1.393244651,0.48589193,-0.649660653,0,Normal
0.66091842,0.386304006,0.074944293,-1.121737761,1.271389789,-1.216858611,-1.326522273,0.79260863,-1.963033615,-2.486486638,1.022050929,0.303666437,-1.538720272,-1.119708294,-0.613247922,0.200457231,0.588477812,-0.493345233,-0.510279373,-0.63199388,1.701537029,-0.572274648,-5.542235149,1.148545805,-2.332320689,5.674434285,-0.425239836,0.881644164,3.71487629,3.752273316,1.254512882,-2.320164196,-0.82079515,0.792638248,-2.732608743,1.521225818,-0.566472143,-0.015112596,0.650591418,1.275584152,0,Normal
-3.870131564,-1.568078409,-0.173667971,0.157725946,1.063260914,-0.661064097,0.421738371,-0.442912457,0.456197652,-0.961417819,0.152293704,0.123874406,-2.628164425,2.149221598,-1.150210707,-1.232043472,0.111915612,-0.237918975,-0.406395787,-0.749927966,-1.445216119,1.402396294,0.515695546,-0.452152558,1.984131453,2.022582411,-0.697974503,-0.869598091,-2.587541598,1.970871584,-0.969656842,-1.880482076,-1.069384163,-1.062675508,1.444273022,-1.169210189,-0.829253666,-1.788749017,0.582376833,-1.80674551,1,Intrusion
-2.136868658,1.407382055,-1.00586619,0.153525837,-0.750136607,-0.898587164,-0.634355599,0.924299344,0.32046686,-1.419862786,2.856587839,1.419996249,2.809477458,-1.316706736,-0.108220729,0.663965009,-0.741560544,-0.708851502,0.434285538,1.158119179,0.883053264,0.860649017,2.837533438,0.807773578,0.038344867,-0.948201211,1.754961421,-1.66496056,-0.539633797,1.086795018,-1.943761895,-2.24427837,-0.631182794,0.294088409,0.040167269,0.832158495,-1.334442287,0.350956332,1.262383203,0.427329848,0,Normal
-3.709448413,1.11481632,-1.815000014,-0.643927794,-0.157373028,1.205107885,-1.556984597,-1.310071165,0.279719548,0.339042533,1.359866925,-2.017679006,0.37786527,-0.097563749,-0.035467716,-0.311458276,-0.157589574,0.367770751,-0.897473514,1.87979628,-0.357731525,1.998913337,0.355847994,-0.305304338,1.679651416,-1.471722698,-1.511013582,-0.5271633,-3.035442548,-0.045740902,-1.472958498,-0.417527265,2.789956735,0.642928536,3.015334413,-1.825614307,0.597408993,-0.209964156,-0.32363768,-1.967197301,0,Normal
-2.159305568,1.603720904,-0.302885229,-0.661605086,-0.788700538,0.392191273,-1.58985722,-1.782733634,-4.479133364,-3.569751488,1.59347495,-1.35715587,0.583283007,0.194250199,-0.677057148,1.146406566,1.725885235,-0.680550994,0.53901068,0.698065373,-0.738804431,1.327243138,4.253622496,-1.825671302,0.804768965,3.088896888,-1.980637401,-1.197719312,-5.331962111,-0.163940454,1.245090069,-2.589896345,1.156076162,-0.427179057,1.783644871,0.766900986,1.650836949,1.150568204,1.454323288,-0.597345468,0,Normal
-3.347603542,-1.185649269,-0.236779342,0.378167785,-1.092476009,-0.386146323,1.53470317,0.711083509,-0.879077022,0.531813893,1.094979101,0.040415666,0.054208232,0.780819471,-0.770372116,0.58615837,-0.925731883,-0.405084654,1.394560689,0.026324459,-2.197968755,1.168769763,-0.970939267,1.921808002,0.898057154,0.022287622,0.166674804,0.256128368,-2.857866485,1.284575932,-1.323536613,-2.44284958,2.339824654,0.038973002,3.958631814,0.426946024,0.989019484,0.645673584,1.314950696,-0.201228218,0,Normal
-0.805711915,0.166793995,1.68843556,-0.11298392,-1.699594658,-1.698175856,1.581788928,1.804096118,-0.371693719,-2.230142106,0.194200235,0.272592343,2.669877914,-0.398207531,-1.576275608,-0.964729704,-0.378717353,0.320595816,0.252120487,2.198895666,0.108597036,0.705172973,-2.941094815,-0.011551601,0.784056663,0.183787234,-0.224959708,-0.086536937,2.980588872,1.159476506,-0.506089656,-0.307688827,1.57245685,0.415282303,-1.613825308,0.801846692,0.37164942,0.424474618,0.142642993,1.142823395,0,Normal
-4.901852903,0.639798621,-2.383836814,-1.809901865,2.360830684,-0.040767731,0.595577209,1.76837379,5.842833884,-2.237957991,-0.034722611,0.8071135,4.015319756,0.447110043,-0.058257591,1.133088272,-0.870289912,0.126937312,0.305228639,-0.939401599,0.75000488,3.307142312,1.682304691,0.261801121,1.171638293,-4.670508932,0.328290237,-0.244528809,-0.607492992,2.044430135,-0.774036269,-2.974867619,-5.482303967,-0.081411676,1.15456551,-0.852936379,-0.915480193,-0.118943902,-0.443537318,-1.220496302,0,Normal
0.536523348,-0.851852261,0.076395661,-2.14447373,1.264383454,-0.419398864,-0.159095777,-1.572510826,0.285307898,-0.444853918,-0.96063511,1.580529262,-0.716625206,0.225482161,0.451245397,0.127098878,-0.974634158,0.64428093,-1.70310591,-0.247236988,0.921437532,1.882990059,-0.466116183,-1.047211922,0.014699348,2.01396663,-0.90521159,-1.566177709,0.477097047,0.933152876,0.273398142,0.565921737,1.074302162,-0.646009663,-3.369406341,-0.362212431,0.524088078,0.1205206,-1.046537352,-1.750304294,0,Normal
-4.927030007,-0.46204311,0.355162777,0.233680428,-0.749600083,1.768148033,-2.435048155,-0.291952487,3.90860753,1.451020185,1.169820848,-0.006783859,1.565698244,1.026607427,2.193489303,-3.306222574,-1.533673035,0.753928861,0.041676156,0.621613888,-0.635018231,1.823661633,1.325340523,-1.885895704,-0.021857428,-2.807236534,0.650097595,-0.482544314,0.501249809,2.770558913,0.473502629,-1.994839986,0.476391774,-0.468760695,0.42580622,-0.521515162,0.351399229,-0.467482139,-0.114724997,1.116121501,0,Normal
-2.785252427,-1.175782583,-1.414080422,0.074058729,-1.091300209,-1.800803914,1.452114988,-1.791822007,-1.833977208,-0.462144613,0.098777167,0.288222941,-0.085960191,1.632903242,-0.35155,-1.85022229,-1.074718704,1.031630374,1.747813805,-1.258456356,0.141429552,1.289396383,-0.068285071,-0.78641801,2.577076789,0.764396912,-0.005216618,-0.520810894,-2.992635821,0.352894543,-0.863565764,-1.21391201,3.055169421,-0.681668348,2.701535465,0.106664845,0.270332021,0.735366899,-2.761102056,-0.462218219,0,Normal
2.659712574,-0.382396285,1.209326324,-0.444913869,-0.547735816,-0.342695795,0.699774379,-0.823206683,-0.344050163,0.508520928,-0.032983543,1.40166779,-2.828587135,-0.827670133,1.192146773,0.440998437,-0.259006873,0.633706302,1.200590616,-0.033784273,-0.918552393,1.514620245,-3.920491575,0.593849096,-1.247721873,1.702515609,0.890470605,1.558668803,-1.609089947,-1.252750845,1.805281037,2.036873946,0.504114965,1.790310446,-0.037731221,1.458337564,-0.462843735,0.40968017,-0.026846127,-1.616822767,0,Normal
-1.976670197,-2.328498738,-1.184572615,-0.648474321,0.881690656,-1.787893869,0.659309336,0.968777614,0.578895602,-3.545317385,0.6714277,1.768043026,3.061673824,0.93308417,-0.047442476,0.194913581,-0.098182173,0.909344571,0.959009796,0.194665654,0.524204101,3.753314182,3.880928591,-0.372717486,-1.721095752,-0.759021179,-1.641318392,0.846668338,-3.711295521,-0.183054166,0.576905451,-1.577525786,-1.683217269,1.359938485,-0.362925548,1.44711675,-0.001445671,0.36801708,0.632122566,0.341290341,0,Normal
-2.805744545,0.780882206,-0.097134316,-0.065418155,-0.418921951,0.604923067,-0.182960273,0.291612271,2.655970351,-1.096738279,-0.001602825,0.968522899,-0.524194355,1.79597166,0.690290393,-0.586731742,-0.597539714,1.950318748,1.51218388,1.07450985,0.295693084,2.562206028,-0.57004112,-0.20108314,1.250994637,-0.535589588,1.212214311,1.017684082,-2.41691461,1.430170611,-0.606876751,-1.902233953,-3.274991713,0.737652991,1.745309191,0.480149171,1.440903593,-0.57480079,0.271658521,-1.784649955,1,Intrusion
1.19803851,-0.185172045,-1.180863587,-0.610340898,-0.898751038,1.960087447,0.313693435,-0.5817697,-1.908638135,-2.251990934,-1.037391222,-0.014384959,-1.329883958,-0.19851977,0.41269545,-1.283754438,0.51118016,0.386598032,-1.715395528,-0.731092782,0.461005559,2.660319766,-0.928841659,0.806454319,-0.51561509,1.848827818,-1.029189388,1.759755599,-3.233424882,-2.549630988,-1.232139024,2.847023903,2.00071697,-0.172314625,-0.706301914,0.950423095,1.255801177,-0.528371936,0.785669613,-0.635316793,0,Normal
-1.901328606,0.636085713,-1.019871244,0.430299505,-0.060993003,1.280096865,0.239618763,-0.565577852,-0.444982309,-2.284160288,1.306925924,1.730722464,-0.938310893,0.589256815,0.906405931,0.157412367,0.499603342,0.483664299,-1.624180705,-0.384635284,-0.734050139,1.612486664,0.481076717,0.634839175,-0.558739681,1.394202452,0.320742662,-1.14922173,-2.549077835,0.170671118,-0.525703623,-0.613075224,-0.968853353,2.163608234,0.783725205,0.182573287,1.398446186,-0.897577769,-0.281104158,-1.500901889,1,Intrusion
2.455344765,0.213661069,2.0344776,0.64470015,-0.067123739,-1.201254428,-0.416194523,0.740709843,-8.528083339,-3.483027433,-0.218800377,2.474540266,0.829495554,-1.359572329,-2.383517888,-0.39053891,-0.392196859,1.359443148,-0.424425694,0.665870023,-1.551165131,0.921252821,1.238045474,-0.164002357,-2.385517437,2.91565576,0.300829106,-0.020993868,-7.667010695,-4.793883647,0.872060148,0.672346813,4.722935914,-0.76237778,4.228111445,-0.56552839,1.349827171,0.464365117,0.05704513,-1.465523913,0,Normal
-2.376026992,-0.579923045,0.463716633,-0.822709107,-0.057314214,-0.553913795,1.941097168,0.079990493,2.614162603,-1.594701249,-1.37874044,-2.419347801,3.259097721,-0.111274872,-0.536443828,-1.350997127,1.81337637,1.365738897,-0.235910543,-0.345024352,1.175539463,4.460503226,3.213921154,-1.826156821,0.474330196,-2.681415571,-1.615753107,1.020566149,-3.298633241,-0.08454,-0.807112724,-0.937208088,-0.825922291,-1.743189581,-0.216824737,-0.455321033,0.992980411,-0.997193113,0.929586385,-0.39221689,0,Normal
-1.972299981,0.189949029,1.340995625,0.078107977,0.284952419,-0.47642241,1.020001949,0.055053544,-1.766793438,0.527388941,-0.278892443,-1.968006197,-0.235193366,-0.41527228,1.555770703,0.308634351,1.102117123,0.03299559,1.526780731,1.434610654,2.401149394,-0.584885168,1.610714973,0.567943611,-0.945408233,1.877819883,-0.860321541,-0.992066067,-0.739580993,2.120441814,-0.297690638,-2.813406992,1.659509116,1.018724334,0.81971807,-0.194172152,-0.450710765,-0.195929689,-0.626646608,0.40515679,1,Intrusion
3.928993158,0.731656427,-1.758042402,-0.247153525,0.95980581,-1.087906088,-0.106310009,0.708231942,-2.253775383,0.76997019,0.172455981,0.280520864,-3.414317708,1.145829403,-0.341146059,-0.150412125,-0.204916433,-0.445956174,-0.619162561,0.869900183,0.620501368,0.783132903,-1.000922997,-0.964628449,-0.185282826,2.440198113,0.384993916,1.162568553,-1.938295428,-3.167332688,0.981574771,4.422143268,3.158235084,0.655456069,-1.854868879,-0.513186323,-0.358713607,-0.765432992,0.64850286,-0.007987646,0,Normal
-1.18667846,-1.241405891,0.79424603,-0.633611858,-0.570222307,0.57548732,-1.061175242,-0.875776981,-4.465644034,-0.255045429,-0.986176447,-0.609857321,-0.111466408,-0.122352035,-1.610625693,0.364966061,1.147101409,1.300610297,0.10757058,1.041851043,-1.213993385,0.194738731,0.851797855,0.039155327,0.043345471,2.229904489,0.462935372,-0.072521707,-3.470502714,-0.198112222,-0.13036484,-1.428871011,4.578924709,0.823225549,2.640851069,-0.732952759,-0.411271326,-0.36196144,-1.00055665,-1.220094816,0,Normal
1.686902352,-0.144688006,-0.453573915,1.058898425,-1.485505301,-0.872485665,0.797760259,0.421922926,-3.267540482,-0.565856631,0.248174582,-0.470670935,-2.269871496,-0.623603945,-1.042444395,0.655237927,-2.045424369,-1.525774917,1.024174451,0.763025415,2.467188053,2.169292574,0.976191461,-0.176794524,-1.178740345,2.889498606,0.562136603,-0.434700922,-6.909265008,-1.792249773,-0.381039898,-0.496617913,0.672630915,0.620130122,2.475500962,0.644320056,0.743279542,1.030503396,0.178977008,0.626517872,1,Intrusion
-3.275214509,-0.76296272,0.90951636,-0.36179913,1.114839935,-0.856359137,1.02057882,-1.28878975,2.245578662,-0.260626798,-0.281780618,-1.360805195,2.171463093,2.02415693,-0.762808772,-1.898488923,-1.394627671,-1.260348549,-0.41665208,0.529989107,-1.315530008,1.425267982,-0.378114862,-1.100426945,0.635119413,-3.324066721,0.047466191,0.483325538,-0.87204794,0.361964167,1.421147596,-1.017271391,-0.383035161,0.852513638,2.728215438,-1.509019325,-1.652839459,0.334527497,1.505798004,0.550906822,0,Normal
3.551106046,-0.214879075,0.343775728,0.553947266,0.084429222,-2.065271804,0.410063967,-1.688443989,-3.646177314,-1.381115154,-1.316728739,-0.796290916,-4.294912609,1.690690504,0.602587429,-0.278055617,0.033934967,-0.264310928,1.029732279,0.517239387,-0.482664292,0.791198203,1.184479618,0.979005431,0.178922385,5.519025073,-0.421186491,-0.387626973,-2.131882954,-2.118075491,0.670328008,3.436888206,2.050774792,-1.324390665,-4.046887744,-0.518175781,0.368864921,-0.988159711,0.588684137,-0.616122665,0,Normal
-1.518358034,0.80630348,-1.425348144,-0.708161094,-0.091237075,-0.536990337,0.078367915,-0.161438619,-3.260735908,-2.186459504,0.521947948,1.179392347,1.529910545,0.163633781,0.654668002,0.396097471,-0.259303775,1.316840605,1.342292724,-0.972615151,-0.481336271,0.523760976,3.155004909,1.649335939,2.610762202,1.020579082,0.787227481,0.295048409,-3.537854415,-0.519421509,-0.388669455,-1.859348978,1.343964244,-0.55065645,2.009020112,-0.559945603,-0.535184676,-0.28265171,0.366199493,-1.013385393,0,Normal
1.65426457,-0.917568579,-0.562121074,0.691871152,0.133487715,-0.088563087,-0.182157835,1.923420236,-1.865926725,-1.136058535,0.109267961,-1.680232608,-1.3757027,0.391940557,-0.194960513,-1.250020121,-0.278923247,1.966306765,-0.3169776,-0.076808123,1.983310872,2.044051214,0.055113833,-0.815431364,-0.315650261,2.003274967,-0.133427084,1.321705034,-2.373739824,-2.09483388,-0.532685179,2.71462233,2.579428756,0.746017338,-1.719786466,1.328196076,1.660219517,-0.147370437,0.366967663,-0.338198379,0,Normal
1.883490174,0.045849022,1.370662151,0.837870166,-0.81480788,-0.895561373,-1.297258791,0.311799619,-3.737264942,-1.894346232,-0.559853786,-0.710916381,-3.558080477,-0.878768217,-0.818412188,1.049549048,-0.481408389,-0.800605367,-0.628066087,-0.801948012,0.068988829,3.412213242,-2.24940839,0.868217319,-1.563389564,5.874678774,-0.39044032,0.905649475,-7.37357188,0.180326411,0.819899296,-2.46635678,-0.813459348,-0.103700334,2.32916399,-2.233954442,0.03081434,-0.829047308,-1.761391736,0.202467016,1,Intrusion
-0.438984119,-1.037559426,-0.671046086,-0.935753269,0.80125119,-0.984052652,1.097916453,0.231725612,-0.427592635,-1.861484544,0.206354176,2.909512853,2.339930229,0.966180828,-0.950288955,0.898957478,-1.940325115,0.059819536,0.439763399,-2.352220343,0.881790784,3.63348862,0.209019374,0.804988484,0.020532,-0.72330594,0.289354778,0.433715162,-3.482979976,-1.041262684,0.555112995,-0.187654575,1.382993978,-0.071220332,0.689231523,1.592608769,0.811006203,-0.72958721,-0.692420442,1.933969281,0,Normal
3.54007136,-0.298182312,1.119510131,0.665748653,0.985118752,-0.174980042,0.141450109,0.019402438,-0.632554748,0.68443748,1.088871696,1.536042879,-4.529766682,0.608225309,-0.399094787,-0.474150225,-0.247220887,-0.27192743,1.283438683,0.687866155,-1.650778179,0.425059264,-1.075590024,1.31031308,-2.038562284,4.762459643,3.143261448,0.005633188,0.928194877,0.31180156,0.982624316,2.25930357,0.32275318,-0.893435469,-5.067183689,0.542357693,-1.462547184,-0.729342654,0.232918799,0.675098693,0,Normal
-1.557174239,-0.822011695,0.251893628,-1.038662567,-0.319165777,-0.352187195,0.19871411,-0.735052413,0.403647978,-3.520937219,0.201053794,-0.375031551,2.938778344,-1.041675944,-1.807530705,-1.697762688,0.558831665,0.198300615,-2.178680986,-1.544618912,0.049154406,5.049973974,4.934479892,-0.447437283,-1.149271624,0.429923686,0.360397884,-0.737676664,-4.233392132,0.261323362,-0.375790244,-1.576399776,-0.657060634,0.280172326,-2.360440717,1.265433334,-0.151595912,0.397018531,0.403862823,0.484807036,0,Normal
-2.283314694,0.203841543,1.635700082,0.954638119,1.226076132,-1.436037527,-0.841082215,-1.447200541,2.589865237,-2.340913126,-0.322768601,-0.300283141,4.473642487,-0.228664372,1.870850818,-0.724290215,0.126927591,-0.211791028,1.33751705,-1.814500664,0.657576103,0.834406859,2.507680955,-1.599418791,-1.571876373,-2.339676002,-1.340525808,0.197063385,1.405473189,2.123166555,-1.105910506,-3.355076167,-4.143249886,0.151928885,-0.715949014,-0.64624525,-0.128829686,0.048407221,-0.063645411,-1.22067071,0,Normal
0.458573167,0.720439004,-1.806016156,-0.206660225,-1.856393273,1.151344092,-0.063896899,0.52341288,-1.916671076,-1.868596785,0.369816204,-0.813009248,0.252293868,0.257696296,0.712268762,-0.481466122,0.055508988,1.929807793,0.816850829,-0.74694388,0.125386883,1.244216155,-1.611260703,-0.448323938,-0.505051049,1.656021782,1.487475756,-0.467617098,-0.501620096,-0.592790967,-0.268600859,0.879198303,2.146308113,0.562788278,-0.854541421,1.34652823,0.498153668,-0.351788933,0.247097568,0.413130269,0,Normal
-2.967244506,0.746728581,-1.811660102,-1.173642891,0.117889631,1.166693539,-0.826881778,1.640465932,0.226320524,1.074559119,1.445821274,-0.002572567,1.239155063,0.558437541,-1.893501268,1.206294733,0.113282995,0.066942591,0.914914984,-0.378647233,-0.764186439,-0.351298909,0.956156721,-1.231472048,-1.187485082,-0.343261621,-0.204832807,-0.920475041,1.070412725,2.48988286,0.547129167,-2.447720457,1.870592703,-1.376207345,0.497857073,0.102641764,-0.676887636,0.448402561,-0.906748006,1.39047678,0,Normal
-1.651716679,-0.438107196,-0.751376875,-1.265663716,0.13918898,0.12672922,0.052615033,-0.311219713,-1.786340521,1.117712442,-1.450401789,-0.460784594,0.83537486,0.653718413,-1.384995332,0.457671601,1.839317143,0.065090292,1.195842435,-1.376993168,1.212916518,-0.330366088,-0.099212263,0.860143494,-0.439267102,-1.360829907,1.305065781,-0.220773672,-1.916981028,-0.943202056,-0.742827489,-0.178213149,3.819049294,0.545560962,3.695379874,-1.342273232,1.293228883,3.110629975,-0.430993502,0.092303671,0,Normal
2.218891156,-0.686557383,-0.104860684,0.469302761,-0.241317746,0.960431986,-1.265141535,-0.355431799,-1.60611896,-1.381398652,0.289192685,0.030052381,-3.425821706,0.356740832,0.208242368,1.807822596,-2.009172966,-0.291778838,2.226731132,1.506856325,0.259438573,2.975479285,-0.75344306,-2.281395939,0.466370661,2.03236226,0.140200597,-0.37008126,-4.954596294,-3.818444412,2.615058362,4.266492611,1.517934811,1.110371139,-0.274327695,-1.794211211,0.794931145,-1.255283052,0.926465108,0.146782464,0,Normal
-4.089378344,0.121193297,0.232820258,-0.378256099,-0.74503242,-0.359119921,0.354350274,-0.422592903,2.220711179,-0.788930903,-0.549895722,-0.399091168,2.098251889,-0.722631847,-0.34700111,2.177659559,-0.605877772,-1.247222216,0.010776467,-0.066527735,0.40047117,1.479229702,1.187341949,-1.341803852,-0.273454713,-2.688406232,-0.631114525,1.43511772,-1.029592592,1.026988092,-0.407157482,-1.734531161,-0.919619368,1.032161432,2.087750461,-0.044398618,-1.47392192,-0.339310985,-0.311082323,0.648627178,0,Normal
0.336679548,-0.298199753,-1.003173507,-0.261675716,0.216962343,-0.236643732,0.62419783,1.30367097,-4.237287711,-2.792475431,0.570780033,1.088652551,0.287025435,-0.439405474,-0.953039413,-0.855973442,-0.237660434,-1.05199939,0.62674957,1.758480436,0.604473725,2.498238541,1.104900583,-1.159140994,1.04775116,4.709250735,-0.975668391,1.04232489,-4.382339922,1.046491451,1.441471811,-3.13291032,1.305694688,-0.807059099,-0.09488735,1.498957462,0.131354042,-0.286369732,-0.034572494,0.304231026,1,Intrusion
-1.798108386,-0.244496678,0.533088494,-0.014784785,0.382087509,-0.238191569,0.593076182,0.32003843,2.840082181,-3.563763084,-1.192851034,1.808327468,4.598471988,-0.458123676,1.202056274,2.759200295,-0.953204982,-0.129612926,0.938747788,-1.814584532,-0.983306055,5.020442197,5.25913415,0.099120826,-1.005365929,-1.204118672,0.623297986,-0.613857551,-2.457234552,1.474525932,-1.024273203,-2.861735969,-3.585208558,1.165750412,-3.114796994,-1.445610212,-1.098191349,-0.396876322,0.700011698,0.457855669,0,Normal
0.566109685,-0.674341189,1.118718914,1.199324092,0.759441806,2.483631501,-0.758536596,0.43023292,-2.919761667,-3.339830146,-0.379860054,-0.725474934,-3.465187524,0.133145728,1.579263864,0.832314859,0.793262018,-0.050410293,-1.229138176,-0.20062112,-0.661969749,1.496513801,-1.344118252,-2.064934129,-1.255163789,3.957949226,-1.726057507,-2.153273751,-5.938982838,-1.242715431,0.500333797,-0.825784057,-2.929460254,0.604221113,3.186018218,0.352270378,-1.076644138,-0.121448122,0.622945518,-0.424491886,1,Intrusion
3.414920404,-0.335803813,0.117387893,0.531238657,1.291545437,-0.749936403,-0.392497633,-0.097571354,-0.980701731,0.246023106,1.182231693,1.607792793,-4.469039062,0.015754244,1.352910465,0.118647407,1.018154154,1.048041072,-0.920883677,0.228106145,-1.758474064,2.319427243,-0.263759457,-0.952486147,-1.55639485,3.367368199,-0.331147571,1.332897291,-3.468736443,-2.184590575,-1.612051035,3.345077792,0.785708192,-1.457815162,-2.365129138,-0.120724447,2.215266252,-2.781575667,1.180651023,-1.606584571,0,Normal
2.376907992,0.227775735,0.56526168,-0.097524379,-1.184155989,-0.44533291,0.544002401,0.474412466,-0.474041472,0.12527293,0.064449061,0.315020472,-2.314344205,1.266257796,1.103288953,0.592812091,-0.005571545,-0.968537081,0.472534011,0.496061207,-2.407950945,0.819802687,-4.238320111,-3.42318801,-1.341814679,2.676638838,-0.532357759,-0.648880677,0.630642015,0.32953,1.12642987,1.022510013,0.432146953,1.197949804,-1.583693452,0.394497797,-0.299174164,0.656198611,-1.111788474,1.20623249,0,Normal
0.206779509,-0.181336023,0.086216167,-0.406270825,-0.996470686,0.196775958,-0.802122239,-0.082346433,-4.69846343,-1.800659823,-0.963978395,0.869007053,0.687455246,0.375026434,0.15230323,0.109173783,-1.306743115,-1.873834124,0.99329889,-0.115887261,0.136276067,4.034856894,1.183573004,1.710797855,-1.583076664,5.704904862,-0.477539385,-0.22337415,-5.702196938,2.405505765,-0.548585661,-4.855565271,3.111402497,-0.10217358,-0.278809139,-1.6872578,-0.473487823,-0.560081757,1.677454271,0.258904115,1,Intrusion
-3.40476549,-1.497070134,0.175163483,-1.203202095,-1.155713794,0.232346313,-0.413115302,-0.275584943,-0.7508718,-2.300521862,1.218503271,0.748351463,1.501024279,0.241814625,0.907968027,-0.755779493,0.536786023,1.174331211,-0.22758253,-0.687734976,0.054124882,2.398127519,4.849236793,-0.799092992,-1.335287251,1.197317541,-0.335943944,-1.171114515,-3.498620139,1.585617687,-0.529230638,-3.158141474,-0.144569966,-0.47118781,-0.029398194,-1.057268077,-0.577680166,0.946549185,0.631419208,-1.240971953,0,Normal
0.417407931,-1.039623509,-0.943612234,1.20909195,0.590524361,0.364958287,-1.061449018,0.182098832,-0.371660465,-1.712028319,1.504210356,0.183517846,-0.852939922,0.974307794,-1.08447324,-1.855819636,2.909910573,-0.605781807,-0.922605119,0.483970459,1.686190817,0.767815423,-3.981781312,0.00630044,0.820032722,3.088570313,0.321529926,1.58699841,2.435678786,1.972294317,1.302661568,-0.32748195,0.024081006,-1.318107342,-2.657773717,0.482875602,2.682609646,-1.179821994,-0.320179478,1.664701518,0,Normal
-3.821886714,-0.349280553,-0.415197492,-0.329569901,-0.448102712,0.780396518,0.028808071,0.273603922,1.620805693,-1.286112493,0.158582999,-0.31226495,2.317588997,-1.426646769,1.949041812,0.23094009,1.361146703,0.293895982,0.697929945,1.396386441,-1.148776072,1.220368524,2.469209784,-0.479570077,1.65031936,-0.290644305,0.532535799,-0.025325173,0.307844869,3.317437757,1.402849207,-3.887808062,-1.657755014,0.848274509,-0.465839726,-0.180448126,0.815439879,-1.413455463,0.073214114,1.640155522,0,Normal
2.167158686,-1.162278365,-0.610792909,-1.72270437,-0.114854132,-0.20772205,-0.34097253,0.566698547,-0.927408352,-0.320950025,0.8028888,-0.092501002,-2.372357922,1.613447844,1.433101403,-0.317415465,-1.896945607,1.144341935,1.486062403,-0.614293874,2.082627493,3.040750336,-0.547264389,-0.380263379,0.004373657,1.039074607,-1.430928064,0.199901882,-4.6637648,-3.210870458,-0.266588567,3.334958991,1.674706842,-1.080295086,0.024075245,0.0123912,0.518511109,-2.334362783,-1.033825361,-1.649072694,0,Normal
4.061164718,-0.185470952,-1.161837486,-1.614041733,0.999234081,0.182933721,0.780721228,-0.975712605,-7.488824985,-3.812156564,0.775781889,0.69714627,-1.937334961,0.080771198,0.074498918,-0.409063246,-0.941005569,-0.835424431,-0.435092732,0.418922873,-0.855467783,2.337356352,1.516034914,0.382094997,0.217597507,4.872386327,-0.754630317,1.077605825,-9.937511173,-4.71286113,0.030701134,0.533873649,1.050698798,0.497923424,3.29999312,-2.299907919,-1.217342795,-0.178809443,1.390106023,-0.508341193,1,Intrusion
1.742002378,-0.510875342,1.26507785,0.138457188,-1.70884152,-0.134552509,-0.557336457,-1.82926517,-3.908615508,0.488955246,0.497257746,-0.334355526,0.581834109,1.789036045,-1.140526579,-1.139066813,-0.035279948,0.157990831,0.683781387,0.291785382,0.627897176,2.249081768,2.256335428,-1.120834576,-0.100884091,2.460197955,0.034953315,1.467559701,-5.29159315,-0.573782662,0.822487666,-1.731656883,3.776511908,-0.885795539,0.795873297,-0.221889925,1.753106493,-0.991376639,0.784985483,0.465651529,1,Intrusion
-2.262499458,-1.15740501,0.492874069,-0.510983799,-1.728700559,-0.080500271,-0.134442692,0.311967009,-0.553266706,0.041618631,-0.760317312,0.15960565,0.969888186,-1.105078689,-0.951356374,0.470311237,-1.30166802,1.406887762,1.175715021,0.697683432,-0.674606333,1.356878177,-0.527429614,-0.298648538,0.524333678,-0.179619788,-0.412133155,1.688966625,-1.736941243,0.976589124,0.007087103,-1.735625772,2.087448888,-0.129301628,2.057357634,0.722155298,-0.031474228,-0.875403059,-0.127797267,0.379493517,0,Normal
1.11515027,-0.719951249,-0.586073332,-1.108769818,0.14892643,0.070543595,0.323246995,-0.977243134,0.75638012,-0.043508721,2.714976059,0.248430189,-0.892895399,-1.834396765,-1.8821392,-0.210283385,-1.240429447,0.246461727,-0.379481125,-0.325818366,-0.68835456,3.053044632,-3.294881418,0.376519831,-1.042930955,-0.000222611,1.187635904,-0.539758908,-1.951079833,-1.231324688,-0.81838738,1.97525557,1.255183496,-0.047472223,-0.034038447,-0.938305864,-1.362611858,-1.035036002,-1.245249081,-1.498610312,0,Normal
0.740950468,-1.450831094,2.261523399,-0.240675633,0.49489803,-2.138873735,0.166530686,-0.60863361,-4.891538004,-1.282269317,0.477358237,-2.322196891,1.995846046,-0.136011439,0.584474945,1.044861231,1.370212897,0.548293464,-1.020980103,0.157481667,0.453125532,-1.394260302,2.109026353,0.760862928,-2.173563163,1.833453174,0.641698084,-1.194101574,-1.398325477,-0.394954078,0.840921235,-1.989634966,2.470265401,-0.988034774,1.24373427,-3.038132045,1.056796493,0.134565875,0.334626929,1.086405605,0,Normal
-4.13146672,-0.67906665,0.196904895,0.79937452,2.868772938,-0.087145881,1.262920353,-0.91624426,0.781898596,1.761811224,1.686781548,1.286168946,1.146126025,-0.094505408,2.069068477,-1.134124821,-1.443756615,0.398633662,-0.043487727,-1.713549914,0.984162584,-3.252513697,-1.73964953,-0.785121829,-0.08623912,-1.58790426,-0.286542763,0.171029962,3.535260883,3.511984842,1.130199596,-3.76549715,0.048736345,0.112584816,3.476273475,-0.460599684,-1.212670835,0.806312152,0.09722316,0.113991861,1,Intrusion
-3.389033192,-1.359225093,0.012346881,-1.062603208,-0.571924958,0.236625661,-1.593074551,-2.130505006,3.211427797,-1.150996836,-0.195255781,-1.888716447,2.655469964,0.138830498,0.076929385,-0.668706382,-1.206884383,0.950273118,0.896056323,0.450528996,1.49937552,4.294037947,2.627709493,0.619890627,-0.364243595,-2.785579276,2.26494409,1.433452636,-2.791540851,0.50388711,0.755198246,-0.994506825,-0.652934061,-0.516285436,0.070572853,0.172938269,-0.380086316,1.411423823,0.02444497,-0.643175818,0,Normal
1.739030999,0.033144421,-0.271822562,0.387221002,0.196593591,1.248022561,1.038232047,0.319806187,-1.828850758,-1.52394333,-0.708163233,1.980210224,-3.511013177,-0.109647028,0.584310756,0.909736289,1.177899351,-0.01896576,0.690358085,0.185813069,-0.468343566,1.094087995,-2.287496104,1.08183426,-0.369188662,5.560107577,1.48952745,-1.172951712,-0.991023905,1.467223733,-2.633366231,-0.80196247,-1.102443443,-0.698101841,-2.12324241,1.284903322,0.546192716,0.338109896,-0.692638651,-1.30041072,0,Normal
0.37447438,0.829115435,-0.449145921,-0.744667989,1.856103856,-1.130229551,-1.488906389,-0.916398153,-2.779431586,-2.795123748,0.076852969,0.940037824,-1.1662619,1.234792454,1.658580283,-0.695271198,2.111514967,0.567392738,-2.557765845,0.190170404,-0.917743633,-0.078342168,-3.471752414,0.949754517,0.475449766,5.046824969,-0.790545127,-1.033232829,2.296267294,2.07364808,-0.532503161,-0.773283023,1.084608989,0.238800198,-2.766177322,0.610031157,1.532733364,0.342663477,-0.903571312,1.412304481,0,Normal
1.214994479,0.343259358,0.605163483,-0.716976375,-0.048834373,-0.318745703,0.086314859,-2.035921025,1.253255901,-0.874634683,-1.097896789,-0.846705751,-1.816746752,2.197225404,0.611517422,-0.211525708,0.257911665,0.568050002,-0.048392594,0.255124409,-0.899674665,1.514553667,-3.617694983,-0.627946615,1.57460397,3.60253582,1.432643252,0.470337103,1.858246651,3.090286983,-0.437933459,-1.526134834,-2.596390171,-1.404923459,-3.378958146,0.651263469,-0.855313806,0.31043161,-0.395943613,-0.512226857,0,Normal
-0.250075082,1.324224794,-1.883490157,1.29209848,-1.770062074,1.210429416,-1.418898048,0.507698036,-9.92495982,-3.114053508,-0.313719285,1.303014227,-0.771038904,0.74168056,2.261731674,1.995302448,1.256250763,-0.165913613,-0.076924194,-0.266408834,-1.797846386,0.273813244,4.758321668,0.301998624,0.620345884,8.349994857,-1.572972155,1.108295486,-6.433386705,0.925410265,-2.042944535,-4.435303185,5.209175457,-0.787299614,0.947874398,-0.923070682,0.564965188,-0.902534248,-0.665248986,-0.030404795,1,Intrusion
-2.995725208,-0.006579419,-0.891482164,1.073506986,-0.680005517,-0.612037478,0.165139243,-0.071263584,5.592417994,-1.933921403,-0.814773016,-0.600725172,-2.834255546,0.392367637,0.521899296,0.604447237,0.96593063,0.672005757,0.906716773,0.850042281,-1.272160536,5.474119138,-1.497623935,0.473428376,-0.369536484,-0.506628011,0.320322493,-1.742617512,-3.610909093,0.670789671,-0.373223779,0.660496634,-5.115839119,1.225012907,-0.132932062,-0.555667488,0.520133045,1.347815277,0.492274277,-1.391826702,1,Intrusion
3.409878509,-0.429819705,-0.486977714,1.781387431,-0.893531519,-1.644560482,-0.854262071,0.525629001,0.886664987,1.701163179,-0.438826432,1.046373059,-2.061784278,-0.67072541,-1.280082526,-2.786724826,0.069956976,-0.404326388,1.685095495,0.570482167,-0.548499669,1.360344395,-2.816877124,-0.634746688,-0.955800541,-0.243117961,-0.125001971,1.238461867,-0.984712659,-2.210611752,-1.222358119,3.294501761,0.694665283,-0.457965156,-0.671691872,-0.237745239,0.31155223,-0.935970781,-0.379715627,0.069366125,0,Normal
-0.224667182,-0.622415531,-1.598112681,-1.052663371,0.981989367,-0.882788233,-0.091585835,-0.53995333,-1.7966491,-2.40276845,0.358476876,-0.450688268,0.88957275,0.647038231,-0.752865284,0.815913287,0.685831496,0.486695238,-0.842550549,-0.903408953,-0.052734811,1.813394431,-2.84372821,0.01966065,-0.719215747,0.662005616,1.133079002,-0.045655023,-1.061616809,-1.172701258,-0.978321404,1.197395757,2.544240845,-0.215060908,0.525122182,-1.358871152,0.696019211,0.370152399,-0.193595552,-2.026504402,0,Normal
2.453967378,1.130301144,-1.339580257,0.021989299,0.657170054,0.435688006,1.022733237,0.198066563,-2.866311618,0.142561686,-1.135748835,-1.536556238,-2.184910874,-1.122809633,-0.929687435,0.454606521,1.85052802,-1.167430796,2.433146282,-1.783755009,0.116481203,3.50733523,0.28974326,2.42541163,-0.625926485,4.323994743,0.655149338,0.908014653,-6.469387372,-0.005933774,-1.201959814,-1.757326846,1.202375408,-1.218160963,0.449163852,0.623282782,1.284771691,-1.338653954,0.214047242,0.067868313,1,Intrusion
-3.771361201,0.998625408,-0.427173676,1.036477801,1.933903283,-0.798403257,1.078031335,-0.361831609,2.723060476,0.864261115,-0.6994888,-0.41585027,1.272920502,-0.031627048,1.454236906,0.115514882,-0.260184477,-1.174428879,-0.276274529,-0.062025497,0.046654369,3.174728884,-0.627532225,-1.072137505,-2.129655959,-2.871382195,0.977459921,-1.393196246,-2.359735428,0.812099076,0.401709172,-0.97251144,1.292128939,1.113199067,2.547955167,-1.406057208,-1.108191131,-0.765158166,-0.439603448,-0.670318161,0,Normal
-3.881855786,-0.373458414,0.211448741,-0.087659449,0.980400625,0.934093576,-0.174577627,1.319187655,-1.344103752,-1.294136576,1.94459222,-0.675206985,0.051936835,-1.134209279,-0.359711439,0.814943927,-1.548461184,1.308463746,-2.31644872,0.806995589,-0.12378956,1.299418954,0.884524087,-1.048820164,0.133104323,1.02790733,2.609254177,-2.190946719,-3.020638018,1.293825069,-0.69108544,-2.453724111,1.363158874,-1.204490281,2.686011103,-0.657296956,0.117202854,-0.003177,0.242455326,0.226257601,0,Normal
0.990062806,-0.882593845,-0.77137878,-0.682026365,-1.325778287,0.548807299,0.084792469,-0.22055089,-1.612889013,-1.126592151,0.705755358,0.469913981,-0.940019899,1.210060555,-1.010157528,-0.012143052,-0.325630569,0.227620289,-1.120233144,0.465770735,0.497121193,1.612464897,-3.076391756,-0.071095954,0.869336627,2.192323655,1.23999569,0.617992229,-1.311773625,-0.266034675,-0.002880978,0.45898103,1.506428593,0.949870943,-0.041694934,-0.601919456,-0.719321881,1.441863468,1.525636487,-1.683993457,0,Normal
-2.591630472,-0.520693497,0.21062676,-0.944376897,-2.816596344,0.988405104,-0.737476004,1.264208174,-0.039674977,-1.475879047,-1.448843955,1.885437627,2.295235158,-0.399105195,-1.423929445,0.708084806,0.367929939,1.241285639,0.851905919,-1.05076506,-0.043086369,0.631269213,1.812088308,1.035187985,-0.564498781,-0.906311387,-1.244802965,-1.178784455,-1.189766813,0.985994264,-0.785853887,-2.511789497,-0.74664918,1.124226852,1.630542644,0.728617593,1.148049372,0.744079658,-1.570165052,-0.812485571,0,Normal
-0.132499968,0.505846118,0.43960156,0.652586573,1.062760837,-0.597538763,1.606735406,-2.170167157,0.590003777,-0.753618762,0.483898625,0.587779103,0.118217662,1.006841311,-0.455627428,-0.23424358,1.130033839,-0.864702314,-1.915968657,0.293395124,0.498201187,2.745342673,-3.232352305,-1.085241933,0.053223787,0.896713902,-0.859760004,0.610370855,-0.794074376,0.980769062,0.538139575,-0.552347717,0.530889463,-0.88810773,-0.341290856,-0.742810913,-1.739606593,-1.408526996,1.746897171,-0.953626762,0,Normal
-1.044613,-0.672110154,-1.350981374,-0.291043302,0.560999942,1.260740277,1.175983864,1.302988158,-1.131657423,-1.276257752,-1.577116136,-1.195356221,2.493999293,-0.860295872,2.360348551,0.018703657,0.575306669,1.127484707,-0.889077489,-1.676253955,-0.455333802,-0.044145946,0.358302546,1.394710438,0.573123683,-0.620148467,0.169658032,-0.087870519,-0.614530888,0.413054971,-0.528070574,-2.090858976,0.011872798,2.446353213,1.808776902,0.443861799,-0.36790646,0.721947387,-1.181848268,-0.685150454,0,Normal
1.666442697,-0.117303215,1.761436372,-0.443374957,-0.797381857,0.54902699,1.655698198,0.994965113,-2.21692942,-2.206840076,2.371388412,-0.690475016,-0.276327833,-0.380986175,1.261879681,-1.531880458,-0.157733515,1.455840402,-0.757015952,0.784091532,0.681739138,0.029101966,-1.798085289,-0.98895998,0.646556651,2.781003705,0.335609444,1.814404959,1.259629145,-0.218986422,-0.641591863,0.960672455,0.957113306,-0.271835428,-2.371098502,-0.031196128,1.600187357,0.219279714,0.709745743,0.361481239,0,Normal
-1.419878674,0.890697386,0.943388955,-0.424694441,-0.45075799,-0.320685863,0.293540908,-1.661621381,-2.01395867,-4.08396734,-0.921857288,-0.710734645,2.17728326,0.327713111,1.51973703,-1.409138517,-0.13695604,-0.330185076,0.982397623,-1.954765643,0.369153285,0.282291511,-3.296654136,-0.47426351,0.184710448,2.676202895,-0.408712307,0.837838751,3.192911039,2.360463478,-2.66917813,-1.747448501,0.960594004,1.372241268,-1.918732,1.682704724,1.342741726,1.432933722,-0.198098997,0.241228755,0,Normal
-0.66417518,-0.815281689,-0.95308665,-0.587244476,0.232281344,-1.221878461,-0.145488644,-0.401436111,3.737718497,-0.098828447,-0.79443906,0.529556603,-0.210709431,0.629510894,-0.132151752,1.310111719,-0.009629694,0.375268731,0.215603426,0.089737901,0.006120522,3.446286113,-2.357445324,0.300547866,-0.610040869,-1.771998383,-0.25934519,-1.048413393,-2.575662428,0.378188732,-0.671403472,-0.75695619,-3.524493464,1.015481453,1.678969294,1.634109827,-0.221964836,-1.192189544,1.744010349,1.425418064,1,Intrusion
3.116053737,1.014231636,-0.202224662,0.058519645,0.024926126,-0.268430544,-0.693864102,0.37491658,-1.887812344,-0.787052339,1.549673244,0.570356814,-2.658254016,-1.15445099,-1.111968574,-0.16364102,-1.36581638,0.650495837,-0.411916335,0.310752185,-0.890280272,1.282091846,-2.167442461,-0.5265412,1.222797135,2.845185549,-1.574380444,-0.837996913,-2.188559311,-1.808848416,0.930374805,2.1420386,0.590965646,-0.329279823,-0.842889128,-0.474836975,-0.412609089,0.508742402,-1.387838794,0.680728023,0,Normal
-3.688096657,-1.178344097,-0.245921098,0.251873018,0.697489612,0.352787659,-0.019489037,-0.330247159,-0.762202327,-0.333042834,-0.276986413,0.504242391,0.234450415,1.682550225,0.969479131,-0.067196761,0.542784426,1.462878535,-0.346118997,-0.995571107,0.191279888,-0.198365515,-1.831839541,1.066523898,-1.440278313,-0.137744108,-0.462904656,0.793241307,-0.966668144,1.533909297,-0.589621894,-2.446383228,1.068647946,-0.433435103,4.01197366,-0.528900139,0.457718498,0.56487493,0.693195716,-0.65415351,0,Normal
-0.134016924,2.326150284,-0.470546155,0.940164145,-0.467079239,0.867823342,0.103941301,-0.23006834,-3.731573124,-0.575461158,-0.954029889,-0.663990517,0.656437273,-0.111693771,-0.360302875,0.991385887,0.606755722,-0.036754809,0.714907158,1.152151968,1.496255253,1.094436882,2.857374083,0.838071488,-0.436312544,3.349192698,0.174827659,1.218916583,-3.072317298,1.266144729,-0.941687931,-2.976071928,2.775534448,-0.696094668,-0.23271094,-0.381053942,-0.076601679,-0.000472453,0.370976325,-1.442019339,1,Intrusion
0.659029752,0.393991493,1.80149753,-1.962921134,-0.724093172,0.308408047,-1.90372122,-0.423401528,-3.725740188,-4.070456235,0.093442019,-0.499977117,-1.285252111,1.616044531,-0.226821834,-2.112486109,0.207327187,-0.434607005,-0.79425316,0.733129009,-0.885364736,0.052067125,-0.39561105,0.527349669,1.937929027,5.508446389,1.308779459,0.81958911,1.308379237,0.567417423,0.046694518,0.716467816,1.361495744,-1.159671943,-4.182366102,0.948758908,-0.24264375,-0.151384206,0.318470982,1.952368649,0,Normal
1.62499293,-1.117205324,-0.017822136,-0.163465405,-0.386234192,-0.938530095,-0.280997333,-0.074551299,-2.0009013,-2.163708524,-0.573996727,-0.077176698,-2.270912646,0.704464843,1.487694971,-1.133622078,0.500728217,-0.082823793,-0.165662807,0.066535371,-0.454871986,1.215500193,-2.982786464,2.307329632,1.212932015,4.065223465,-0.747641474,1.703687115,-1.29318698,0.228348158,0.20888863,-0.045518591,-0.643607649,-0.984309227,-0.845906172,0.465802112,0.061088735,-2.117420963,0.660566655,-0.141101577,0,Normal
-2.415694842,0.61300656,0.768857979,-0.630985294,0.729642062,0.658934582,1.248628771,-0.304892946,1.473652571,-2.854682306,1.282006851,-1.753133584,-3.350054742,-0.403350485,-1.441070045,-0.928167051,1.130185478,1.103942269,0.881513269,0.543461022,1.025069782,2.241459601,-4.367798508,-0.451444155,-1.921199177,2.907495705,-0.783566129,-0.484785905,-1.521636679,2.212606946,0.445281803,-1.587735658,-4.219000534,-0.852936873,1.144801512,-0.126154112,-1.769640271,1.267427635,-0.174914515,-0.775865706,1,Intrusion
-4.814594937,0.639425152,1.307394882,1.288184426,-0.126814609,0.123271394,0.445584081,-0.535384267,2.17703027,-0.329915939,1.312524125,0.069975704,0.740722161,-0.364662173,1.152890608,0.431165377,-1.103893743,-0.079884687,-0.178178166,1.441707185,-0.517124134,3.707801327,0.172422755,-0.95410831,-0.329347462,-2.148325653,1.120691084,-0.480676475,-3.990109975,0.719220574,-0.28605344,-1.38677309,0.725429183,2.572574531,3.303078973,0.175089414,-2.363171015,0.635248578,-1.006167727,0.651218215,0,Normal
-1.658706012,0.396782964,0.091382047,1.626503356,-0.583784015,-0.290354489,-1.281992999,0.685147389,0.792902155,-2.021483338,-0.72086863,0.230045998,3.07081222,-1.127593268,-0.487273076,-1.156987754,-0.644531358,1.03631946,-0.864286797,0.085785561,-0.47990999,3.614452688,2.96628994,0.886455808,-0.334750393,-1.403184742,0.975849586,0.458611193,-3.506880184,-0.141530966,0.147402131,-1.492162035,-0.474956092,1.350129264,0.251684569,-0.775306978,-0.054524574,-0.616808852,1.701058702,0.181580135,0,Normal
-0.906635481,0.441465812,1.058352098,-2.114838341,1.324608278,-0.673452431,0.355984158,0.247544038,-2.812707287,-1.346332427,0.446313579,-0.029977734,-1.203568458,2.430931972,-0.991304554,-0.902810543,0.696966181,-1.498346968,0.202786374,-0.998371371,-0.613860885,0.391221968,1.167629344,-0.445769766,-0.664512232,3.230138006,1.271051266,1.356636799,-2.910000851,0.88933676,0.434456814,-2.20676773,0.364590375,-0.786415881,1.139472144,-1.191070006,0.689704042,-0.994831118,-0.033608321,2.018217713,1,Intrusion
3.67958089,-1.659863263,-1.546223979,0.748542627,-0.798195789,-1.167930097,1.330947152,0.315810423,0.006530986,0.784168443,-1.382423227,0.210390593,-1.550454477,0.453027284,1.431694766,-0.178307016,-0.274868488,1.645426827,0.25688817,-1.88798747,-0.503511052,0.536876148,-2.459391982,-0.204500005,-1.173829614,1.685245541,-0.840931399,1.154513852,0.778748431,-0.404778539,0.915855041,1.481890301,-0.138861868,-1.802272727,-2.427877308,1.406308121,-0.118883455,-0.601053769,2.80654689,-1.831566058,0,Normal
1.410482015,1.426280975,2.500587908,-0.089650642,-1.285149703,0.192470534,0.31389717,1.513174442,-2.094075475,-1.651464292,1.041804701,-1.889581868,-2.373742268,-1.534656754,-0.161251681,3.124387178,-0.694465474,0.061829013,-1.732088363,-0.066890957,-0.756390888,2.344867327,-1.524722887,-1.001471487,0.34106779,2.372811986,-0.405353256,-0.617465921,-3.914693916,-2.312722044,0.057199187,2.291170545,1.450024087,2.235723601,0.324640007,-0.408563926,0.71189633,-0.915503514,-0.007103655,-0.023707698,0,Normal
2.600021625,0.318198526,0.997526768,-0.409934661,1.02731033,0.508507365,2.508236105,0.354645627,-0.335139892,-0.280278479,-0.185083617,0.174972281,-1.762241552,0.972052591,0.839902793,0.657669439,-0.501728538,1.472772631,0.57676218,1.262803373,-0.341062444,0.266961828,-1.789432444,-1.628908643,1.324449486,3.400621948,-1.264168935,-1.330116027,2.579380182,1.068508485,1.280414424,1.0717002,0.240182212,-0.610119009,-4.756914973,-0.550741264,-0.236454114,0.285775669,0.588461468,-1.297631673,0,Normal
-0.465147774,-0.122661008,-1.713120203,-0.772253806,-0.208853668,0.00168783,-1.056462864,-0.933406607,-0.464278446,-2.497644639,1.039385093,0.069744894,-1.161842148,-1.525265609,0.252183282,1.222206619,0.065839351,-0.022992883,0.780244123,0.726811975,-0.071729671,3.233463182,1.696941936,0.092546063,-0.471110497,1.976418373,0.560713466,1.190162417,-2.820847352,-1.079304955,0.29286385,1.864118731,0.89497362,0.11778719,-2.449424021,1.744433742,0.113312557,-0.375688598,0.358897907,-0.085874261,0,Normal
-0.31301702,-0.449467926,1.000006491,0.439728623,-0.20056417,0.199797461,-0.304131044,-0.063029842,-0.714373907,-2.631862119,0.813617721,-1.472330955,-0.661855037,-0.054836893,-0.456354064,0.267583592,-0.291245997,-1.727874259,0.32815925,-1.393457756,0.07211756,2.159662284,-3.639880738,-1.015910078,1.469960075,3.537685018,-2.002395771,1.378287974,-0.410134425,2.306223158,-1.367698356,-2.139303242,-1.165767778,0.254237361,-0.857301152,0.668659227,-0.493530226,-2.149896197,0.662462381,0.824917315,0,Normal
-2.547692807,0.164079022,2.485874278,0.192434407,-0.412593526,-0.885692001,-0.171468216,1.457921118,-2.836215397,-1.642678235,0.305485653,-0.175640174,-0.123381115,1.313454293,-0.157295097,-0.472065427,0.552048806,0.327681781,1.083707354,0.709709734,-1.75346432,2.334383592,1.972608672,-0.071937533,1.094176794,2.175365368,0.295387326,1.013446288,-4.695285234,0.194305464,1.616196928,-1.54943592,2.996983674,-0.056983472,1.656747241,0.365538752,0.598752315,0.900278014,1.141308519,0.858376732,0,Normal
1.903355303,1.188551053,0.325082131,0.166740094,-1.067715469,1.728610469,2.048716207,0.777033314,0.994964617,0.268588991,0.016993778,-0.307050193,-2.369013592,-0.22987814,0.048158575,0.854946263,1.678206083,-0.194581597,1.959557088,-2.585665787,0.719144765,1.836540167,-5.370219117,-0.08318754,1.986277646,1.71177629,-0.03323931,-0.753763101,0.186249901,0.370033279,0.896301067,1.136475183,-0.381125619,-0.307502223,-0.949482418,1.688299584,-1.255692512,0.358218015,0.885672841,-0.746473369,0,Normal
6.199669719,0.527819044,0.378191698,0.205835046,0.949108518,0.937662531,-0.808381431,-0.198162786,-0.838939597,0.863463525,0.102365163,1.2972459,-7.613718143,0.195141242,-0.627056244,-0.025627811,-0.470707203,-0.862275162,1.548884823,-0.895640025,-0.190186864,0.151822482,-0.634918831,-0.399969835,-0.884807804,7.144471882,-1.347467182,1.163659255,0.024704637,-0.21708038,1.812307356,3.094865401,-2.146189327,-0.840840017,-6.592663886,0.584426674,0.898301067,-0.273843226,-1.390162271,-1.462149623,0,Normal
0.956035763,0.974662559,1.028971619,-0.488591493,-0.838677542,-1.38157798,-0.090216377,-0.045621418,-3.835171815,-2.198314443,1.704089429,0.040790412,-1.782859048,-0.767795197,0.664674728,-0.044148514,-0.489366561,-0.1729232,0.951625871,-1.391608119,-1.493904344,1.816068703,2.383063088,-0.590982441,0.733213507,3.841972454,0.877568626,0.226864131,-6.142359661,-1.199358321,0.810965126,-1.050087009,-0.004732074,0.975568433,1.220967801,-0.235816233,0.172959299,1.240232438,-1.965770831,0.197990182,1,Intrusion
-0.030641665,-1.485625913,-0.34432744,-0.962898039,-0.933657755,1.36951892,-1.01250784,1.092267483,2.688476775,-1.530281372,0.57632088,-0.361634767,-4.131805512,0.578454036,-2.343953163,0.843954174,-0.107465585,0.479553514,1.318114742,0.542861746,-1.139885992,3.364356228,-2.412592474,-1.041493377,-0.025335664,2.449906021,0.234841736,-0.029905459,-2.25223485,0.689484378,-1.164963835,0.73624474,-4.153389357,-0.640483467,-1.414703454,-0.716944771,-0.416673107,1.771371421,-0.074027333,-0.126235443,1,Intrusion
-2.213101027,-0.296531063,0.979789821,-1.246973983,0.541694986,0.553196968,1.469107811,0.702531498,-3.184618688,0.471049471,2.34376089,0.944483047,1.721789216,0.678868986,-0.232687604,1.172176396,-0.088653557,0.011145763,1.023697249,1.000751528,-0.18806871,-0.090300313,3.025297286,-1.152424092,-0.064395496,1.533804707,0.428232169,-0.981209941,-1.555547931,1.855443861,-0.363891456,-3.346645434,4.194687742,0.56257028,0.986398868,-0.237024961,0.599073561,0.455718039,0.040004546,-1.87287333,1,Intrusion
-0.412794817,1.659880164,-0.160432855,-0.15977457,-1.237417701,1.05973646,-0.1858038,0.835205133,0.630493013,-1.140854856,-1.608370072,-1.23083674,2.189052914,-2.001250579,-0.118487732,-0.984643939,-1.429461696,0.389041006,-0.949278099,-0.587612816,0.775930826,0.302458453,-6.997216614,-1.50172201,0.728510941,0.086364861,-0.635038626,-1.073735754,4.591951243,2.450315531,-0.761709954,-1.164589096,0.82750406,0.147711432,-0.623871946,2.15734188,0.736162038,-0.340789903,0.190905945,0.028379379,0,Normal
2.04463347,-0.52632069,0.366447754,-1.118229229,0.950386644,1.095639201,0.652924079,2.077495774,-6.897821194,-0.733136364,1.03446232,0.423662235,-0.915343381,-0.80946909,-0.521705646,0.187742794,2.362394846,-0.887844309,-0.136657305,-0.186336074,-1.139091767,-1.55171002,4.123549282,-1.918463927,-0.121390324,3.543393988,-1.473175926,-0.233441555,-4.448740406,-2.524739681,-1.495998708,-0.043273891,3.744389704,0.238616066,1.543367061,0.563144199,0.791922804,-1.354584428,2.469274881,-0.436090118,1,Intrusion
-3.353747847,0.060932062,-0.544691385,-0.188464842,1.810939729,-0.030621512,0.178081008,0.354265914,0.965425374,-0.95421085,-0.467535641,-0.702586486,2.202597104,-1.106313326,-0.732664529,-0.324437466,-0.325924975,1.20419959,0.208618274,0.963915015,-0.414670525,0.365876198,2.667429928,0.214123812,-0.352202102,-1.288401525,-0.106680457,-0.850381184,0.011886581,1.575543084,-1.421120045,-2.288901911,-0.683829979,1.895742766,0.545114918,-0.420449042,0.431703349,-0.258982653,1.543456662,-0.609439754,1,Intrusion
0.959099498,-0.159766553,-0.862096198,1.55388256,1.134070639,-0.13824588,1.286963003,-0.566263765,-3.82886005,-2.361032448,-0.390884817,1.404938366,2.671440536,0.186328236,0.121786658,1.465061065,-0.394604278,-1.381657759,1.447167666,0.269641342,2.050985415,0.528080327,3.567099123,-0.050230943,0.479198427,1.554543236,0.429570751,0.481836809,-2.159805108,-0.871442291,1.244136864,-1.211092869,1.813173906,-0.446808295,-0.704255052,-0.259157873,-0.379756032,2.000427592,1.771650088,1.589835813,0,Normal
-1.963767303,0.54843264,-0.163301248,-0.198648479,1.029057054,-0.480944908,-1.276583916,0.236479506,-1.289982449,-1.597862323,1.016353433,-0.461309463,0.873624125,0.762967315,-0.517636985,-0.32584432,1.79982258,0.358072265,-1.309070707,-0.127030489,-0.91831414,3.47218977,0.870373581,1.184696816,-1.367857741,-0.300108148,-0.662028617,-0.224835205,-5.196903286,-1.45530177,1.625045775,0.094478256,2.642441771,-0.798524688,2.361343274,-1.182851705,0.318466796,-0.63558693,-1.933894993,-0.573158666,0,Normal
-1.281345411,0.775688086,1.509872501,-0.261194395,-0.631107084,-0.509104982,-1.153035676,2.044554295,-2.771101417,-2.134642964,0.239319356,0.064080778,0.840099644,1.169447169,-0.328526055,0.504064825,-0.854499708,-1.656542024,-1.09354661,1.095388414,-0.088863114,1.581429523,-0.755430169,1.030403393,-0.938127562,0.115204672,-1.735115405,0.670327993,-4.559594701,-1.673223655,-0.8419987,-0.555080679,1.753079991,0.449681652,4.168681042,0.260325626,-2.34276702,-0.407260574,1.297988917,-0.886667524,0,Normal
0.927431332,1.335032324,-1.788524221,0.257035399,0.647408907,-0.686453084,0.328180192,-0.890630142,-3.236337651,-1.543970076,-2.281634609,-0.919074258,-1.115736134,0.403915973,-1.55154229,0.619588397,-1.551962544,-0.621979134,-2.087621261,1.590320438,1.279612678,2.457564438,2.734107308,1.855616335,-0.773227655,3.469314896,-1.823536732,0.942856939,-5.91201205,-0.689040468,-0.016172988,-1.354581063,0.649225646,0.171346343,0.478376466,0.905227526,-1.719905147,-0.565751699,-0.627225593,0.774391063,1,Intrusion
-3.354773726,0.016574513,0.818411346,-0.998120962,-0.553822326,1.378784422,0.408716398,-0.250145242,3.229545992,-0.193308825,0.686043114,-1.739205731,2.430648228,0.100326141,-0.763459402,0.007193493,0.208312795,-0.941092107,0.946435939,0.579491217,1.093917015,3.15189041,1.11175057,-1.168521356,1.307025782,-2.567605469,1.844649158,-0.360150578,-1.224673603,1.569361769,-0.705145188,-1.804053308,-0.556446542,-1.048295618,0.44108146,-1.317028068,-0.583397874,1.460775626,-0.027505826,-0.357347239,0,Normal
-0.221283323,-0.27786622,-1.695058006,2.718827339,0.046418437,1.066753109,-0.101946963,0.154262586,-4.81237788,-2.050736868,0.613273736,-2.144081459,1.456495443,-0.828767536,0.623854941,-0.131991858,-2.212831714,1.802980291,-0.586556942,-0.110885186,0.128403899,-1.389327856,0.495258757,-1.231915705,0.286207881,2.242186184,-0.209345831,-0.391631482,-1.597545453,0.208707328,-0.264317224,-2.781743582,1.390944489,-0.518407623,2.552445957,-0.655201592,0.45568012,1.509557909,-0.821942665,-0.054725649,0,Normal
3.465547441,-1.804369381,-0.245777831,-0.321692577,-0.141673867,-0.939392213,1.002344775,-0.069963049,-1.689863807,-0.518817167,0.32700705,-2.001092665,-4.183331834,-0.417097065,-1.30929614,-0.2321266,-0.383750572,1.831756559,0.590355356,-0.52444017,0.964603136,0.394872803,-0.608950221,0.735314391,1.014610729,5.896349629,1.449823834,-1.596511227,0.27761606,0.84060947,-1.397724817,0.855642641,-0.575052326,-0.620434425,-4.795165533,-0.160126383,0.739682615,-2.145601512,0.449989682,-1.475066679,0,Normal
-0.597086394,1.74731482,0.547821522,0.373460522,0.243895563,1.394888204,0.189972,-0.995101323,-2.887201227,-3.479274406,-0.169390525,-1.020530838,1.752192316,-1.003543121,-0.693741088,-0.522122268,-0.641552018,1.349955493,-0.41375022,-0.733928645,0.201903374,3.130279914,1.076807435,0.909481424,0.06919373,-0.07001276,-0.310393031,0.541682054,-6.492908294,-2.817499401,0.460007774,-0.152711415,1.058133639,-0.6134653,3.505046138,0.231337654,-0.193400212,-0.656567124,1.495665292,2.080160301,0,Normal
-0.200011646,0.997205173,-0.566639507,0.442213887,-0.275960113,-1.625028021,0.374685221,-0.755704257,-4.748165909,-3.604628585,-0.490493761,0.003086978,-1.614730792,0.151809515,-0.126464335,0.150153831,1.647611623,-0.961399927,-0.528273984,-0.626681635,-0.306468625,-2.377750712,1.079577289,-0.052983051,-1.066486467,2.694749683,0.423387553,0.548498716,-2.678119869,-2.019132947,-1.802663316,-0.144232707,-1.320668036,-0.500911389,3.203545565,-0.881785825,-0.924505151,0.829323855,-0.765195403,0.175302994,1,Intrusion
2.134993687,0.080160345,2.154504291,1.3951367,0.166084876,-0.919601429,0.390115923,0.575795925,-3.654260292,-1.615022229,1.356527914,2.019014139,-1.647611374,0.752203264,-1.007608018,0.237347813,-0.977204322,-0.834622463,1.700023243,-0.397618072,-0.625825704,1.065342154,0.794515682,-0.728305271,0.96780579,3.023163341,-1.105313676,-0.80756565,-1.993410342,-2.779390397,0.341350914,3.543640562,4.003288321,-0.455051501,-2.359640011,-0.006328899,-1.284655705,-1.569101509,-0.542251151,-0.167233126,0,Normal
3.100303727,0.494125205,-0.062382609,-0.602981897,-1.381849569,0.954731622,1.293641537,0.420598389,-4.201560915,-0.487882511,-0.417376014,-0.023400318,-3.828140859,1.393805887,0.354843142,-1.176450341,-1.943021715,0.706228907,-0.393514634,-0.447867163,-2.340440666,1.348442182,-0.244755028,0.186852361,0.353513518,4.580046994,0.777495163,1.277539373,-4.208796354,-2.431779651,0.440107906,2.510849245,3.236969235,-1.30266596,-0.830622717,-1.313901083,0.162294239,0.429002015,-0.234501315,0.690287916,0,Normal
-0.976595163,-1.763295598,-1.382325713,-0.750440596,-1.092185137,-2.119312484,0.476340182,-1.004879135,-3.789579503,-4.492895725,0.928445489,-0.384180234,-0.958352207,0.174571439,-0.497119022,0.043499422,0.101692863,1.508509741,-0.378283332,-0.799003429,-0.861013212,3.513717921,-2.689741871,-1.041767684,-0.117867575,2.019127287,-0.19833223,-0.393201005,-5.828946338,-3.285696951,0.063764,2.307232958,3.072432111,1.547338353,2.903920944,-0.590076152,1.927576767,-1.01854433,0.296149013,-0.109320528,0,Normal
-1.651680582,-0.124545963,0.320638079,0.785724899,1.122860199,0.056808874,-0.049150844,-0.991563417,-3.25411673,-1.069021582,0.763568387,1.201494759,0.5192776,-0.497262624,0.5737594,1.443493508,-1.031675274,1.458374691,-1.230722906,-1.562311721,0.579549993,0.315289222,1.111772078,-2.286698154,-1.336172764,1.269182773,1.38514104,0.557453203,-2.816604707,-0.243992512,-0.155978323,-1.260760461,2.943734508,-0.337245958,2.306205265,0.017738966,-0.307968467,0.438787409,2.363805839,0.094688694,0,Normal
-2.787026518,-0.262192008,-0.290111625,-0.739027685,-0.114234384,-0.486175558,0.050308866,-1.30656298,0.028927811,-1.582823111,0.519862624,-1.066200708,-0.410058918,-0.251866164,0.960930401,0.449417913,-0.477723592,0.438601749,-1.726120968,-0.061833389,-0.299622483,1.418930592,-1.852234249,-0.134350196,0.675436247,0.229372763,1.337624544,0.096040363,-1.352428686,0.413762461,-0.759407997,-0.336801458,0.51335948,-1.363394354,1.854826301,1.681468854,1.14304197,-0.286171227,-0.426795094,0.014399454,1,Intrusion
-4.831829906,-1.123755848,-0.260736059,0.682541131,1.092931442,-0.876274252,-0.535358529,0.306871694,6.147806557,0.409229232,-0.912215733,0.005401479,3.493281304,-0.954871631,1.575308603,0.93880514,-0.695984271,2.141462566,1.118550606,-1.211087445,-0.615555531,1.854973099,1.931791401,-1.068645859,-0.795449526,-4.681935411,0.40796514,-0.053025884,2.259065454,2.997415273,0.158588044,-2.253376326,-2.714550907,-1.146130568,-0.710009558,-1.196323361,0.004086664,-0.847122615,0.712738681,0.478910462,0,Normal
-1.13449296,-1.63192994,0.496637125,-1.844900091,0.609883652,-1.762857817,0.113758737,0.532111211,0.370309124,-0.700787837,-0.333102799,0.664778231,2.833997225,-0.110683984,-0.169013261,-0.843437923,-0.379918251,0.765334875,-1.785982107,-1.388084338,0.819543999,0.546686528,0.769885879,-0.534787855,0.456228414,-0.431449736,2.1388165,-1.274747416,1.064851469,1.927292567,-0.423887863,-2.548717063,-0.213981812,-1.945454224,-0.667227094,-1.639411712,-0.297966732,-0.963142873,0.627078748,0.33431431,0,Normal
-0.080895736,-0.584715272,-1.920297332,0.343185204,0.040522833,-2.352736466,0.017328021,-0.720163379,-6.3955863,-3.908573751,-0.832219905,-1.571942253,0.62265687,-0.221120487,0.833033721,-0.629642166,0.288995712,-0.270024663,1.764779482,-0.099524872,1.130973495,1.014471026,2.775568077,-0.007963032,-0.025223336,4.017054037,-1.083732898,-0.16555859,-5.483528736,-1.270469022,1.093810048,-1.794884967,2.365291275,-0.925935616,1.815268657,-0.187553097,0.538030405,1.304327469,-0.722678041,-1.273602937,0,Normal
0.558208596,1.626365044,0.44107182,2.286138673,-1.589473546,1.036266109,0.028586774,0.03848157,-0.432899198,-1.682669458,-0.635747686,1.599933849,-1.135083604,1.0575104,1.0330447,0.5262273,-0.624482993,0.973589088,1.267816182,-0.301021473,-2.048451173,2.186117849,-2.22837977,0.438009793,-1.078728928,2.143445425,-0.519190309,0.348840952,-0.568524562,-0.120621084,-0.832030379,1.262743305,0.849167725,0.070816078,-1.874603483,-2.280442297,-0.049237838,1.108924358,-1.244023293,-0.151172785,0,Normal
0.05874669,0.303542327,-0.39676255,1.646920813,0.644128412,-1.726805245,-1.637648541,-0.286049387,-5.593203767,-0.214468292,-0.996096848,0.821846451,0.087469525,-0.940448881,-0.393404456,-1.308368587,-0.194128553,0.552760181,-0.457391196,-0.785044836,0.452406446,-0.567127862,0.272639671,0.660390753,-1.366962795,4.199082151,0.018312165,1.058909706,-1.664342376,1.247918346,-0.157093399,-2.615307148,4.933545244,-0.800810224,0.808030135,-0.51960258,0.255515205,0.923964107,1.178110336,1.001617769,0,Normal
0.404339475,-0.441130268,-0.007543419,0.332975997,-0.55797395,0.633137305,0.076545602,0.8955784,-8.819239699,-3.382422739,-0.951796364,-0.309624418,-0.564697141,-0.876921511,-0.322561684,1.114890179,0.658338319,1.743930477,0.103532599,-1.914735675,0.75968063,-0.006623361,2.332082593,-0.664336216,0.942227262,5.001812361,-1.008803856,-2.333332041,-6.474288806,-2.430140258,-0.906729811,-0.888148803,4.876788504,-0.240036618,3.198493466,-0.208687415,-1.438568408,0.067206537,0.984544583,0.639630276,0,Normal
-0.794184161,0.175081852,-0.374122115,-0.303741611,-1.483826612,1.155813257,-0.795274238,-1.48622392,-3.350763904,-1.638347452,0.231581363,0.776625837,1.191937412,-1.650873699,-1.370808928,-0.38883988,2.028896426,1.090968281,1.04630972,-0.419668148,0.278379146,1.054692876,1.928296609,-0.670458698,1.3459679,1.010475506,1.261823751,-0.719857541,-3.799141509,-1.027571876,-0.242387288,-1.011073784,2.475021321,2.162020114,1.999708891,1.475089917,-1.172887732,1.59730076,0.687973546,-0.208570344,0,Normal
-0.040517448,-0.551639019,-0.935713105,-0.969326557,0.938142344,0.696370007,1.072666827,0.170091441,-5.432488896,-2.005497741,0.810584457,0.060526871,0.396092398,0.539401514,0.294646602,0.900711183,-0.723218435,-1.163472085,-0.15270063,-0.912952816,0.739563962,1.004013373,1.554586238,0.418477356,2.027961624,2.209205851,0.341118731,1.37863085,-5.133893783,-2.16722816,0.286862274,-0.167543653,4.200739104,-0.040056056,2.605168706,-1.220195887,0.759752063,2.393378311,-0.792336884,0.668878853,0,Normal
0.245767519,0.608973098,-0.130399817,0.123101873,0.655692345,0.20767469,-0.911372709,1.668082947,-5.125165676,-3.105623209,-0.681272575,-0.473239344,1.609658217,0.586911431,-0.48678133,2.264459254,2.043099661,-0.797835273,-1.116947916,-0.243686053,-1.953892938,-0.64017099,1.248199365,-2.021955795,-0.449926396,1.545877393,-0.381793507,-0.015572099,-3.227477845,-1.795521979,-0.849678565,-1.162345944,1.351763919,1.935953559,2.934429022,-0.404280193,0.272761781,-1.47121663,0.398909601,0.752520593,0,Normal
-0.907773077,-0.885051422,0.241473322,1.777465739,-1.3296999,-1.956426697,-0.376190713,1.291794692,-1.923569664,-1.03864991,-0.584045378,-1.397371843,1.990639339,-0.275238308,-0.407624662,0.103419266,-0.312544969,0.474026596,-1.349860737,-0.12794014,0.020908472,2.224270815,3.608871057,-0.585876429,1.273648078,1.433199129,0.693647585,0.834198098,-2.846930484,0.842312254,-1.184640862,-2.216096221,2.265342689,-0.319220768,-0.886463883,0.822562304,2.677922378,0.010279786,1.495896991,0.520018487,1,Intrusion
-5.145011372,0.807925495,1.075548377,-0.52377176,-0.790014017,-0.459172657,-0.175350967,0.066447967,6.219024731,1.72980097,-0.549420511,-0.11714385,1.909730319,0.47066093,2.487919837,-0.637079271,0.659242468,0.03589797,0.058990308,1.022941642,-0.271068271,4.592501598,0.12699505,-0.886440727,-0.582340842,-4.581419076,0.633907803,-0.798073007,-1.190329881,2.14584704,1.948901978,-1.144702807,0.147415977,-0.007634886,0.841715057,0.58169705,-0.710027679,-0.750556453,0.003802156,0.190976655,0,Normal
-0.901293836,-0.90021379,0.928777922,0.277010281,1.141724231,0.072354344,0.569070281,-0.528722546,-1.731131775,0.511577502,-2.448788862,-1.19688695,1.001747973,1.369986033,-0.683794793,-0.712889522,-0.25992635,-0.171678363,-0.971090375,-0.574637778,-0.288581984,1.758094127,1.506435668,0.052192659,-0.560615781,0.411886088,1.06495702,-1.164333032,-2.47094701,-0.13560611,-0.156529185,-0.422961934,4.301545496,-0.21321488,0.348539174,0.813087173,2.949666098,0.940944956,1.205166998,-0.024149112,0,Normal
1.944824124,0.549187839,0.655151257,1.823384726,0.680196342,-0.217866354,-1.185928586,-0.456003728,-2.99895055,-1.5701312,-0.735457721,-0.997529724,-1.467158957,-0.076321394,-0.70184732,0.86973692,0.353024773,1.253631345,-0.647430911,-1.485811312,-1.295195561,0.2070676,-0.236166269,-0.700602345,-1.146078391,3.093996166,0.609163543,-0.47080949,-0.297582114,-1.511090913,3.264766775,2.411921988,2.553016019,2.167886263,-2.436430822,2.195505823,0.131930871,-1.52325676,1.64085499,-0.700505917,0,Normal
2.767565536,-0.695126674,0.908585862,0.067992238,-0.321206832,-0.799009285,-0.250185392,-1.771271614,-2.706757613,-2.67152561,0.788102143,0.511362539,-2.634331255,-0.048069719,-1.383566605,-0.303334315,-0.404833662,0.734637932,0.621004148,0.54396318,1.816825601,2.557444351,-0.440267258,0.062565169,-2.652816968,3.199731865,0.307175028,-0.973642393,-4.553478356,-3.212993429,1.145709065,2.988478235,0.537624916,-0.70202173,-0.821400282,0.560688003,-0.629613949,0.528671214,1.178159203,0.016931839,0,Normal
0.907632895,0.160412747,-1.134007234,-1.170578364,0.703153071,0.811439936,0.180748858,-0.578341101,-0.916015888,-1.541130836,0.195045766,0.919202521,-2.802184486,-1.240168843,1.635817027,-2.385950411,2.666927391,-0.683433902,-0.307263212,-0.111963995,0.254134287,1.954285165,0.095251499,1.038039004,-1.173367308,4.338436955,0.440419493,-2.414287511,-0.265781434,0.476339451,-0.393949239,1.605474572,1.085043022,-0.55569492,-4.599107322,-0.226698856,0.882104714,-0.177475045,-0.413240272,-1.178706372,0,Normal
-3.984784432,-1.147378208,-0.067606732,1.144730838,-1.012824757,0.287880456,0.321422336,-0.091738813,2.104993723,-2.390200901,-0.673454155,-1.445924619,0.359544358,1.481786154,1.319944859,-0.510909749,0.623486919,0.086421588,-0.061113706,0.166765066,0.219722707,2.836173619,1.546398047,0.028991274,0.31257374,-2.143545742,0.120482591,1.341370793,-1.17860029,-1.603121975,0.262837066,3.193115871,1.340942806,1.203022415,-0.754719748,0.131096002,-0.344231709,0.833777587,0.054906508,0.413788001,1,Intrusion
-0.641508217,-0.30200772,1.610596888,-1.615884191,1.488383654,-0.631260088,1.76986245,0.272989613,-0.970042275,0.128118129,-1.353684901,0.546656551,1.645780376,-0.398179938,-0.043131341,0.994580104,-0.621248658,0.368809891,1.512495875,-2.210656209,-0.610599339,1.272542592,0.463416949,-1.011514238,0.240060622,-0.687192424,0.081440141,0.498736754,-1.133065802,-0.535804643,0.945066411,0.2211643,3.38907091,1.479946479,0.357821488,-0.467380555,-0.684160004,0.257149097,0.395785684,-1.018669216,0,Normal
-2.069786385,0.76333365,1.332104642,-0.417241909,-0.820919297,0.303840826,0.273896092,-0.26228168,-4.861626908,-2.293680186,-1.2870178,-0.540766561,-1.046327675,0.173647367,-0.308055039,0.90541791,0.048608975,0.841964644,-0.356758465,0.014808288,1.319585594,2.856354617,0.355214462,-2.18529297,1.121106771,3.802468238,-1.311428597,0.170020953,-7.108218214,-0.176599178,0.934672821,-2.256595909,3.517695006,-1.566681575,3.684343384,0.038552503,0.057530949,-0.510477562,-0.831552592,0.325164221,0,Normal
1.694260105,-0.654853441,1.505336757,-0.75405816,0.566901418,1.368434231,0.49353633,-0.015805901,3.233264637,1.719156941,-1.138375983,0.124004526,1.734448886,-0.921220732,0.414511319,0.19950024,-0.84102322,0.947731358,1.168532984,-1.833408157,0.085954699,0.309716236,-6.195443021,0.051877108,2.332954475,-1.385630394,0.687994503,-0.51238148,5.425864822,2.424901932,-1.219043238,-0.495799617,-0.544938,0.371846608,-2.156400509,0.124601897,-0.406288502,0.067264949,2.992230735,-1.942936055,0,Normal
-2.28786186,-2.394851437,-1.331006197,-0.168205107,-0.432013844,0.383104756,-0.423035699,0.007631291,0.867620232,-0.773956415,0.871377584,-0.551363296,2.396699875,-0.924206419,0.93035054,0.720899365,1.43468139,1.262868689,-0.006789016,-1.972958889,-0.239911462,1.197818973,0.523498381,0.035472647,1.580658649,-1.893700336,-0.19948529,0.783753422,-1.03225343,0.611281995,-0.467963827,-1.736062002,-0.297903035,-0.477134793,1.823347705,-0.101631033,-0.791635742,0.742986062,-0.810090364,-0.736495632,0,Normal
3.593592642,0.151910939,-1.296217579,-0.397753976,1.051991649,1.672197703,0.609188358,0.151773817,-1.681049116,0.626238025,-0.65049078,-0.276984162,-1.928879619,-1.746965573,0.1472464,-0.95578385,1.292000121,-0.072163863,-0.289640754,1.400431102,1.122711825,0.705667014,-2.862238588,-0.84238121,0.158783687,1.39465488,-0.373115965,1.372685617,-0.767556984,-2.506411342,0.138537348,3.516917649,2.810603176,-1.20968032,-1.038054869,0.579165798,-0.212552774,0.865361847,-0.845949128,-0.668004829,0,Normal
-1.098775388,-0.894207709,-0.415509476,-0.705860258,0.003062646,-0.642057748,0.284666773,-1.594741205,-0.165438456,-3.321010789,-1.133476768,0.926345088,-1.146489877,-1.023326579,-0.014856591,0.378790487,1.158741883,-1.10561991,-1.270346672,0.167028582,-0.967179954,3.70458741,-2.433403049,-0.267360624,-0.238413366,2.418282557,0.573875503,-0.547141813,-2.515467978,0.238354933,0.196836854,0.264014681,-0.35542026,-0.732056237,-0.637209067,1.656049225,0.269091163,1.798348091,-0.20896518,-1.595044333,0,Normal
1.572417877,-0.89007703,-0.186554679,1.236713548,0.446992575,0.909634833,0.014088062,3.14242273,-3.082323084,-1.725833255,0.524403321,1.144094495,-1.075498655,-0.13313544,0.254090365,-1.457787002,1.434400012,-1.468228965,-0.171909785,1.265265744,0.258486129,1.920594263,-1.408367348,-0.172380204,0.14367528,1.337946205,-2.328036443,-0.988574351,-3.667833484,-3.500544151,-0.821556359,3.256559106,3.435149254,0.22074679,0.806948485,-0.490690151,-0.141258926,-1.757070769,0.27469145,0.190826825,0,Normal
3.268451524,0.986903743,0.554157623,0.068021971,-0.441694178,-0.722187298,-2.256575902,0.436314402,-1.866655028,-0.228447594,0.233959441,-2.389954561,-2.850261895,-0.77444194,1.162857967,1.770522988,0.939618348,-0.036253436,-0.64550155,0.765309116,1.082951186,2.664140137,-0.607283637,1.313892526,0.803392966,1.315338643,0.77396237,-0.238450408,-4.433768134,-4.505467307,-1.203376156,5.14149928,3.175963951,0.026173489,-0.701791034,-0.289623277,0.915456498,-3.091995552,-1.023742859,0.228906776,0,Normal
-1.889039082,-1.742763888,-1.296505261,0.703123886,0.46984175,0.445889214,-0.215627052,-0.485690725,-2.721146918,-2.5071246,0.62315344,-0.295195617,0.513335502,1.394680249,-0.487464715,-0.850203464,-2.080813143,0.592559449,1.469892724,-0.871755497,-0.229813446,3.746124365,1.42620068,2.422184004,1.102002293,0.451066126,-0.748573284,-0.049801101,-7.364400501,-2.249084691,0.331899841,-0.158485417,2.564893456,-1.697413083,3.675925519,1.829433028,1.530185487,-0.136876657,-0.602521907,0.084477821,0,Normal
-1.122860104,1.096115977,-0.655403312,0.769139324,0.324035597,1.424701589,-0.008298782,-1.109977922,-2.478239554,-2.086170293,0.19623891,0.410067571,3.230467891,0.973536685,0.949286578,0.173902575,1.221055713,-0.757698122,-0.859504815,-0.941548142,-0.31087386,-2.328038753,5.969601746,0.063284335,1.26152842,1.836893439,0.493784199,0.077483905,1.890043482,2.566316958,0.008112481,-4.262203887,-1.135287451,1.197510617,-2.194289522,1.17513407,0.261377393,-0.898736727,-0.544524158,-0.752716426,0,Normal
-2.789065387,-0.039224031,0.994707306,-1.530412131,0.618933569,0.401314312,-0.039485337,0.243245171,-0.011912732,-0.223285512,-0.525989419,-1.013463368,1.121332414,-0.701040373,-0.511576467,-0.974335353,1.073279009,-0.730246733,-0.225719222,0.298466233,0.509775625,0.695594181,-2.188809253,0.864604841,-1.271388678,-1.85894223,-0.358285968,-1.011105361,-1.87665312,0.082233181,-0.488880324,-1.379562188,0.876263213,-0.067653057,4.633015682,0.039691357,1.487636027,0.301131672,0.386870203,-0.074934689,0,Normal
-1.652087523,-0.689602547,0.724856453,0.076512224,0.662294837,1.484556264,1.042093745,-2.253264136,1.288821911,-0.839983927,-0.655957453,-0.007155428,2.552137537,1.572117702,-0.811271825,-0.391099574,0.111941985,-0.779509556,-1.967851832,-1.110964116,1.559515099,3.240584834,0.902928784,-1.24343246,0.109961171,-1.784187623,0.6087686,1.745208665,-2.36408273,0.131671552,0.52066399,-0.995602607,0.509250729,0.819389966,0.594954276,-0.261661322,-0.038482593,1.87799883,-0.876196902,-0.022596011,0,Normal
-1.652044032,-0.735943914,-0.17129069,-0.383290283,-0.825466738,0.275173303,-1.125138026,0.163486494,1.440245986,-0.490543289,0.53826654,1.973828796,3.213714248,0.165593083,0.23423869,0.886601906,0.881539652,0.983123241,0.639055131,-0.316273333,1.0109954,1.134409597,2.358263482,-0.924980487,-2.528055015,-0.978787969,-1.729200829,0.500701449,1.128527133,2.226621649,-0.163955146,-2.547045583,-0.483181019,1.750313947,-1.730192368,1.488109831,-1.667242848,-0.358363486,-0.746806531,-0.602984762,0,Normal
-0.459438975,0.059615843,0.5195878,0.702748996,-0.418767777,-1.054106814,-0.742889646,0.855853858,-2.410918453,-4.196871892,-0.183824423,-1.554203981,-2.416296567,-1.94984923,-0.591432261,-0.737270857,0.509226518,-0.915471975,-0.791097321,-0.710589997,1.829925862,2.439831169,0.266870159,-1.632175962,0.167269203,4.048327884,0.774109013,0.530223957,-2.759809091,-1.281795977,-1.210088077,2.120290971,0.894153079,-1.457607017,-2.077618136,2.080903732,-0.671082705,-0.912160068,-2.509993479,-0.081127986,0,Normal
0.249540847,1.282845042,1.077444389,-0.777981667,1.152508193,-1.817199061,1.429836619,-0.906545281,-4.683984046,-2.196622911,-0.368799139,-0.238292697,1.646842059,0.157272309,0.357292774,0.527952429,-0.230445758,0.063521859,-0.37375888,-0.557044777,-0.445717491,-0.482592385,2.360553054,1.216385977,-1.543632319,2.583172236,0.440198845,0.593553053,-1.725345613,-0.121295532,0.716674091,-1.871274929,2.209157936,-1.27841027,0.298596529,-1.201612113,-0.385514154,0.942584836,0.092028864,0.64632995,0,Normal
2.666555465,-0.081368867,-0.41285648,0.866939125,1.267271027,0.378617194,0.04365186,-0.556375941,-2.938855253,-1.877087017,1.070488999,1.029534411,-2.527390422,0.035072581,-0.458868246,-1.044613371,-0.725510878,0.375593988,-1.294162878,0.277184411,1.787251549,-0.969611347,-1.57594707,-0.363066299,-2.38532587,6.308842299,-0.634406785,1.141864118,2.773369143,1.828291669,-1.261487201,-0.13287558,0.091932629,-1.198180049,-5.037133493,-2.345874689,2.541994472,0.687178885,-0.035078176,0.024010535,0,Normal
3.237029647,-0.531857044,-1.181289367,-0.398517928,1.537335068,0.136056436,-0.651542594,-0.027665107,-3.854140379,-0.531866786,0.149647556,-0.246321325,-3.165774139,0.315461087,0.854057003,1.655390179,0.368934974,-2.309364874,-2.194529658,-0.795166053,1.786206,1.45389251,1.86586779,-1.287846289,-0.175761822,2.800069995,0.26722401,-0.246532641,-4.950922548,-4.387928877,-0.038772355,4.34775779,3.645804799,-0.736405515,-0.862596487,0.141824719,-0.423040544,1.21465785,1.911910554,-1.008064941,0,Normal
-1.020960061,0.37931865,0.182586587,1.518996029,-0.761993234,0.974853288,-0.222141761,-0.106790029,-4.835112352,-2.2382301,1.914202226,0.539770756,-0.255672058,0.476500427,0.400468854,-0.910170887,0.680487797,-0.137056477,-1.116439101,-1.594022641,0.296522738,2.288176281,1.369075128,1.195231184,1.21979933,3.890562939,0.258885688,1.917211555,-5.318872527,-0.073156528,1.210311301,-1.822842382,3.691951625,0.927240284,1.450930568,1.076419303,0.153647922,0.531620291,0.488427102,-0.929266846,0,Normal
1.795812449,1.675118722,-0.773420001,1.104041695,0.343032853,0.256798745,-1.273542376,-1.017080181,-1.154090472,-0.618180314,0.984233335,-0.295979385,-1.972969864,1.332673159,-0.317676664,-0.756619721,-0.212812203,0.284731885,0.599647265,1.612995568,0.231313169,2.523594198,-2.453588383,-0.004031394,-1.211090061,2.551900005,0.190257179,-0.757544719,-2.89286938,-0.628225411,-0.211852818,0.695373982,0.785726752,-0.123888423,-0.241739352,-0.84579767,-0.850855523,1.355214202,-1.998473774,-0.475869318,0,Normal
0.051617032,1.34809136,1.828727081,-1.157089953,-0.893512225,2.051715856,0.912440495,0.720195596,-2.928871827,-0.667273316,-0.79937144,1.746471027,1.552282151,1.809497734,-0.835377641,0.936835705,0.189525212,-0.808815965,0.286257442,-0.867095012,1.666256994,1.576597708,2.453322676,0.396660015,-0.148132691,1.553055641,1.217981716,1.493163004,-2.671448392,-0.125738926,1.684429763,-1.111379495,3.540585683,-1.174590284,-0.422461601,-1.982355259,-2.416594612,0.78822699,1.00151169,-0.906775365,0,Normal
1.454781194,-0.914092683,0.375958169,1.165352355,-1.437961584,0.005578855,-1.581166899,2.467004009,-2.936738592,-1.671991642,0.40765874,0.727735678,-2.918726871,-0.421572343,0.367967553,1.619968731,0.284563632,-1.96168704,-0.402029704,0.653909038,-0.11835778,1.416578429,-2.571090332,-0.709999676,-0.920307435,4.065297585,0.383738836,0.022631403,-2.334116374,-0.943036665,-0.165727161,1.407481418,1.803530882,-0.953000324,-0.479034553,-0.617861076,1.314746958,0.061139569,-0.35533704,-1.320198043,0,Normal
0.702384516,-0.298475092,-0.67472245,-0.689944685,2.010282741,-0.975569421,0.15933984,0.720453927,-2.92829423,-4.042499186,-0.275180766,-1.288393672,-2.570724105,0.609404435,1.273918426,-1.55550889,-0.14502172,0.349011614,-1.688116633,0.350915131,-0.003066667,1.748106355,-1.021714268,-1.132742339,-1.605141099,5.149722479,-1.081398133,0.256028377,-1.535813713,-0.484614884,1.096665119,1.413491255,0.497855971,-0.583788171,-2.710543366,-1.256276988,0.782089865,0.639645179,0.328079003,0.84748232,0,Normal
1.152331294,-0.167022857,0.280556918,-0.001754943,-0.066637242,-0.264454185,-0.613387522,0.533722127,-0.93616238,-1.015435441,-2.08794655,-1.458326064,-2.829665255,-1.020601909,-0.589972725,-0.66671923,1.468427112,0.081774124,0.570296185,0.171892864,-0.529963979,1.602055979,-4.254704543,0.328040956,-0.083509125,4.38114818,0.22659778,-0.517946988,-0.37457292,1.71627122,0.628597987,-0.712635424,-0.317476174,-0.279246903,-1.388595903,0.869288745,-0.571174456,0.990119291,0.573255556,-0.282379568,0,Normal
-1.005893248,0.888208131,1.606014146,-0.256943658,1.698997444,1.341738642,0.925154201,-0.669341005,-5.026769873,-3.190228202,2.674314846,-1.561591429,-4.482077925,-1.522006881,-1.127689883,-0.150361947,-1.251161157,-1.078846445,-0.400399052,0.748264821,1.131395479,-0.657814961,0.440071805,-0.417490734,-0.138312935,7.48942549,-0.959312712,0.376094741,-2.538177024,1.544448323,-0.156523904,-1.926847178,-0.046638654,0.160393571,-0.135950946,-0.043177684,0.450054976,-1.089839295,0.645238117,-0.510049219,1,Intrusion
-4.76981115,-0.74560361,-0.376225504,1.615400881,-1.2527398,-0.761035706,-0.046509188,0.43392879,4.459919123,0.306434835,1.036776381,0.428147978,2.524102277,1.319558252,-0.450073832,1.934669007,-0.916763183,-0.95836717,0.118825599,-1.38233051,0.809961058,-0.076271878,-1.860106776,-0.178421647,-1.580656834,-5.152338235,-0.368187754,-0.269391413,1.969392057,1.555590837,0.571621965,-1.583607104,-2.332145985,-1.295164245,3.534271174,0.158002988,-0.543022038,-1.322178481,0.63474559,0.130599662,0,Normal
-2.200478843,0.12765587,-0.003886994,-0.276518406,-1.324209869,1.790333083,-0.317658784,-0.151112788,-0.188472885,-1.875129385,0.357617853,0.879877779,1.721595719,1.250297238,-0.610878053,0.291885262,-1.307065811,1.684010389,1.209547316,-0.546350166,-0.486609695,3.245470001,1.593264355,-0.906484904,-2.48263274,-1.80547504,-0.828861944,-0.405334155,-4.992405281,-1.811229728,1.445546164,0.05655968,0.947633189,-0.15826901,2.818939241,0.697703593,-1.001094645,-0.197636715,0.815632143,0.758262538,0,Normal
-2.646685909,1.306844162,0.061353231,-1.835522263,-0.934230881,0.501982344,0.135220798,-0.016076293,-5.29741713,-2.855620848,-0.354509229,0.183282213,-0.117139972,2.474735803,-0.974455579,0.204997866,0.085546448,-0.060317538,-0.238765515,1.496813011,-1.189907033,-0.402582524,2.982437487,0.548789364,-1.9331934,2.605004624,0.255642902,-0.432726631,-4.679275758,-0.747678177,0.592125305,-1.933393166,2.274800907,-0.406068871,3.693581794,1.302527841,0.502584065,-0.171542079,-0.146644503,-0.030925232,0,Normal
0.702860851,0.954699403,-0.71491717,-0.505457589,-1.900732278,-0.633217052,0.065811443,-0.303460666,-2.436936673,-0.302347261,0.129307181,0.6075278,1.066154634,0.178449081,0.472026011,-1.014809811,-1.354312808,-0.936580031,-0.194094069,0.930725508,-0.638121835,5.773462397,1.313916107,0.350357157,0.418297073,4.280982895,-0.800946473,1.278379928,-6.095934133,2.49049326,-0.207635998,-4.436143056,3.068789625,-0.318992672,-1.217614402,0.157247324,0.193677629,-0.405741983,0.591182315,0.491886636,1,Intrusion
-0.168096577,-1.05188811,1.814077015,1.414092612,-1.13774847,0.208952996,0.804487163,-1.262393265,1.405964185,1.616408474,-3.300450402,-1.047858384,-1.748589995,-0.875248078,1.293063366,-0.286501261,0.86693893,-1.220926511,1.458716783,-0.977553487,-0.653379613,3.31061686,-0.250999922,1.631822696,-0.474909975,1.501414094,0.848297615,-1.417370678,-3.499993353,1.819059639,-1.46229255,-2.032915752,-0.411703389,-0.793651986,0.091521915,-1.487746291,0.272512698,-1.677534868,0.190180257,1.565008921,1,Intrusion
0.087634932,-0.270048578,0.112634105,1.686781677,-0.033612218,0.014395597,0.024677988,-0.898217962,-1.789238078,-3.594925821,1.410253205,-0.363393382,-1.624786512,0.169967552,-0.730608922,0.568318266,-0.731998466,-1.863096971,1.834323546,0.021681232,1.228560876,1.974862281,-3.17459717,0.515220778,-0.580168799,4.314780304,-0.472478112,-1.328481982,-0.576093213,0.86258992,0.582152626,-0.057136138,-0.161241248,0.074493986,-1.765600626,0.612812579,-0.604144801,0.416051383,-0.534310753,-0.689755882,0,Normal
-0.483339058,-0.837333398,1.718292424,0.360976304,1.508899918,-0.950059225,0.278471776,0.39343574,-1.816228642,-3.319702219,2.003113653,-0.814432295,2.943121359,1.240521496,-0.125330097,1.315046991,-0.561919664,0.999717115,-0.180854685,-0.092382503,-0.769393616,1.523256973,1.445151321,-0.631632967,-0.082575273,-0.59427834,0.386137203,0.5071587,-3.466425875,-1.31391842,-1.045079014,-1.503515249,-1.014835307,-1.069152172,2.339597488,0.424934749,-0.046182893,-0.810334029,0.264075741,1.652565692,0,Normal
-1.595504941,-1.076756009,0.046866889,-0.947161371,-0.004018263,-0.26614198,0.131650125,-1.266506698,-1.220643583,-4.321839862,-1.772961793,1.07795087,-0.300161772,0.912355769,-0.733913374,-0.411416615,-1.347695759,-0.732594285,-0.762633515,-0.884775957,-0.89566126,4.536438832,-0.2759684,0.571744345,-0.433305295,1.283172202,0.130529834,-1.093286901,-4.564703952,-2.218455292,0.260927576,2.304044547,1.751050776,-1.142551433,-0.146963976,-1.722861838,-1.796735083,-0.491978554,-0.683385076,0.858884001,0,Normal
2.661210209,-0.319011567,0.154106691,1.03483963,1.416227315,-0.00280283,-0.31265819,-1.00352881,-0.343601265,-0.230108062,-0.888208592,0.300743808,-3.278917412,-1.960369575,-1.265430079,2.693888555,-0.745937959,0.042612558,0.279698134,0.877610053,0.10971879,1.772415718,-1.08138094,-0.337492106,-1.356579098,2.843890692,0.496467948,-0.731977183,-1.297481472,-1.16172369,-0.50289127,2.705619072,0.357237694,-0.049670747,-2.883761039,-0.064721373,-1.020005691,-0.070773094,1.516277237,-0.204730775,0,Normal
-1.367475879,-1.292438404,-1.65065053,-0.099863086,0.549745245,-1.013815135,-1.370052686,0.182428785,2.194252776,0.158176818,-0.347563943,0.868767857,-3.934860223,-0.522204382,0.535403657,-0.530282816,0.562749644,-0.746575615,0.810608494,-0.736607802,0.548534769,0.754022342,0.096602856,-2.439310659,-0.620101336,1.942731365,1.403833463,-0.077114895,-0.957682748,1.69972139,0.252648142,-0.6270582,-3.502017384,-0.15230971,-0.58253382,1.28726844,-2.466306339,-1.675426978,0.743312212,-1.662428961,1,Intrusion
3.424641562,-0.002681564,-0.032357056,-0.173676102,-0.939417799,0.975342399,-0.666759327,-0.05093591,-1.806699481,0.04967378,-0.387112689,0.303932362,-2.426566062,0.04467087,-0.0414199,-0.015734322,-0.456730813,-0.200502205,-1.736795632,0.294537233,1.456083156,-0.451620811,-0.233153785,0.274678138,-1.68232693,4.332328155,0.873891755,-1.792218051,2.177269061,0.31505002,0.089249632,1.815019719,1.536132093,-0.802013453,-5.390886537,-0.097760231,0.541821904,-1.096751504,-0.071856208,-0.68424473,0,Normal
4.154015127,-0.627834875,0.289984758,0.390039619,-0.023532161,1.212516708,1.000580868,1.403782197,-1.252419936,1.716896736,-0.740259361,1.873861549,-2.082156063,-2.087850203,-0.480913407,-0.731809279,0.349076692,0.002304673,-0.359708698,-0.961292747,0.777391982,0.410035104,-3.414679002,1.104043695,0.968489001,0.93000389,0.110190175,0.163609701,-1.020400137,-2.303598908,-0.127157727,2.86002555,2.113777997,-0.081011365,-0.041768852,0.725642624,-0.485503384,-1.387850852,-0.333113402,-1.055630149,0,Normal
-2.289586394,0.897877941,-0.190344478,0.864855713,-0.86363171,-0.705145032,0.599073967,2.703996235,-2.330411985,-1.167838553,-1.559524497,-0.72155998,0.891841049,0.274445377,0.8091657,-1.138373575,0.909919698,-0.980997696,-0.580100061,-0.907015579,1.291544726,0.288275798,1.273918914,-0.568427077,2.292601771,1.395263649,-0.680361331,-0.392802077,-1.906231665,1.199882726,-1.475528465,-2.644740077,1.565046118,-2.22504375,1.761745478,0.582583853,2.349508737,-0.443285113,0.619653428,-0.844192247,0,Normal
-4.864962654,-0.384351736,0.746176543,-0.479691527,1.613874743,1.08010626,-0.784377082,1.354778621,0.81831185,-1.165385126,0.722009504,0.670529914,0.432115431,0.396847098,0.513558536,0.911744183,1.98408484,-0.549792725,0.635885251,0.391609655,1.577326127,2.162341678,0.370330769,-0.945382737,-1.116616516,-0.6974157,-1.514071262,-0.806917828,-2.692561787,1.315450702,-1.000100495,-1.953459044,0.464950735,-1.974367161,2.81166101,-1.506092013,-0.72634656,0.595511186,-0.570627675,-1.578043135,0,Normal
-3.738425134,-0.70851911,0.258642376,-0.827997395,0.763898112,1.25941916,-0.545444676,-0.075584577,5.441071289,1.432023818,-0.947965065,1.423737465,3.272807341,-0.039021854,1.729359118,0.161681851,-0.575279064,-0.332225077,0.676105246,0.76845107,1.731502886,2.643755925,0.393848969,1.045534482,-0.651165879,-4.181000847,0.907365384,-0.316275487,0.837029965,3.025107097,-1.38278535,-2.869351275,-1.625155816,0.240158433,0.360301868,-1.23490951,0.447664376,-0.62103468,2.027107935,0.541587595,0,Normal
0.463349821,-1.574068754,-0.788438475,-0.714029285,-0.647551591,-0.589489391,-0.270533062,0.28157699,-4.289947409,-1.555344909,0.711866538,-0.836212527,-0.718553453,0.757591539,-0.188460479,0.286451735,-0.162886369,-1.080390275,-0.80341804,0.43281597,0.794228707,-0.723503131,1.841382802,0.519444876,0.934373695,2.433022323,0.728004267,0.404695682,-3.324471018,-1.361211331,-0.422020303,-0.60602602,1.192755037,0.248271256,1.946158911,1.371572396,0.862740192,-0.5562439,-1.12987578,1.177971617,1,Intrusion
1.890243833,1.572199591,-0.116052711,0.33445603,-2.364272112,1.600401944,-0.204395765,-0.750387897,-2.435737535,-1.769531799,-0.031355351,-0.465649763,-2.997531331,-0.193334637,0.239260392,0.078695136,1.294793714,1.354492319,-0.058901548,-0.199446813,1.445421997,2.117847385,0.798669679,-2.071414535,0.966707937,4.091645547,-0.934444986,-0.143866921,-3.087668971,-1.581110514,-2.625372191,2.291020697,1.478502384,1.213448309,-2.591337488,0.176371756,0.14753092,-0.648469211,-0.119190934,0.65595759,0,Normal
-0.750614162,-1.598301664,-1.019834903,0.936489189,0.447712628,0.613932014,-0.558900198,-0.540600016,-3.122943361,-3.994376038,1.264415486,2.590432108,-0.378598786,0.212875279,-0.610212261,0.828791396,0.411074431,-0.114402716,0.062337814,0.483615903,-1.011509522,2.60345766,-0.923848861,-0.595545237,-1.569030923,3.18077073,1.622286388,-1.154764645,-3.155596522,-0.796831933,-0.123705012,0.373631875,1.863248428,-0.520443306,-0.091903711,-0.2283426,1.726667533,0.263948043,-0.608190241,0.000420207,0,Normal
-4.395588629,-0.077508286,0.504885905,-2.215233805,-0.192622239,0.789706126,-1.038749112,-1.366386417,2.875389183,0.307980828,-1.088681491,1.624017837,1.776818523,1.666073703,0.693434182,1.036865579,-1.882737763,-0.448651683,-1.11158507,-0.181341108,-1.059401153,2.491564237,2.695535917,1.110274641,-0.072222344,-0.6708054,0.594184587,1.298969508,0.193258241,3.725635939,0.351460177,-3.156137687,0.208824319,1.053514525,-1.553777454,-1.348533655,-0.389018221,-0.631996786,-1.746331842,-0.501476942,0,Normal
-0.677830964,0.18341505,-0.818031431,0.725412036,0.644891871,0.974669409,0.075405005,-0.655454709,-3.067293569,-2.141100496,-0.066824749,0.684554069,0.669485935,-1.260452607,-1.008110552,0.673594802,-1.180580845,-0.259780737,0.674118404,-0.867319122,-0.552472284,4.276191481,0.711205013,-0.223830653,1.213791185,0.616018766,-1.019270002,-0.455851791,-7.554362742,-2.699749136,-0.260837484,0.389986781,3.533308634,-0.161131322,3.187429495,-0.344233924,0.248723793,1.415929004,-0.060422795,-0.578899031,0,Normal
-4.288431332,-1.513563092,-1.633485552,0.329297449,0.572884503,-0.89173432,-1.417705912,-1.062145784,1.937760244,-3.478070001,0.913236925,0.564327998,1.165240747,1.626436961,0.517089565,0.193176983,-0.115922474,1.277418762,0.390491049,-1.086707522,-1.776550131,3.313339379,0.017405015,0.909593779,0.105248457,-1.5013033,1.440618068,-1.97893308,-2.36944234,-0.046396035,-0.852811691,-0.134290042,-1.420758827,-1.319150091,1.396759413,0.425287659,0.100473203,-0.516215494,-0.01424427,0.302662357,1,Intrusion
-2.91770345,0.171400842,-0.980871297,1.477685096,-0.032238541,-0.309211854,0.882922032,0.791522731,1.251588448,0.742477563,2.321810138,0.2655665,1.116674808,-0.564085002,-1.900117791,0.994767836,0.666473855,-1.024175309,0.079830901,-0.300033818,-0.53823586,1.886143452,-2.046749725,0.087176397,-0.08116733,-1.566197128,-1.918636733,1.097867457,-1.285350684,1.380260778,-0.323506261,-1.767426641,1.461497196,-0.611039556,2.762898334,-0.078306735,-0.691854576,1.243811721,-0.270107448,-0.219911227,0,Normal
3.316752615,0.520209923,-0.766468698,1.492321006,-1.134228316,-0.335917569,1.327434199,0.531755147,-6.498736226,-2.382753834,0.864425668,-1.311073013,-0.739430137,0.201823821,0.083769461,0.096681089,-1.843490649,-0.690702202,-0.274944483,-0.834205269,-0.065673101,1.86512317,2.241720089,0.401372942,0.56256381,3.826386064,0.7233374,0.796744527,-7.863422862,-3.539519696,1.547874406,0.065032854,2.34178513,0.044177549,2.179899656,-1.827428038,-1.196401548,-0.351730667,0.296564118,0.149181286,1,Intrusion
1.533265634,-0.305951559,1.114421617,-1.062109212,0.531058581,-1.060723236,0.628404431,-0.265043969,-8.383201399,-4.670594795,-0.507165492,-1.052409131,0.908045592,0.785624047,-0.010108466,0.974128725,1.453677968,-0.586362017,-0.38384287,-1.056734252,-0.820599856,0.40226315,2.320575275,-1.107837763,1.337606494,4.822209062,-0.042437114,-0.47004041,-6.202101996,-2.235515144,-2.423871102,-1.858418188,2.419285967,-0.417936232,2.565056435,0.996164002,-0.613496452,0.272184608,0.605315265,-0.74847083,0,Normal
1.378290922,0.073264867,-1.618407347,-1.248086017,-0.873004481,0.168315637,1.480524765,1.14749715,-0.316342172,-0.583674669,-0.675219498,1.719774527,-0.803882893,-0.384925315,0.178150652,-0.981564045,1.493726474,1.393649883,-0.437946625,2.065000423,-0.516105958,1.350468865,-3.036495559,-1.193808595,0.100376502,2.096012874,0.520220978,-0.425575418,0.165777726,0.825973459,0.703222363,-0.210977356,0.03975251,-0.468188225,-1.282102594,-0.278037387,-0.041536029,-0.952505343,-2.075296675,0.967981127,0,Normal
0.790397889,-1.817515627,-0.014966417,0.493994007,-0.745471043,-1.978396303,-1.083157558,-1.892041979,-3.713875717,-2.6093674,-0.484793023,0.078125541,-0.005252808,-1.008372262,-1.004610242,-1.618697034,0.186603696,0.200501031,1.709662917,0.692187228,0.384593542,1.373077096,-0.033386893,0.192466384,-0.241200822,2.58839266,-0.10418442,0.638232486,-1.971821524,-1.741677404,-0.250605503,1.642763768,3.515601345,0.691711583,-1.028782698,-0.619615464,-0.674876643,-0.875127221,0.357835974,2.556080292,0,Normal
-0.986491154,-0.822336749,1.630421932,1.657001647,-0.100623004,0.545793505,1.324765973,-0.584410441,-4.198348419,-3.087094359,0.549242425,-1.924104588,3.564827743,0.21264262,-1.631942697,0.134929051,1.162769129,-1.235046067,0.653830491,1.966183018,1.531456066,0.769531412,-1.768866138,0.472243461,-0.347582173,0.151954506,-0.48214045,0.44506173,-0.223510685,-1.518637469,2.065147917,0.814982298,5.789686235,-1.589489348,0.984369755,-0.746275714,0.219390403,1.74016097,0.528848032,1.064209418,0,Normal
2.078533007,-0.367856911,1.474852422,0.196736976,0.375208137,2.207173213,0.987516771,-0.330583458,-8.385624886,-2.603930511,0.199282995,1.286009813,-2.679826597,0.029618861,1.526728781,2.617003406,-0.012988196,-1.337557457,0.321650513,-1.054718134,-1.445506465,1.018524568,4.104948748,1.781859014,1.464615081,7.30399658,-0.246951861,-1.516037318,-8.195617094,-1.555475508,0.278033646,-1.819575259,2.856264239,-0.399980759,1.339349248,-0.745459952,0.53596676,-0.131034085,-0.707952505,-1.353791117,1,Intrusion
-3.691620604,2.327675842,1.057747554,0.971760283,0.786192597,-0.075190324,0.314896602,1.314499326,0.16577722,-2.133585043,-0.614973919,0.471005222,1.660571625,0.163525645,-1.790736724,0.533617615,0.366715442,0.43013339,-1.240943797,-0.650594039,-0.933816993,2.02013125,2.869355252,-0.27371705,-0.566332828,0.241168398,-0.229328257,-0.999320048,-2.198776735,1.709794576,-0.838683564,-2.836427204,-0.55266552,0.926451683,0.560940195,1.230535691,-0.192029257,0.071530944,0.313828399,1.453858781,0,Normal
-1.889561869,0.595246242,0.558859005,-0.13984883,-1.250136483,0.806485875,0.519451735,-1.458340797,3.107138073,-1.014560024,-1.060086303,0.760966919,4.078818029,0.77251764,0.035671579,-0.468713191,-1.231713515,0.024218109,-0.490968287,-0.109002909,-0.186943995,2.493770903,4.003479896,1.261422489,0.391485108,-0.847413613,0.080478467,-1.75335879,1.625401044,3.539613256,-1.992287397,-3.489636037,-2.079903795,2.326943923,-4.20227169,-0.852455167,-1.704248932,-0.121693814,-0.223051136,-0.919583829,0,Normal
-1.565617686,-0.826517554,-0.604115579,0.787744988,-0.958849327,-0.437567567,0.959966096,-1.058859208,-1.576466733,-4.565326787,0.41934318,-0.780339669,-1.847799931,0.141913095,-0.141299119,-0.070384317,-0.020407503,-0.063932646,0.349094295,-0.634967828,1.07144445,3.320776978,-1.276524756,-0.152330216,0.043649623,3.738936264,1.266029273,-0.183504882,-4.405130005,0.245294707,-0.313870751,-1.017404831,-1.782723961,0.959058814,0.78507085,0.638219903,0.203513858,1.436835359,0.276132737,0.492710664,1,Intrusion
0.776759704,0.337522352,-0.595142019,1.605991553,0.123274245,-0.426849403,0.211513287,-0.415292709,-2.669233344,-3.064791476,0.374218682,0.228758571,-3.101637931,-2.853262045,-1.009119797,0.476923,1.259534245,-0.089069576,1.166824526,-0.356519767,-0.057717143,2.72586951,2.455743725,-0.084657481,1.155051434,3.958478544,0.050115137,0.478131998,-4.222668214,-2.563362302,0.502410425,3.332526249,1.772431896,-0.043470615,-2.725166011,-1.266629903,-0.227920291,0.526301806,-0.585807588,0.979500446,0,Normal
-2.087147294,0.191533763,-0.426784698,0.144631163,-2.333722016,1.383711797,-2.126343859,0.269900994,-2.643837812,0.185381444,-0.4480783,-0.604274994,-0.730598436,-2.049687609,-0.672809567,-2.310147475,-1.009864026,0.588433427,0.293075103,-0.103525036,0.053922174,2.389016294,-1.740855975,0.144791548,0.478231571,1.089141536,0.347778258,1.047999943,-4.985181234,-0.382847327,0.5055585,-0.841042941,4.672552443,0.751469483,4.095329368,0.784218012,0.949939224,-0.263371957,2.800804553,1.455210826,0,Normal
-2.233660915,0.1967564,1.914919766,0.698046436,-0.758902121,-1.763919313,-0.43156708,-0.690227283,-2.704382254,-2.043137275,-1.540055175,0.561196448,1.058200526,0.084404883,1.129450865,-1.2766703,-0.023861195,0.60671452,0.419785763,-0.385247004,0.071117946,1.5236054,4.071165653,0.374824051,-1.127255909,1.270440967,0.299678997,-0.08626254,-4.244720531,-0.233101499,-0.78430034,-1.720689826,1.756671419,1.436290539,1.29555358,-0.753622751,-0.572479448,-1.171477618,-0.058236119,0.591266645,0,Normal
0.075297258,-0.733147478,0.65222836,0.050351049,0.20348504,-0.100160366,-0.096261464,-0.537002511,-3.680912975,0.106346174,0.967568715,-2.086307534,1.206981934,1.251321349,-0.507323778,-0.927889401,-1.698035257,0.475006742,1.272501339,-0.205607414,-0.630045423,0.561080574,1.478965356,0.981935008,-0.419048747,1.207764038,-0.687657638,-0.863540704,-2.795855842,-0.553828114,0.813928377,-1.042478403,4.342397941,0.60234408,1.350563802,-0.460030355,-2.004721908,0.135435775,0.322772455,-1.412109232,0,Normal
-1.606781309,0.659193353,-1.816195314,0.984221553,0.073965579,-0.471627802,0.978230791,-0.185392037,-3.600565438,-3.579379308,1.308150854,1.756568859,-4.361811269,-0.485601006,0.384828957,0.899665762,-0.757484937,-0.997501127,-1.3063084,0.809705418,-0.023158273,1.177214169,-1.602940355,0.295298209,0.777918723,6.809009981,1.239369493,0.815793161,-3.821323591,1.879166221,0.108258625,-2.537243604,-1.296290548,0.097623013,1.135832891,-1.402073207,-0.564741484,0.612962598,-0.174963005,-1.756024517,1,Intrusion
1.495421671,0.578054791,-0.447873595,-1.0972422,-0.636865053,1.332881841,-0.344255565,-1.163539875,-2.187489274,-2.865556442,0.434283684,-0.181914736,-1.907496062,0.958919319,0.404151735,-0.74131343,0.665585554,1.477927017,-0.533393915,0.871315305,-1.097284424,0.369730759,-0.77482609,-0.011168218,-0.489023516,4.441094632,-0.820844959,1.595302925,0.992406925,0.093659649,-1.148598746,1.372185691,0.252079387,0.41735461,-3.963033024,-1.108288478,0.389429114,0.485396536,-0.186392043,-0.196633292,0,Normal
1.161159442,1.499968709,-0.153211304,0.188149166,1.995437841,1.65292771,0.896948623,-0.679311144,-3.259497992,-2.339220195,0.31325397,0.654885772,2.851728467,1.500541922,1.086062389,0.953246582,-1.998962955,-0.278952236,-2.315058008,-0.430651079,0.008501581,1.443979235,3.529700573,1.117381932,-0.55511184,0.535540641,0.31947538,-0.012125386,-3.075724627,-1.966708243,0.508585774,-0.081164785,2.101710118,-0.97866081,-0.45088639,0.480478568,0.430903953,-1.259475609,0.929553771,0.530057071,0,Normal
0.16739832,0.145906388,-1.274715901,-0.405785545,-1.253934592,0.141228097,-1.075693649,-0.505107912,-0.440362221,-1.379207576,-2.378031363,-0.194261236,2.747901862,0.813549513,-2.57911584,-1.18227049,-1.018453941,-0.62840268,0.603114862,-0.764858501,1.872554329,4.013069101,2.802383796,-0.832824497,-0.567212811,-1.614265944,1.249514626,0.330664266,-4.254271602,-2.524945976,1.403521517,1.410413925,2.63275539,0.828217312,-0.375088847,0.332478472,0.780313579,0.270613825,-0.347142689,-0.217921981,0,Normal
0.766214792,2.114483103,1.91651332,1.246928573,1.829797056,0.998390744,-0.612280355,0.929801491,0.494177858,-0.626460482,-0.164692538,0.229120598,-0.18431634,-0.199316553,2.475650316,-0.178599973,0.672013262,0.912843369,0.15372102,0.018716297,-0.74108922,1.124118549,-5.35560088,0.970729156,0.851973525,1.225296133,-0.495033089,-1.719247882,1.670566831,1.388593901,0.819252213,-0.402514872,-0.142235641,0.831773883,-0.641402524,-0.499578017,0.434116467,-0.260913669,1.569986097,-1.045947934,0,Normal
1.522537894,0.488608847,0.096368035,1.178071131,-2.099332524,-1.233385592,-2.126095776,0.72471345,-4.644338282,-2.004800974,0.663946732,-0.31883422,-0.02044413,-1.315338731,-0.514097927,-0.635338133,-1.874964645,-0.249787619,-0.172903515,-1.235123971,-1.692797861,1.650572951,2.536335409,-1.145625519,-0.785990812,1.287029163,1.317332248,-1.303461557,-4.525645736,-4.588412485,0.378196222,3.852829154,5.399939125,-2.053028602,-0.152694987,-0.679223112,0.196724235,0.332534401,0.147131874,0.753148664,0,Normal
-2.797160747,1.261862048,1.488138566,-2.309333189,-1.125228885,0.525925441,-0.096556584,-1.291942527,3.263257304,-0.498414868,1.117765153,-0.682633303,-3.110289564,1.039162376,-1.793472744,-0.317352988,-0.813732089,-1.226358116,0.074545724,-2.248693895,0.006039259,3.338787342,-7.36090695,1.650444743,-0.275626373,0.670046394,1.001112886,-0.980925979,-1.824007908,2.255424916,-2.567164066,-1.313207559,-2.713019665,1.025912853,3.150038699,-0.936461113,-0.058648474,1.713193446,1.200402794,-0.493720474,1,Intrusion
-1.39194413,0.909914785,0.189501608,-0.429138666,-0.365762415,-0.987914489,-0.181412416,0.442859722,-1.124468545,-1.143319203,-0.645439704,-1.689197068,0.17031941,-0.624369081,-1.441645308,-0.334856897,0.311186185,-0.865668399,-0.475628063,0.602801361,-0.947119607,1.515245762,3.799881574,-1.759035932,2.008814159,0.154021769,-0.885843175,0.241919013,-3.729927535,-1.206031905,-1.605366168,0.128342928,1.021361207,-1.293481454,0.66699612,1.534159866,0.048489911,0.357794706,0.247652945,-0.776830869,1,Intrusion
-1.221808793,0.39787478,0.778662175,-0.972553513,0.935900588,-1.208924943,1.681533842,-0.73271552,-4.578970699,-3.160951456,-1.317571103,-0.280085321,0.199185773,0.591485015,1.302714005,-1.380390802,-1.046960278,0.49791235,1.79279218,0.321743142,-0.726851543,2.874832108,2.302997232,1.149125603,1.342249749,3.136419048,-0.719908843,0.251935895,-6.593581592,-0.973755926,-0.254380911,-1.552207953,2.648295906,1.007711449,2.069435301,2.675042309,-0.840442546,1.287974334,0.112456647,0.235346859,0,Normal
2.556268592,0.461472474,-1.764492115,-2.092671198,-0.815197905,1.243576751,0.070289134,-0.8322156,-3.632031556,0.248202102,-0.768355124,0.174016764,-3.862722863,-0.54912265,-0.257563321,0.109346977,-0.508119692,0.698029397,0.815108256,0.806389336,-0.006789401,-0.971515164,-0.749034932,-0.384302071,-1.185469599,2.460873105,-1.485730585,0.950924817,-4.745514795,-2.793668908,-0.553995198,1.024968211,-0.072794123,-0.43739656,3.697443205,-1.08048388,0.659484346,0.692550607,-0.059301084,-0.551532767,1,Intrusion
-0.575885834,-0.77987741,0.065636498,-0.616304416,-2.377244911,-0.102698682,-1.62588465,-0.306388066,-3.323222167,-2.358828411,1.809575489,-0.2623292,1.517704068,0.588741436,-0.709893377,-2.207164603,0.233090708,0.098173944,-1.806004219,1.003790452,0.459766503,1.30165261,1.294360289,-1.321470964,-0.834584155,1.161577775,-0.32494296,-1.649146405,-3.978400324,-0.860255867,1.002193444,-1.58906966,1.379577516,0.157514518,2.292219142,0.40211938,-1.174316091,-1.732075717,-0.996229443,-0.24003389,0,Normal
-0.82017669,0.585164947,2.528334865,-0.406489027,-0.304260481,-0.275408247,-0.659254606,-1.751079901,-3.335471858,-3.76630476,-0.867335207,0.432016814,0.75583946,-0.50012756,1.649019033,-0.819684547,-0.648571295,1.025194563,-0.630974697,-0.484638214,0.019511477,1.516979781,-1.399707075,-0.07725275,1.05624392,2.687616513,0.28329919,0.15098437,-1.22335983,-0.304316178,-0.605152956,0.030699928,2.508521393,0.559742676,-0.310671074,-0.222562933,1.0890929,-1.174514374,0.81557286,0.286540017,0,Normal
-0.456746049,-1.098622282,-0.294454212,2.252988574,-0.267947467,-0.674489811,-0.120816654,-0.811184256,0.238869404,-1.30802932,0.964120731,-0.416838002,-0.301498121,-1.23105746,-1.740782349,0.576077112,-0.612497265,0.340733741,0.585192,-0.847851408,0.116536776,1.808633123,-2.476920117,1.274099013,0.21789299,2.363352106,0.029478586,0.431696167,0.458787223,2.301109094,-1.009852549,-1.635910004,-0.494988648,-0.342653956,-1.525626462,0.126222535,0.70386994,1.063481501,0.229139946,-0.541272015,0,Normal
0.458884397,-0.092547782,-1.174927128,-1.155622791,0.041668958,-0.635918295,0.518783955,-0.166684886,-0.754926276,-1.179668833,-0.979547742,-0.521554771,1.587066635,-0.518595206,1.434041365,0.11132913,0.326403322,0.214160975,-0.032043681,0.873325859,1.167911545,1.789334835,-1.733203459,-1.01526973,1.662549557,-0.685536368,-1.78746819,-0.622090505,-0.553289043,-1.513263576,0.498029037,1.716006335,2.674635025,0.640868615,-0.227333978,0.097500356,-1.152810641,-2.97215182,-0.294853897,0.394433193,0,Normal
-2.307365646,-0.710226564,-0.067356126,-0.569655517,1.196318028,-1.994360674,0.006670661,-0.04677666,-0.107905059,-1.170791668,0.584976524,-0.830121079,-1.827387553,-0.404413687,0.473078938,0.345645534,-0.472328728,0.639411215,0.624112077,-0.822578834,-1.128090011,-1.455859264,-3.929233228,1.925210085,-0.188761835,2.850876907,-1.320194755,-0.654218119,1.254087232,4.054592426,-0.742854298,-4.555854199,-3.869539149,1.366806273,2.448582799,0.328681303,-0.905303101,0.621462299,-1.790810649,-1.301955335,1,Intrusion
-0.896604166,-0.164769878,0.960654264,-0.236032709,-0.360425821,0.509966328,-0.775514966,0.661029032,-0.780443109,-1.680855259,0.816607992,1.165858311,3.07818362,2.010518738,0.676009846,-0.467366371,0.22734192,-0.164222759,0.254968993,-0.430923102,0.885295518,-0.467152151,0.047821886,-0.316494561,-1.38909295,-0.59746938,0.854682695,0.712381314,0.474397089,1.115942928,0.325961024,-2.89055983,-1.258850707,-0.985505725,1.424344761,0.297429657,0.894837643,-0.003589473,-0.735069384,0.307606041,0,Normal
0.081180396,-0.263238984,1.204769564,0.097381995,-1.960304603,-0.674885058,-0.974549712,-0.299586902,-2.364492361,-3.856783468,0.190970607,-0.463309858,-1.387997749,0.023597403,1.440296949,0.363442702,0.758885715,-0.829547355,1.300260966,-0.617438804,0.294440234,0.355849267,-2.116177274,-0.95959208,-1.109385973,6.017761402,-1.429144271,-0.866604823,3.217114078,2.55383575,0.92602131,-0.299996935,0.628732801,-0.706698037,-5.366205413,0.361066191,-0.283316364,-1.932913322,-1.702915395,-0.211160342,0,Normal
-1.544813119,1.457124617,-1.55819874,1.049952886,-0.517758813,-0.339223494,-0.275086291,1.75061417,-4.848518733,-2.964943544,-0.105937091,-1.771557104,0.16632438,-0.969271935,-1.113558339,0.168599985,1.587872751,2.349385422,-0.08430901,0.421894023,0.485084092,-0.084448115,0.053495838,-2.290391687,-1.371893493,3.284723064,-0.662649397,-1.343401272,-3.064540778,0.353270747,-0.139735233,-2.551770865,1.655072866,0.766882597,2.799846266,-0.711873961,-0.205083833,-1.526309115,-2.004103485,-0.290573721,0,Normal
1.919534583,-0.132263158,-0.782642222,0.47219429,-0.02256424,1.84821667,0.745698975,0.483394862,-0.240245067,0.099766215,0.959037273,-1.73405592,-1.550716746,-1.797180615,1.5504346,-0.201835745,0.413927522,-0.594280321,-0.179741875,-1.363021443,0.211660593,1.367347285,-4.589869989,0.613844988,0.032382623,1.396637824,0.698059857,-0.293894641,-0.473381874,-0.304684867,2.385659702,0.991086931,0.569954811,1.035685523,0.035646728,-0.872680025,-0.767874456,-0.544546417,0.691227668,-0.752678618,0,Normal
4.520054332,0.799247549,0.062121004,-1.049212785,-0.143612226,0.239752428,-1.198706284,2.28704693,-1.489786533,0.092180145,-1.574576463,0.592101576,-4.373050685,-1.393560487,-1.385380359,0.574803011,-0.161462694,-0.058008538,0.775801949,1.015422189,-1.472730474,2.032265375,-0.812407116,-1.601118828,-0.085719736,3.147069868,-0.364140134,-0.429722419,-3.34706814,-3.253725828,-1.92312376,4.395412706,1.101241715,-1.006336181,-2.369012771,-0.512699491,-0.486946596,0.21540439,-3.423800058,0.127337241,0,Normal
2.915738864,-1.362857695,1.144812072,-0.183656897,0.277131891,-2.275861014,-0.234091193,-1.379018482,-8.651482417,-2.51661406,-0.416928789,1.595108282,-1.46756177,-1.518424403,0.115032215,-0.964537172,-0.00718225,-0.692682086,0.31328705,-0.247270709,0.725079822,1.410973965,3.779700418,-0.949012605,1.587852041,6.484283677,-0.35502269,-0.774591116,-8.229079911,-2.332777146,0.210832592,-1.269451641,3.904691194,1.154810697,1.296098272,1.287026812,-0.271524872,0.806107845,-0.52688541,-0.616155163,1,Intrusion
1.004163127,-0.811068006,0.003885803,3.460123486,-1.78208197,0.483494225,1.528129622,0.126272225,-1.599931099,-1.558801066,0.43901084,-0.028771278,-1.407080081,1.798192685,0.733895949,-1.125414426,1.139761026,-0.538590855,1.249492103,0.378265273,0.175623735,3.157170472,-3.244932903,-1.731458397,0.714306017,1.214020246,-2.226537733,-1.220523888,-4.148327818,-2.413283884,-0.165318157,2.201097095,2.077488412,-0.469133213,1.501783246,1.323154306,-0.192168263,-1.662960956,0.113023346,0.695036717,0,Normal
-1.804680159,-0.259372582,0.027945286,0.45654721,-0.347640059,0.275202484,0.083124393,-0.875332114,-3.057954788,-1.533538209,1.024135075,0.949963177,-3.905699616,1.2491739,0.309103629,-1.150895025,-0.516864696,0.659016316,1.3567696,-0.410690444,0.464922456,-1.670659973,-1.761022422,-2.255654871,0.646083595,6.194212536,-0.136495842,-0.100737394,-1.173377472,3.952158058,0.17485242,-5.060909236,-2.717960297,-1.017857115,2.187789834,-0.681991939,1.74618804,-0.118832147,1.659598586,-0.18904558,1,Intrusion
1.110311788,0.476682775,-1.16670689,-0.510467583,0.98845235,1.656485995,0.757491253,-0.127365614,0.036384697,0.128119897,0.865693931,-2.844223523,-3.637756465,0.364353498,-0.435632476,1.4208778,-0.096307775,-0.33878373,-1.720644271,0.503969798,0.241872428,0.731872957,0.670704405,0.951550098,-1.080887464,3.463427309,-0.774642539,-0.426262285,-2.616634103,1.286956146,0.783286904,-1.713780786,-3.507792871,-0.99027389,-0.402887151,-0.90447377,-0.402893416,1.08235314,1.035380499,-0.967738297,1,Intrusion
1.88049284,0.017409238,-0.458645735,-2.416558657,-0.866891369,-0.385553769,-0.717714908,0.138650396,1.428555469,0.91701332,-0.119035139,-0.739473306,-1.76636789,0.753923022,-0.696025984,-0.808765257,0.609504481,0.005023827,1.239126899,-0.804906658,-2.904853393,2.622899913,-6.968759587,0.292872912,-0.042048192,-0.803553299,0.873779021,1.868216906,-2.202657895,-1.444634876,-0.750704312,1.743269623,-0.132321342,-0.260762532,2.72282706,-0.116570807,1.401806609,1.022743732,-1.146362103,0.142907858,0,Normal
1.708802072,0.131150746,0.048114866,1.800726371,1.191779706,-0.382627042,0.815656742,0.421748514,-7.049917375,-1.724930704,0.388178109,-0.090073029,-5.747749302,0.24718792,0.833684075,0.175894443,0.529947821,-1.096914007,-1.455573435,0.974660131,0.941713789,-4.128450018,-3.020865654,0.283585973,1.207739641,10.10942702,-1.675393903,0.343757449,0.237975928,3.484455683,-0.256734106,-4.349416528,-1.260345843,1.543431534,0.584550595,0.140213295,0.488648377,-1.389292097,-1.401907917,-0.663314841,1,Intrusion
-0.739006882,0.502094968,0.315097809,0.685147226,0.429241879,-0.549207686,0.319308176,1.284591247,-0.532845148,0.624714685,-1.215034862,0.30573044,1.219800728,0.157390094,-0.481860073,-1.144977055,0.089864048,-0.301831363,0.139063546,-0.813885037,0.582977686,2.821118494,-0.16220414,0.510805693,-0.763478041,-0.632360948,0.172254773,0.442837183,-2.670260631,-0.50989519,-0.940744031,0.203688212,4.025932515,0.236443274,0.737172803,-0.05347328,0.704014305,0.084089118,-0.787822354,-0.583353997,1,Intrusion
-1.719461086,-0.172703513,0.178068065,0.00287792,-0.273056262,1.086740797,-1.355104056,-0.583630428,-0.590477381,-0.450359491,1.616586298,0.354906474,0.908564712,-0.086634748,-1.558430048,0.118441036,-1.584505786,0.897991479,0.420886679,1.23621411,2.193860161,3.484098142,0.743134913,-1.097791101,-0.957025532,0.80041424,1.363793127,0.507158423,-3.173784458,0.750040472,-0.087792778,-1.152496568,3.015342685,-1.126016232,0.008876679,-1.839157173,1.328380266,-0.583149078,0.215002679,-0.608415452,0,Normal
-1.917273638,-1.377747339,-1.061132218,1.067410036,-0.014165262,1.245601392,1.67314903,-1.657311962,2.693554115,-0.279646702,0.515250274,0.059950481,3.524509545,-0.970679407,-0.3252981,-0.798749563,0.46029326,-0.142515524,-0.184506043,0.986469688,-0.336665301,2.019650464,2.609428408,1.12907669,-0.455895846,-2.707974645,0.548909999,0.624201605,0.428397319,1.104540724,-2.144188433,-1.245089818,-0.457911261,0.345164143,-1.377218749,0.658451452,-0.603985319,-1.491396846,-0.220712016,-1.051320681,0,Normal
4.6318028,-1.70674788,-1.361473401,-2.238191054,-1.216996669,0.639447526,0.117245864,0.151934314,-0.279256815,2.212331899,-0.728779318,-0.863183214,-1.363442932,-0.741052485,-1.212454643,0.05597887,1.450789039,0.64628783,0.283461472,0.368394176,0.379450225,-1.185821767,-2.312496092,-0.092883547,1.534642997,1.313276582,-0.066663514,-0.824000318,2.975031943,-0.469421282,-1.934151979,2.168883541,1.108045796,0.105467743,-3.33196139,0.217556747,0.811115005,-0.622486901,0.4958896,-2.665420109,0,Normal
-0.547052257,-0.660616084,-0.445334812,-0.249440122,0.05184695,-0.425371331,0.629836162,0.706671297,-4.343423166,-4.721576327,-0.63471319,-0.515486128,-1.566777557,-1.501889489,-1.244960051,0.112248406,-1.194336562,-1.366479037,1.141540382,1.241084222,1.436222711,2.111446255,2.64867454,0.150152571,-1.735223822,5.805039341,-0.660823541,-0.426338728,-2.685402081,-0.317197309,-1.781493933,0.704324658,2.262274798,-0.33078525,-3.510822872,-0.487702287,-0.195570801,0.550704685,-0.62912837,0.071781641,0,Normal
-1.856211719,-0.368928484,0.456056662,-1.097948387,0.24584596,-1.172319364,1.482439877,1.109474826,1.706481611,-1.383203105,1.637187598,1.313055671,-4.360380678,-0.856045903,0.851054038,0.542170048,-1.985259017,-0.097705764,0.954401398,0.329325101,0.500636812,2.215274341,-1.815600142,0.762399399,-0.316279297,2.93779643,-0.842690765,-0.336683239,-2.014452715,1.580354999,-0.787793023,-0.354035929,-3.138395912,-2.042799457,-0.270294019,-0.098913867,-0.938988996,1.661746435,0.315656885,0.228116581,1,Intrusion
-0.120752804,-0.919707023,1.045678698,-0.455314572,-0.366434045,-0.779190153,1.017283177,0.815524648,-3.391526484,-3.015155191,-1.717247625,-0.800420137,2.660533824,0.564899045,1.243011115,-0.880706749,0.822059344,0.188469147,0.032752293,2.148580726,1.117385132,0.16333962,4.259068744,0.72932982,1.357310389,1.497657176,-0.287156432,0.05856298,-1.953029769,-0.318713859,0.37392277,-1.925331684,0.416663792,-0.871548199,-0.430581964,-0.400032755,-1.579016774,2.021905629,-0.557967004,-0.268200217,0,Normal
2.147153833,-1.050113908,1.404705852,-0.436597231,1.079848697,-0.46155089,-0.007897272,-0.221992105,-1.939587711,-0.820059442,0.606530303,0.306737405,-1.260311052,-1.870641151,0.139443677,-2.690935191,0.294510624,0.094579424,-1.047335895,-0.644723565,0.487975453,0.559256728,-2.998538163,0.162685894,0.360164076,3.041961725,-0.659978061,-0.654476867,0.141630796,0.142461016,0.110005956,0.400725268,1.090065552,1.144378108,-1.342508852,-0.564084101,1.451920616,0.957470031,-0.316973784,-1.006090759,0,Normal
1.990074862,1.0673436,0.506172079,-0.586784464,1.260223083,-0.706643151,1.15692039,0.914595651,-0.40706118,-0.282509492,-1.281284067,0.260287267,-0.867442626,0.399248631,0.212931118,-1.425873734,0.576941966,-1.617975644,-1.382284886,-0.677917679,-1.171150006,0.687233,-3.390408772,1.661650372,-1.267298103,1.867850526,1.782444661,1.583057473,1.073205924,0.400950835,0.6683361,0.569777845,0.374499587,-0.767895629,-1.632750087,0.585565536,0.039127227,-1.09601168,-0.065202909,0.413413697,0,Normal
2.701780311,0.698715948,0.699307898,0.730943679,-0.242198786,1.225969838,1.81728756,-0.247187987,-1.047701068,0.449093731,0.454990621,1.457348599,-4.204303233,0.719285759,-0.633735194,-0.864641846,0.863499289,-0.245368553,0.444959191,-0.348632081,1.161910915,3.03439782,0.642684293,-0.056200474,1.158618445,1.373131323,0.092101523,0.46429157,-5.933880398,-4.390369693,-0.410134935,4.888589562,2.094519123,1.363929154,-0.149883269,0.541817746,-2.490012688,2.382006954,0.494084468,-1.444817411,0,Normal
2.531830779,0.997642688,0.006859984,0.19042669,-2.872419683,-0.702973946,0.435811787,0.148708704,-0.913161644,-0.113610094,1.418657342,-0.085183363,-3.67406469,1.447646588,-0.221428345,-1.077635938,-0.640266957,-0.248742415,0.006121238,-1.239975648,2.559847239,2.362914433,-1.002475127,-0.928291542,-0.083256527,2.521110577,0.191902402,1.713096448,-5.82612617,-1.550978853,-1.155645827,0.253880125,-2.048821084,1.205817753,1.803578095,0.486248309,-0.338551204,-0.788738489,0.004436645,1.172152168,1,Intrusion
2.415566927,-0.821119229,0.444702996,-1.092091245,-0.274209965,0.58422699,-0.494863893,-0.561574567,-6.641898256,-0.165921855,-0.471610854,-0.526607771,-1.646484793,-1.125794966,-0.251132315,0.127401142,-0.565192451,2.116568561,-0.091982734,-1.241497815,0.756318587,-0.476968529,1.167056325,0.31735241,0.576939907,3.738371737,-1.027426538,-0.909765692,-5.795630556,-2.271306938,-0.160490208,-0.656304029,3.579319515,0.184489987,3.337982415,0.546056278,-1.234258486,-0.488406437,1.803156205,-1.608233382,1,Intrusion
-2.24528473,-1.279079057,-0.511004858,2.160807416,0.591278222,-0.997017938,1.764306485,0.991873281,2.086308713,-2.522700013,-0.909606723,1.253030728,3.768341523,-0.340076729,0.095234656,-1.180034121,-1.364107396,0.206352784,-1.260385236,0.60500148,-0.89006992,2.06398111,1.606284284,-0.052550648,0.306570229,-2.758040923,1.144886466,-0.519887712,-1.123086637,0.390092445,-0.429244913,-1.964462361,-2.990927527,-0.272879875,1.01282533,0.553507195,0.156875542,0.111929019,0.696554548,-0.338730514,0,Normal
2.057477002,0.40181676,-0.980498837,0.27572936,0.454679159,-0.230999032,0.596804684,-1.493240237,-0.247910397,0.275208203,1.553336231,-0.320452285,-1.747361269,-1.192171974,0.169519255,-0.031376384,-1.447257423,-0.214757824,0.54949116,1.808787794,-1.394040894,3.719856327,-0.448377728,1.50235286,0.089728977,0.930441949,0.520905924,0.419304288,-6.354131871,-1.689130647,0.155995556,0.131975276,-0.645538704,-0.260354184,1.836807399,-0.476787321,-0.358120925,-0.669682555,1.484929302,-0.176966786,1,Intrusion
-0.128975396,0.538187821,2.24549811,1.399877374,-1.325018898,1.455186289,-0.145563327,-1.380814619,-2.502830357,-3.359390005,-0.129080751,0.060424061,-0.480337716,0.95254151,0.890242507,-0.685356117,0.575589249,-0.611156381,-0.628882282,0.429372565,-1.534268186,1.78391651,-0.266145544,-0.286950445,0.872059682,3.596159846,-0.267488264,-0.652556556,-0.734270399,0.006427254,0.782699051,0.712514029,1.833774936,0.932341944,-2.625537873,-3.169893838,0.572575154,-0.284695427,-1.303998227,-0.881637979,0,Normal
4.703333783,-0.314908359,-0.366671192,-0.737823449,-0.248169229,-0.229517045,-1.7369637,-0.014542502,-1.180624129,0.104276752,-2.314578144,0.270130939,-3.547372088,-0.045603437,-0.449213237,1.105040889,-0.188110376,-1.221362015,0.140737089,-0.86461906,-1.27834995,-0.469660791,-3.537658671,1.879575373,0.159276817,4.123974786,0.878303152,0.214666363,1.848313969,-0.258339226,0.866002043,2.194702609,-0.446271931,0.47314249,-3.761533014,-1.051111517,-0.955151139,-0.206558054,0.907018971,-0.926575388,0,Normal
-0.067706557,0.729210996,-0.066530054,-0.115233729,-1.291198273,-0.940271703,-1.839501009,-0.80284666,-1.144431945,-0.100638915,-0.517845187,-1.485695583,-1.868670742,-0.695956031,-0.504395683,-0.996999971,1.575352516,-0.427543963,-1.43565759,-1.443908173,2.353523364,1.512657474,1.095480076,0.167069527,-0.536612012,2.129438702,1.550091714,1.251313875,-4.060924843,0.178067168,1.301696218,-1.31939337,-0.36852958,0.664006096,1.227951354,0.603703847,-0.521006428,0.4054645,0.59022463,-1.346809374,1,Intrusion
2.798523603,1.457904616,-2.857039272,-0.365923876,0.39035415,-0.910440135,1.239157767,-0.863582443,-8.787716509,-3.708492785,-0.682515686,-0.565443862,-1.909992204,-0.245407722,-0.778220079,-0.623675325,-0.236071488,0.609622999,1.562261273,0.107910931,1.271022833,-0.412033701,1.450073328,-0.153369064,0.847906941,6.2854591,-0.218973893,-0.568917497,-6.562182806,-2.634230784,0.637455038,-0.939274042,1.94424736,0.506022054,2.639127671,0.635237021,0.376026481,0.855217753,0.838641713,0.789460968,1,Intrusion
-0.111900707,1.477005539,0.331673795,-0.440839684,0.077798553,-0.956539259,1.206299022,-1.932060109,-1.489249997,-2.414693757,0.939014763,-1.479727261,1.544726717,-0.350715822,0.40061965,-0.334443614,-1.273125388,0.362343009,1.175481605,0.591933317,-0.651001466,0.679713938,-2.147313564,0.09812442,1.214210564,2.029244011,-0.246093479,-2.029491407,1.835533297,1.424473689,1.306211451,-0.993735151,1.134071973,-0.022697555,-1.891764136,0.011388947,0.052348822,1.72249928,-0.564403741,-1.29763322,0,Normal
1.858301984,-0.55154447,1.034207893,0.56686576,0.523005919,0.064804707,0.201703023,-0.926659824,-1.952489629,-1.336757726,1.16003531,-1.26850769,-0.456232441,-0.120279086,-0.107257015,0.579934218,0.945842882,-0.12421316,-1.306165819,0.54908118,-0.48673021,0.876249633,-3.427821825,0.427564858,1.800792855,1.898485956,2.133417076,-0.388356671,-0.59357481,-0.756794721,-0.258659319,0.756423992,1.147844724,0.538114869,-0.028293525,1.346825579,-0.384399979,-0.583679588,1.231340191,0.847248965,0,Normal
-0.559926131,-1.110384655,0.982672813,2.076124775,-0.65778179,-0.884866448,-0.260339242,0.939189169,-2.025952333,-1.669411728,0.700652719,-0.374697907,2.587241959,-1.574705043,0.912032382,0.257954281,-2.138229554,0.184177068,-1.266539987,-1.087241348,0.946164407,-0.444332264,2.11585043,0.321682894,-0.726995818,0.762180886,1.206172416,-0.441370333,0.255764818,0.870850842,-0.859778671,-2.175438469,0.5692435,-0.086489558,-0.417032224,0.146331503,-0.672578781,-0.379292375,0.177996909,1.344455144,0,Normal
-2.532000788,0.518285598,-1.452809394,-0.173400135,-1.902359891,0.806060515,0.238715013,0.74365039,1.8032528,-2.261958678,0.48181024,1.578386658,2.754988458,1.015156827,-1.40689747,-1.179099558,0.874318817,0.732847147,0.410765198,-1.072589411,-1.12457253,3.419895263,0.639506644,-1.701919162,-0.087417049,-1.578510285,1.141632623,1.167659738,-2.536214033,0.886963589,0.485857449,-2.275118154,-1.915252358,0.843847053,1.192717935,-0.499826224,-0.313547999,0.480612596,-1.121843561,-0.679229254,0,Normal
4.21109228,0.770060561,-0.018206402,0.353853158,0.306360786,0.505072564,0.17740252,1.504345074,-1.624645334,1.403426894,0.010595259,1.630541428,-0.911555608,-0.454830396,0.745453098,0.401620888,0.107928396,1.503069608,-0.225571387,-0.885419799,-1.372101937,1.552089868,-2.010619568,-1.201730089,-0.658788857,-1.294150149,-0.012355987,-0.072696501,-3.77600753,-5.119177704,-1.115954641,4.6870755,3.521568556,-0.126138707,1.674040347,0.315226108,0.994815707,-1.461302271,-0.796821664,0.427521763,0,Normal
0.861949897,-0.93273193,-0.676129393,0.332314369,-1.539334037,-0.961356847,-0.649528109,0.317920726,-0.770262088,-2.176695518,-0.642356929,0.297121412,-0.73109065,1.144360508,-1.250363229,-1.898006165,1.073074224,1.023159381,1.753197474,0.024005558,-0.363138006,1.225930778,-4.110001804,-0.402192483,1.446759937,3.035963538,0.048851,0.844555673,1.278177037,1.285020701,0.118682945,-0.218558662,-0.229033205,0.287517897,-1.973789922,0.128375076,0.067387822,-0.609607824,-0.765616846,-0.105858927,0,Normal
-1.369860683,0.732954021,0.691269783,0.554087956,-1.894192738,-2.707643445,-0.823490207,1.640804755,-2.378873965,-1.691256716,0.325447632,-0.664117603,1.50154036,-0.124352479,0.393885915,-1.17279396,-0.511190707,0.972869825,0.013694878,0.968279329,1.176160459,1.066057918,1.07176937,0.317326157,-0.181728311,0.978177239,-0.607589963,0.421179109,-3.012945406,0.377327968,-0.72591523,-2.491870528,0.941404753,-1.386240382,2.16901451,0.012925824,-0.225813133,-1.702758456,-0.171297548,0.763209063,0,Normal
1.02721155,-1.389775618,0.69278932,0.315667595,-1.245808502,0.792819302,1.953223995,-0.730848084,-2.321255545,-1.308161433,0.633265807,-0.580921137,-0.257247525,0.651320065,0.676182882,1.175778126,-0.53033398,-1.102397586,0.813367489,-0.701518115,0.373454304,0.831215388,-1.607328083,0.369307783,-0.629229721,1.522656113,-2.932180582,0.550517007,-0.717183673,-1.388543217,-0.913141921,1.755729943,2.854971208,-0.709689685,-0.578944665,-1.802698679,0.001498995,-0.641965466,0.700930352,0.733523875,0,Normal
1.481076134,-1.547463325,0.943434002,2.197065736,-0.861972124,-0.49332476,0.955869795,-2.993906258,-1.239347347,-2.038351712,-1.81725816,-0.956248539,-2.72343483,0.713612739,-2.251353245,0.227878977,-1.02568477,-0.920112018,-0.691313844,-0.950965833,-1.732633563,1.587284605,-3.508942786,0.996295322,2.138230666,3.409174991,-0.893344097,-1.066290768,-1.191485206,-0.431520205,1.853708867,1.278313654,-0.382978848,0.533466087,-1.002320748,-0.208011752,-0.668394055,-2.050170157,1.274604522,-1.331522594,0,Normal
1.861201505,1.018473045,0.362267492,-0.362236185,-0.176214989,-0.772788984,-1.740282489,0.22248719,-1.477798289,-1.595450428,-0.564744771,-0.331505103,-3.546132081,0.709301018,-0.169530018,0.583955095,1.00321823,0.290074829,0.625253256,-0.513728452,-1.911042928,2.933966197,-0.002559047,-1.12528965,-0.357482971,3.88729446,1.534738743,0.183376978,-4.036303339,-1.414067528,1.556456487,1.947505376,0.236068578,0.957385937,-1.874440003,1.110998767,0.89421982,2.11904202,-0.739430021,1.109808034,0,Normal
-3.226600678,0.004354797,0.095630952,-1.301781981,-0.033757999,-0.585313865,-0.991785696,0.14844668,-0.452679158,-1.653487442,-1.27831636,1.250759809,1.273374252,1.018480754,-0.002918834,-0.1620024,-2.104160307,0.656905386,0.880898009,-2.099626873,-1.127227821,2.696365504,3.86134456,0.862243268,0.973631183,1.017318627,1.306313849,1.030200262,-3.208627646,1.551987879,-0.065022524,-2.617358881,0.770308907,0.242713558,-0.18288844,0.0409383,0.26145264,-0.596733056,-0.461033805,-1.157126348,0,Normal
1.49824896,-0.109258172,0.654896493,-0.197774432,0.042500265,0.238525504,1.019267921,0.182129031,-1.78164889,-1.744938408,-1.101687003,-0.725335057,0.367702482,1.251426605,0.206033524,-0.889526509,0.227318698,0.060479386,-0.524191714,0.287742415,0.136704742,1.596127313,-4.172288437,0.846477941,-1.382531959,0.436339814,-1.505113001,1.284240758,-1.406561692,-1.989178591,2.033759412,1.739836717,1.892702084,0.34216186,1.191218237,-0.202577579,1.016093957,0.762732808,0.195104261,-0.869902101,0,Normal
-1.178746151,0.100846285,-1.295612555,-0.37775953,0.800277296,-0.900420273,-0.856613456,0.441142478,-2.43981117,-1.235861954,-0.985861152,0.18710057,0.761319957,-1.949802004,0.254143184,0.715786052,-0.184955806,-0.598173895,-0.307665167,1.038710674,0.634808471,3.519752109,2.40189224,-0.286163967,0.896449055,1.300086509,-0.097682129,0.583213171,-5.496990774,-0.809628082,-1.639614966,-0.6981031,3.557714573,1.022541483,0.960420569,-0.148938698,-1.073032746,0.486657456,-0.746759615,-0.891652172,0,Normal
-1.089966498,-0.215001414,-0.929558815,-0.41954087,-0.500368089,2.080731792,1.173530557,2.162504637,-3.176610209,-4.121058034,0.598233217,-1.0599466,0.990800046,0.39735073,-1.330858475,0.509125911,2.64233451,0.82200958,1.076783946,0.591465279,1.473023855,2.189191636,-3.59142235,-0.772936478,-1.513258608,1.664436335,0.420465539,-0.712267866,-2.640453506,-1.013808042,0.946486774,-0.059939342,2.052534807,1.709767727,2.291147934,-1.4084533,-0.975043148,0.566241167,-0.111882724,-2.421600438,0,Normal
-1.805451634,0.422008971,-0.541902895,0.528111974,0.740803194,-1.507918767,-1.771035169,1.153903504,0.452314707,-1.324392013,-0.929964151,-0.645172104,-2.514993663,0.197495031,-0.719540198,0.940602838,0.829297004,-1.067026956,-1.646479009,-0.747411726,-0.88812451,2.901510929,-3.34900211,0.082165288,0.415658771,2.307229086,0.736607112,0.961909577,-3.955815065,1.65977588,-0.164225209,-2.408359553,-2.277753295,0.169656167,2.810491899,0.614347053,-0.459884935,0.537111774,0.958822897,-1.003413978,1,Intrusion
0.754097471,-0.18397544,-2.441656118,-0.137140284,0.28554271,0.673713509,0.574728503,-1.678515702,-0.796170106,-2.042442011,1.52532476,0.239130415,-4.188129925,0.281763336,0.84925273,-0.754661705,-0.642001124,-0.427384057,0.334701975,-0.907186779,-0.150915379,3.461051137,0.351073283,-1.410285845,0.320663947,4.394564158,-1.448158986,0.245400656,-5.490877959,-0.284169897,0.877394967,0.012884668,-2.195316927,0.566850952,-0.651205867,-2.851142096,0.611010742,0.132676634,1.383797982,0.250193591,1,Intrusion
-1.776261924,0.820932623,0.994506875,-1.195443608,0.695491793,1.348409783,-0.535424392,0.409616484,-2.871807863,-1.516569884,2.260671277,0.704549986,0.475745353,-0.153588924,0.095073478,0.214987381,-1.390261988,-0.86940553,2.079027796,0.004767934,-0.028842819,1.37465118,1.143102065,-0.486292053,-0.75316674,0.928885913,0.070602624,-0.301827319,-3.926398768,-0.863157717,0.273273273,-0.688538471,2.825359239,-0.911176439,2.464675085,-0.635491352,0.630910763,0.732832857,0.675130546,-2.370434509,0,Normal
-2.366157204,-1.906047969,0.500770831,-0.18394694,-0.117836869,-1.400605965,-0.805536377,0.662647001,5.808645202,1.255557119,-1.360043251,1.574757102,4.413475593,1.053075262,-0.6815901,-1.322977053,0.481599667,-1.629541424,1.70965889,0.025476738,-0.489001532,2.551924713,2.333383349,-0.228590574,1.320020626,-3.825035487,-1.567317517,2.85433197,3.457643463,3.252600811,-0.415004701,-1.82385962,-1.016542974,1.59262649,-4.023098234,0.437185645,0.524388657,0.884602949,0.812629573,0.497120568,0,Normal
-2.752517394,2.595966948,-0.131003114,-0.184772129,-0.830563127,-2.131871128,-0.818049444,-0.666564685,-0.507370822,0.712390487,0.465810347,-0.233862659,0.339404631,-1.19449154,0.673541272,-0.747820208,0.097919707,-0.488842726,0.815710038,-1.342018324,-0.903096845,2.517068023,-0.30096799,-0.169809686,-0.527268624,-0.217304324,0.302414374,-0.586733023,-3.529389727,0.666190777,0.404450221,-1.44688904,3.350485185,0.692096443,2.70782764,0.908795169,-0.119723152,2.082892441,-1.090951059,0.376682088,0,Normal
1.137968296,-0.844681232,1.350981821,0.126994734,-0.363920662,-1.067639949,0.23663453,-1.160301369,-2.403793431,-2.380019744,0.89682049,0.101018044,-3.827597398,-0.252724713,-0.355470837,-0.199526993,0.533710529,0.320008079,0.710960415,1.933955017,0.358380131,1.399549238,-2.476486672,-0.785108629,-0.683290094,3.739853922,0.737250117,0.48136999,-5.586007701,-1.037005007,-1.435955818,-0.837328436,-3.026140252,-1.586040577,3.412953235,-0.400064822,-1.414227847,-0.719973351,-0.028718946,-0.860381817,1,Intrusion
-1.614934782,0.707309433,1.57538899,-0.077985284,1.633649398,-1.234449758,-0.221113438,-0.347859065,-3.978788448,-0.231920405,1.237784824,0.060111801,-0.069502795,0.154551534,-0.474044711,0.981575699,0.538715539,-0.098614008,-2.106861611,-1.012423224,-0.958498889,-1.074858055,-1.539894546,0.87133485,-1.388005822,1.911000892,-0.091142307,0.942629955,-1.838295278,0.820796075,-0.677534043,-2.558491469,3.033027725,-0.451315448,4.022328655,2.023352212,1.581007813,0.467472511,-0.333137858,-0.965345036,0,Normal
2.848080406,-0.730475011,-1.042253271,0.736670009,-0.553605328,-0.315458597,0.816378767,-0.235134096,-1.034674541,-0.382396873,-0.355967742,-0.592203782,-3.817979168,-0.887319365,1.254253295,-0.492554926,0.027106699,0.382441215,-0.579587131,-1.347703978,1.136792628,1.556552184,-0.737871024,0.549287585,0.85061803,4.583338699,1.124300599,-0.342421936,-1.402387733,0.097843954,-0.226904993,1.136045052,-0.366523554,-0.064739699,-3.347169317,0.833617491,-2.137564335,-1.260555675,-0.55479855,0.180579247,0,Normal
-2.974271999,0.054171738,-0.320435707,-0.250844341,0.160896506,0.051970024,1.012851533,-0.283049255,1.961671539,-1.435851355,-0.179817409,-1.215167074,2.734859467,0.986168937,-0.284694141,1.053809644,-0.899725585,0.699056995,0.909773377,-0.385718099,-0.456462526,2.33532198,2.119283343,-0.370488287,0.355772011,-1.509310459,0.511627936,0.465181425,-1.104626536,1.646873538,1.385055034,-2.527942342,-1.487944862,0.157900185,0.134396657,0.015118101,1.646505107,0.504148678,0.038040634,-0.957622031,0,Normal
2.059659359,-0.591549985,-1.146946597,-0.355538742,0.089034854,-0.117832021,-0.01837648,-0.876557197,-1.098328638,-1.165935045,-1.084393046,-0.541242807,-1.222076797,0.162507013,-0.681518447,-1.635240544,-0.91446828,1.343930867,1.191255989,-0.56042061,0.586708731,0.978755276,-2.566661239,0.433816581,1.09581567,2.033592392,1.19632512,0.297125142,0.730029703,-1.070805517,0.136040003,2.636675544,1.69414701,1.058798735,-2.565218026,1.335796731,0.686231534,1.795220694,0.872635424,-2.270569365,0,Normal
-0.34287629,-0.45969589,0.225761653,-0.351242324,1.321259706,0.746243073,0.236106776,1.725508474,-0.968033453,-2.015560687,1.29108043,1.567508629,3.127737465,-1.917480057,-0.438320021,0.21809283,-0.289314425,-0.439745323,-0.40514241,0.52303273,0.342331762,1.667756686,2.669148633,1.834397135,-0.15089473,-0.012517561,-0.020533795,-1.567667232,-1.656678737,0.264196142,0.075384613,-1.928008636,-0.038650339,-0.368705911,-0.541775045,-0.70109921,-0.463870389,-0.037303411,0.016548868,1.000177637,0,Normal
-2.416054115,-0.519936458,-0.314383462,-0.837669233,1.143750439,-0.677134775,-0.032118861,1.01316814,-0.002979109,-2.421757193,0.58999874,-1.719291701,1.176446562,0.962603922,2.15306267,1.120270642,-0.0695232,0.081500206,0.741248899,-0.009304912,-0.163569229,5.335473769,0.523471273,0.606276326,-0.757092634,-0.723282275,1.398950592,0.566858572,-6.606528757,-1.286735146,-2.043751621,-0.395796093,1.083845123,0.186540342,2.629935071,1.248466533,-0.134527492,0.542942185,-0.295751237,-0.767013338,0,Normal
1.873931656,-1.555236273,-1.315532649,0.285690432,0.572248172,-0.531955059,0.002577339,-1.817081231,-1.16806275,-0.819277389,0.54118609,1.004781537,-3.55914644,-1.234304834,0.177513781,1.304034733,0.427561304,1.418892361,0.575999882,-0.790194414,-0.887406765,3.7133057,-0.609630776,0.022036991,-0.115463192,2.178620149,0.36329252,-0.102665122,-5.982724505,-3.048963616,1.327732162,3.096542776,1.159562679,-2.51978906,0.251819362,0.310529156,1.09134073,0.258457423,-0.510077143,0.318095578,0,Normal
1.881731255,1.353427284,-0.963548031,1.35506279,-1.158133126,-0.712070153,1.045828831,-2.164923908,-3.111871186,-2.130992076,0.548046571,0.088667585,-1.140293258,0.343502446,-0.189267036,-2.52857717,-0.660173986,-0.207393114,-0.545727622,1.823234435,-1.421489091,1.208548774,-1.802329223,-0.90314234,-0.207570165,1.882470223,1.320056039,-0.256732081,-2.33519503,-3.0072882,-0.037595709,3.065212049,2.642325148,0.571966683,0.020508696,-0.224772591,1.360871855,0.488736031,0.909790101,1.132365886,0,Normal
1.036090985,-1.332072735,0.526593708,0.817045278,-0.112785943,-0.249031557,-0.823170792,-0.778128659,-0.969008867,-1.45037407,1.59352751,0.222046027,-1.140678815,-0.026128441,-3.507399397,-0.303727892,-1.44779602,-1.695071587,-1.004885917,-0.468290432,0.451014526,3.23214578,0.451516455,0.840757832,-0.708193018,0.448579672,-0.646569246,1.065132606,-4.702865156,-3.217110322,1.899239132,2.981637231,1.551233538,-0.340200459,0.170205212,0.466428647,-0.531851994,0.226615687,2.136751226,-0.430839188,0,Normal
1.037352747,-1.025107049,-0.17349248,-0.160551283,2.675405858,-1.094708679,0.386825747,2.002471369,-0.968093004,-1.160794707,0.044799184,-0.007238866,-2.088844542,-0.731139513,0.130016332,-0.52513447,-1.078157147,1.232331354,0.684839855,-0.072133796,-0.165703786,2.428420861,-1.12370858,0.96381254,-1.066127016,2.351299824,-0.494224947,1.22445884,-2.596711327,-1.044503264,1.466789645,1.630896805,1.015681459,-0.577619855,-1.049425684,-0.075459226,1.463944435,-0.64144702,0.88451164,1.251668146,0,Normal
-1.186403803,0.914787916,-1.039966947,1.364909663,-0.091914261,-0.265854108,-0.924646421,-1.567371252,0.99358225,-1.568787949,-1.700253397,0.675976591,2.855130523,0.036966273,-1.170195626,-1.154869206,0.501350466,0.315922981,-1.193015555,1.190761871,-0.154677046,4.348177734,2.106509575,0.129597528,0.195397147,-2.728499282,-1.119664472,0.286329261,-4.647361153,-2.033645484,-0.14072195,0.57395008,0.845634513,0.399591474,1.196360426,-0.214955207,1.841502822,0.693223628,-1.603567048,1.167440388,0,Normal
-1.838856723,1.192810992,0.238183194,0.196034414,0.325479908,0.10288771,0.396963943,-0.575871867,0.414540679,-0.018899577,-0.159732069,-1.509257608,2.095390633,-0.068479441,0.553954674,0.168935876,-0.764920008,0.938573125,-0.725270953,0.564381689,-0.215786682,3.089254949,4.388896098,-2.386013522,-1.392531073,-0.204866058,-1.808110098,-0.872642389,-2.354591716,0.982650403,1.890858077,-1.375101565,2.273072523,0.665660417,-1.790935596,-0.433694596,-0.023202907,-0.159183174,0.767861055,-0.112747,0,Normal
2.155778652,0.913812255,-0.262177874,-1.937875054,3.021552968,-1.007472656,0.736622927,1.153954183,-2.604446891,-2.08529874,0.662946293,-1.913101662,-2.879180433,1.228591427,-1.093931118,-0.406690016,0.282807152,-0.096611548,1.029533636,1.859712367,0.03279374,0.947936931,0.025416041,-0.38102566,-0.080228708,4.699100626,0.271147952,0.446772825,-0.980974136,-0.772202287,-0.016185488,1.915557564,0.899142444,0.717040639,-3.473176927,0.465107079,-0.764559819,-0.75681368,0.448337012,0.893921574,0,Normal
-2.234291101,-0.702025298,-1.874368916,-0.600001877,1.459814236,-0.025892581,-1.411336114,-0.363150775,1.843339571,-0.920819158,-1.356983137,0.770265946,0.210672831,-0.773419837,1.290167836,1.379376348,0.52810637,1.088958575,-2.541945224,-1.144282917,0.180971063,0.683147127,-2.584737719,0.67566853,-1.646116161,-0.688712017,0.861080697,-1.04727447,0.217139426,1.681198314,1.184830859,-1.897006983,-2.558268921,-0.418702092,1.949195774,-0.475539766,0.523073228,-0.092832047,0.94855497,0.761236254,1,Intrusion
0.755436669,1.356576842,-0.217605976,-1.3237683,-1.130047078,-0.19325627,1.521427359,-0.71930894,-7.940058289,-5.57677514,-1.40628269,0.99740587,-1.56848483,-0.432630412,2.452392969,0.431457674,-0.827578088,-0.364274749,2.132573478,2.318162648,1.080497542,1.706986819,2.130024938,-0.969591154,-0.340572868,6.838752052,1.4389068,-0.251573036,-4.94341464,-2.415333897,0.36979075,1.455682748,4.658828781,0.094946736,-1.511418775,-0.203818843,1.759784722,0.363322466,-1.802613832,0.108326604,0,Normal
1.602580485,0.935618885,0.422860202,-1.320092492,-0.315590114,0.448729631,1.666328766,-0.562049785,-2.14325901,-1.747919261,-0.461398869,-1.732123587,-3.936127338,-1.073886404,0.120194161,0.345791858,0.498459624,-0.208429935,-0.253075911,-1.147816817,-0.322151481,2.688062989,-1.865548095,0.19588665,1.78678386,4.37566105,1.784992595,-0.723098836,-4.639897278,-1.018461771,0.292194541,0.905163062,-0.104244271,-1.606236167,0.047845407,-0.210354955,0.501534107,-0.019888427,-0.726384036,0.687514695,0,Normal
0.594395519,-0.290618303,-0.672804746,1.001571639,0.388236953,1.381903188,-0.207269138,0.450827534,-4.705773719,-2.799962883,-1.410616036,0.385598985,1.087609786,-1.755734263,0.404405337,0.450367953,0.348677592,-0.451185338,-1.179662525,-0.630789827,-2.029750086,3.728971442,3.927751511,0.587151684,-2.150133009,2.621843865,0.986530202,0.965782413,-6.804605384,-2.403728517,-0.437327087,0.205115355,4.167553812,0.001371817,-0.054340923,0.792772255,-0.732666265,-0.051187583,-2.050339196,-0.959131025,0,Normal
1.770924934,0.643629733,-1.443440765,1.056631296,0.378911409,-0.078689889,-0.912501057,-0.906082239,-5.053591264,-5.324471962,0.299871619,0.656918647,-3.372196782,3.239730554,-1.58933726,-1.785477996,0.08076298,-0.406680107,-1.231026162,0.608212528,-0.658702063,2.801123287,-0.071018202,0.895676133,0.661473064,7.457365716,0.239342369,-0.898919611,-6.516066929,-0.484070923,1.08355341,-1.552939181,-2.191250037,-2.068958849,-0.020441693,0.816762794,-1.560437844,1.3467754,1.049335759,-0.481319663,1,Intrusion
0.049092519,0.235006342,-0.916744655,-0.816463242,2.575158485,0.215372166,-0.297897846,-0.338698478,-5.289026351,-1.576495938,2.22602707,-0.476620521,0.652667559,-1.345229461,1.527421052,0.61855874,-0.208994009,0.387242804,0.430959722,-0.056315435,0.650241957,-0.612123377,-0.22538534,0.349551276,-0.234728423,2.220085191,1.638715979,-2.481237432,-3.14740487,-0.8657323,0.392153618,-1.656672258,2.924788854,-1.020867146,3.406801615,-0.279347648,1.190518218,1.155154115,-0.349858749,-0.564784502,0,Normal
3.606445598,-0.308515985,-1.04976413,0.274249133,-0.228115542,0.407490495,-1.037013377,0.174908159,-1.460740815,0.441849734,1.543950606,-0.171179409,-2.562173435,-0.811517896,1.63211143,-0.554088288,0.820486174,0.736697923,-1.334768674,-0.722668157,-0.894413199,0.862719366,-3.302978375,0.676648216,0.029516481,2.101586619,-0.728771399,-0.026309544,-1.31649635,-1.810001527,-0.174273324,2.454884893,1.271124635,0.966867866,-0.575962938,0.3543485,0.329780809,-1.062551056,0.602445451,-0.721362419,0,Normal
-3.915297141,-0.640541817,0.479191017,0.887834189,0.392707516,-0.734044514,0.215417243,-0.184363523,1.625657397,0.677828878,-1.151826269,1.8203399,1.039556072,-0.037021575,-0.314653652,0.165204464,-0.94360572,0.677929917,0.485060878,-0.279759465,-2.54336327,2.027388212,-0.167526807,1.570957935,-0.252763448,-2.290490479,-0.112242406,0.839567353,-2.110917618,0.825515494,-0.322116216,-1.273265227,1.482805838,-0.917987829,2.990708326,-0.068614541,-0.406519878,0.846922081,1.359505161,-0.037101782,0,Normal
-3.24955065,0.172141668,0.951464816,-1.912280359,-1.046483096,2.347515076,-0.376359391,0.369892707,-0.750762841,-2.088331561,-0.183034234,0.378854124,1.384274022,0.835835582,-2.084144337,0.170529935,0.230490138,0.036415364,0.933070167,0.459235872,-0.639766624,1.781192329,1.945082659,-0.906062434,-0.082298039,-0.208116314,-0.086287069,1.583410302,-3.599409659,0.404423478,1.303098502,-2.312831061,-0.1592664,1.481124614,2.681861244,0.211900181,-0.562515449,2.115265176,0.112983541,-0.173827227,0,Normal
-0.971564384,1.363795772,0.850319869,-0.58848293,0.310294877,1.568741103,-1.057206183,-0.563287793,-1.061793908,-1.570091336,0.306673281,0.549809987,2.904906416,0.138631442,1.622943672,-1.558774567,-0.067517358,1.442406083,0.101217954,1.918109325,-1.331632631,0.786071856,4.254872819,1.198524737,-1.380838032,-0.342064001,1.121567946,-1.164306828,-1.37427226,0.086073236,-0.149404687,-1.617212962,0.365386285,0.145306536,-0.564605031,0.498547203,1.043190695,1.028849866,-1.67457617,-0.704825092,0,Normal
0.219312176,-0.973023101,0.543533956,0.045816188,2.207606519,-1.031638463,-0.74632467,-0.878689358,-4.527966529,-3.201843532,1.027705045,-1.027529564,1.829072159,-0.485124932,-0.104131465,0.79381398,0.49284074,-0.064788167,-1.953865856,-1.143648689,0.45004201,1.351931629,2.343929,1.698828718,0.013650388,1.643115084,-1.517133858,0.704268777,-4.999912433,-1.752987646,-0.935753117,-1.377846087,1.421338816,-1.192613995,2.23574448,-0.904132052,-0.844624039,1.736705594,0.992824769,-0.397066723,0,Normal
1.541446993,-0.933814517,0.604492897,-0.787752892,0.500494308,-1.674753411,0.1032598,-1.569852317,-1.485774211,-1.033268358,0.980037131,-0.039916629,-1.604031972,0.561464647,-0.53506178,-0.733024414,-0.463581613,0.746013006,-0.652462861,0.261549351,0.348827669,0.645464607,-4.236211989,1.841283246,2.150906368,4.049479329,-1.823314829,0.086505,1.426892683,1.738675247,-0.042468251,-0.528134098,0.669661128,-0.310066037,-2.189823102,0.861485057,-0.679637151,0.900955304,-0.630703172,1.060486701,0,Normal
-1.444876345,-0.521921958,-0.957773651,-0.936528906,-0.169325863,1.241300717,0.289204439,-0.155988002,-1.672391819,2.989519424,0.055781535,0.339774194,-0.852919752,1.443618989,-1.579554266,-0.646021979,0.749386523,1.55933666,-0.686096287,0.113377669,-0.291678364,2.547735914,-2.145947814,1.69498241,0.538404937,-1.376957141,0.070571028,0.205511332,-4.578984634,-2.266687359,-0.027540756,2.312025927,8.303102896,1.223912352,4.031886814,-1.094788533,-2.205147928,1.273114807,0.057898324,-0.063132123,0,Normal
-1.862149061,1.665804815,0.798322637,-1.127878052,-0.982595437,1.483986015,-0.702741253,1.21874796,-1.551400133,-1.327515281,-0.306386675,0.839671374,1.358088984,0.709112684,0.100373893,-1.067029613,1.297255075,-0.290639231,0.88261345,-0.265647299,0.322947916,1.142079158,0.433459802,-0.015912701,0.142253569,-0.396847807,0.656577152,0.588596689,-3.219583424,-0.414756196,-0.614074606,-1.516166129,1.009100495,-0.462859108,3.229387194,1.902494914,-0.411689408,-0.497243632,-0.363301362,0.041367927,0,Normal
1.346546208,0.176030111,0.097509832,-0.266991432,-0.368710721,-1.334985945,0.645767688,-0.876917515,-1.298894173,1.325404905,0.251234294,-0.774854523,-2.572836894,-1.247256627,0.739823942,0.28178705,0.100837305,-1.521715713,-0.343894345,0.061449407,-0.859523694,2.388068915,0.862908382,-0.099434341,-0.065829516,2.797450069,1.188514801,0.759668058,-5.140473617,0.166282013,1.338185011,-1.270481268,0.662940007,-0.499847513,0.769465201,-0.635252113,1.091896018,0.637068669,0.717773748,-0.138614574,1,Intrusion
-3.149311139,-2.939758197,-0.818211951,0.1535632,1.206307238,0.118144858,0.495342063,-0.168986221,4.321905953,-0.932663742,1.001541346,-0.855612378,-2.017412532,-0.681626141,1.922778688,-0.788820089,-0.527823697,0.880845463,0.999982177,-0.069061085,0.018288434,4.814029656,-2.505957396,-1.173907179,-1.427024278,-0.823460744,-1.647638334,0.013324248,-3.833852063,0.911783045,1.243487802,-0.400499437,-3.215578189,0.610945796,1.827025616,-1.278924564,-1.003521189,0.350960487,0.158519287,-0.321670283,1,Intrusion
-4.403951094,-0.564788333,-0.915630655,-0.678687663,0.529305381,0.798947914,1.500821481,-0.880729977,4.024485602,2.011350758,-0.114420594,0.175226648,1.631521797,-0.721618433,0.420533707,0.388496385,-1.461368482,0.88592038,2.290199037,0.936488615,-1.564177718,1.740890574,0.460433919,2.722661054,0.597046625,-3.377860111,0.217191304,-1.214108705,0.792218124,2.272666237,0.303241102,-1.293730939,1.127866366,1.321770636,0.640684585,1.3045336,1.888160993,0.364103918,-1.097455548,0.788606053,0,Normal
2.329309324,-2.144725083,0.875748522,-0.23021459,0.800110389,2.202439214,-0.126098871,-0.593097432,-3.650050019,-1.803864815,0.623555752,1.888299931,-3.317798438,1.361238378,-0.856907546,-0.731684796,-0.035444577,1.406021461,-1.718032938,1.366507131,-0.540213544,0.937754061,-0.049578265,1.246282443,-1.378353058,4.747527347,-0.437149262,1.382223807,-2.417092814,-1.69832936,0.214032182,2.337807009,2.023481669,-0.326043806,-2.135310459,0.55263694,-0.500831118,-2.169124789,-0.064470612,0.665129836,0,Normal
2.361571155,-0.955197561,-0.402905993,-0.380618677,1.563389407,0.922541078,-0.440270715,-0.579081004,0.017717352,-0.354432379,0.093829064,-0.807212116,-5.996920822,-0.742957111,0.765441164,-0.432077332,-0.66288071,0.596288594,0.305907341,-0.137027658,0.323802989,4.71529886,1.224354485,-0.039330067,-0.037186874,2.737108299,-0.874670345,0.446227142,-7.595390674,-3.92309623,-0.100019006,4.784407739,0.081252473,0.782706089,-1.113808556,1.082455269,0.714878239,2.453766421,1.331121098,0.556470894,0,Normal
3.048012009,-0.138515418,0.780917138,-1.02868482,0.210912362,0.490029015,-0.66137604,0.382361072,-3.181989135,-1.054741121,0.092828427,-0.788280137,-3.073314467,-0.418444181,0.657464051,1.488871482,-0.087098477,-0.707082738,-0.027755436,-0.374083418,-0.159477744,0.687202803,-2.238608634,-1.531139227,-0.39431954,4.024713664,1.977403376,-0.453423177,-2.040696465,-1.557923358,-1.485102068,1.876235771,1.428293672,0.244386502,-0.865391155,1.62929321,-1.581115068,1.569199698,-0.096275912,1.207075682,0,Normal
2.088359749,0.45708129,2.651349406,-2.056868187,0.344447113,-0.034216069,-1.493164071,0.414760036,-0.516115991,-1.091046965,0.705049876,-0.999046465,-3.462146018,1.116795895,-0.021646131,-0.644852337,-1.202614802,-0.622614197,-2.400865415,-0.38129364,1.294663487,2.799642322,-0.422865403,0.398617528,0.140845976,2.980997165,-0.125931749,0.680415583,-2.469760065,-1.849277421,0.911500137,3.525682192,0.946131865,1.194146574,-3.102731881,0.243550011,-0.468832589,-0.240666341,-1.093204607,-0.885674667,0,Normal
0.151315395,2.610087153,-1.592538054,-0.619778861,0.336880814,0.986970172,1.309150565,-0.380692108,0.030417667,1.385715648,-0.792477174,-0.663890395,-0.929424233,0.732489194,-0.404067399,0.542491247,0.758342908,1.007416364,0.822365729,-0.193996777,0.160529109,2.145689435,0.175693746,0.123332797,0.124635276,0.208505281,0.223900905,-0.513062232,-3.965159868,-0.16941893,-0.339800447,-0.850965458,0.709414449,-0.628806894,1.830599148,0.50574333,-1.382785173,-1.36752921,0.593693543,0.225224074,1,Intrusion
-2.131966673,1.104364852,0.732123105,-0.339683676,3.006034533,1.269148594,-1.280955601,-0.314352283,-0.860476479,0.832664874,-1.98318125,0.272744602,0.522369029,0.748428974,1.58210565,-0.191320091,-0.252531506,-0.173217947,-1.441806791,1.922331073,1.387422854,1.504063793,-0.341674107,-0.500849173,0.031118538,1.200788298,1.065613204,0.444623933,-1.153077711,2.26632508,2.095284218,-2.473014867,3.192627257,-1.162738962,0.650444714,-0.128034483,0.546286205,0.448359813,-0.069338377,0.673755306,0,Normal
0.19410716,1.923778142,-0.850137911,0.572176063,-0.563903126,0.604602177,-0.142171075,1.137578903,-4.617718481,-3.487768328,-0.194382535,0.627484593,-4.258734313,-0.55606296,0.464260596,-0.009659929,2.043162218,1.096517879,0.843170842,0.844620433,-0.225390439,-0.41375143,-0.367151205,1.127257174,-0.665058003,7.766944143,-1.171917254,0.640384767,-2.866336548,2.007387612,1.868300631,-3.171243669,-2.43829938,0.547048275,0.142180642,-0.494551938,-0.850816567,-1.402804315,1.606332063,-0.512682739,1,Intrusion
1.711160238,-1.747469443,-0.391300746,-0.06205197,-0.344285918,2.825304215,0.667628539,-0.012636014,-3.330904283,-1.885402002,-0.00311652,0.815438627,-0.931500359,0.700162455,-0.663295287,-0.096928811,-0.316577978,-0.375315193,1.368230093,-0.726501987,0.086485588,0.099405371,-0.046331009,-0.757228565,-1.187165778,3.837515881,1.269266873,-0.501655157,1.07260093,-0.636086795,-0.632044264,2.103932139,3.428713313,1.547255531,-3.983691528,1.042966119,-3.059026215,-1.804498267,-0.744878775,1.656870845,0,Normal
0.909711998,0.918750847,0.605374112,0.233239069,-0.789027542,0.380267367,-0.040869083,1.019159112,-0.785332304,-0.410747779,-1.101326473,-0.234909364,0.769225832,0.675575095,0.449757634,0.037403085,0.535413536,1.410096302,0.383727955,-0.406737438,-0.77935821,2.651419138,-2.417856486,-0.029002345,1.144668291,-1.430802449,0.200887604,1.332805072,-3.555176433,-2.800993674,-0.788818865,1.945470458,2.49359252,1.135360397,2.460662033,1.379696335,0.954295125,0.137594048,0.215105879,0.894435465,0,Normal
-1.615142173,0.3120326,-0.897220829,0.474524086,1.099225085,2.241559047,-1.386115646,0.963370656,2.366500435,-1.208624994,1.686789144,1.993307818,-1.496657681,-0.397025785,1.44846382,0.560199196,-1.38304232,-0.85605306,-0.841667192,0.026933774,0.217191107,2.67505239,-4.643271186,-0.532991486,0.312930179,0.399078257,0.647438985,1.816731008,-1.605385537,1.46822397,-0.969225323,-1.313178811,-3.090087087,0.174837083,1.993548922,0.601208854,-1.133733753,0.290867906,-0.78344968,-0.930203232,1,Intrusion
-3.13328215,0.613810544,-0.314872194,0.867439912,0.296438468,0.049600806,-0.289085053,0.170764767,-0.409630122,-2.383881602,-1.721835716,-0.437191474,1.625551586,-1.185588454,-1.37995812,0.181302245,0.605575297,0.886714794,-0.015405414,-1.999741434,0.32304049,0.76416486,-0.120909356,-0.838513633,-1.292302225,-0.77241912,0.386396367,0.022299342,-2.224165171,0.580081434,-0.328717663,-2.564406653,-1.466759029,0.249615903,3.678729049,0.95963482,0.733565942,0.931225394,-0.416195668,-0.117543321,0,Normal
-0.568034114,0.891391995,1.080685954,-0.432124273,0.804731386,-0.306910784,1.320101302,-1.260459693,-4.466513466,-4.218565094,-1.081642823,1.01784969,0.83580219,0.389952105,0.707891382,-0.084574715,1.604816385,-0.873214043,0.258347473,-1.292412689,-0.197769355,1.570529123,0.562108404,-0.18005491,1.137859157,2.525571047,2.064401523,0.481399447,-2.263168652,-2.041367132,0.15130667,1.704687933,4.093019357,1.534725155,-0.691684395,0.578497938,0.976124027,0.165554834,-0.07228608,-0.094943374,0,Normal
-0.12569684,-0.547369037,0.120677915,0.111530195,0.055494634,0.250873924,-0.165802592,-0.171735586,-1.850212213,0.4591386,-0.210776295,1.358906736,1.311237985,1.622124202,0.152343959,-1.468898233,-0.322237225,-0.429117936,0.383274475,0.499294726,0.383814547,1.898377003,1.655341345,0.332184012,0.75174837,0.800397424,-0.635962155,-0.875109475,-1.963258948,-0.016050395,0.166130272,-0.347374204,4.451530565,0.867986452,-0.807533828,-1.969455693,1.099292085,-0.669149866,-1.977747839,-0.942380155,0,Normal
2.576800705,0.215906386,-1.24401807,-0.419059419,0.304611904,0.800760656,-0.465318401,-2.741208595,-1.263665047,0.069640932,0.841006889,-0.384793711,-1.511737465,0.747261813,-0.763605932,0.777567072,1.100376135,-0.226595113,-0.591093367,-0.054579088,-1.847596145,-0.118649072,-1.919364769,1.062106512,1.062440308,3.127401121,-0.383219445,-0.647885927,2.275349168,0.492575075,0.810938483,1.386822711,1.75106499,-1.676079956,-3.878659598,-0.13728061,0.598925867,-0.240792591,2.108930766,0.66385772,0,Normal
0.285409623,-0.133223245,-1.419539499,-0.491022288,1.957926255,-1.082789087,-1.519889987,0.573160135,-1.374231935,-0.142603684,0.149583847,0.966546648,-0.310601181,-0.921804872,-0.157032861,0.001981041,-0.223046568,0.089971415,-0.354278186,-0.72247455,0.357889645,4.437171294,1.337017177,1.623994474,0.597241488,2.973653809,0.542428419,-0.250480822,-5.770085042,1.247921996,-0.033452998,-2.85082407,1.321142297,1.154318318,-0.014888264,-0.161617054,1.129489163,-0.644026645,0.037523255,0.440331483,1,Intrusion
-3.705211286,-0.253483764,0.531336045,0.011249645,1.216946466,0.499958879,0.312510934,0.041269748,-0.561696082,-1.481861352,-0.686319826,-0.009218764,-0.737385096,-2.176263943,-0.317496747,0.406592662,-0.962622977,-0.245179519,0.944586306,0.912050248,-1.149743608,2.128739624,-2.277122875,0.505074446,1.476865765,0.804172903,0.34025901,0.378310555,-3.104252691,0.970672374,0.505933099,-1.598674698,1.037014339,-1.019145177,3.47067694,0.408936305,-0.996907027,0.862040757,0.52989713,0.010526987,1,Intrusion
-0.450326953,0.916950699,1.148875102,-0.042965086,-0.971553418,-0.962876441,0.665426883,-1.244952064,-1.547513791,-3.512531647,-0.872446131,-0.875327002,2.409450394,1.513637513,-1.301932218,2.346637732,0.979191267,0.610615365,-1.124976813,-0.277309288,1.589872483,2.455935624,-2.529991547,-0.709653591,0.688312279,-0.061896062,0.772742046,-0.300239326,-2.97178996,-0.798850276,1.416643606,-1.301196238,-0.39912988,-1.104441588,2.74658799,0.017452104,-1.116036025,-0.092806151,0.094910986,-0.624968213,1,Intrusion
-0.919977159,0.555370545,1.871853998,-0.368575326,-1.324807308,0.767871981,0.897299123,1.023039907,-1.942575022,-0.560246868,-0.566801305,1.5734403,1.35100087,-1.942337403,1.258074674,-0.29790692,0.378117111,-1.469810553,-0.023316615,-0.551564362,0.693266264,0.952449964,0.445351687,0.848082697,-2.096962641,-0.047799554,-1.295587469,0.706181944,-2.252593513,-0.543833963,0.163132556,-0.679793454,2.662823572,0.043440681,1.788022915,-0.981442799,-0.107854871,-1.29451147,-1.383325067,-1.075982762,0,Normal
3.299359955,-0.47583755,-0.799854005,-0.796866395,-0.452899348,1.192064452,-0.290586014,-1.806850933,-7.94920413,-2.08736161,-0.361187444,1.023767622,-1.2335376,1.483584053,0.22677922,-0.783657856,-0.613507129,-1.342656588,0.409468131,-1.176706144,0.410487814,0.701990626,0.830152292,0.160520201,0.478698975,5.164926806,-2.359474601,1.533018534,-7.132860246,-2.622239489,-0.67875628,-0.981035824,3.220295492,1.284351071,2.91509228,1.379141378,0.391263134,-1.266064014,1.908973813,-0.645122097,1,Intrusion
-0.453251053,-0.55745713,-0.174746423,-1.103107799,0.630741753,1.645682501,0.617023248,1.902175192,-4.030152358,-4.146577702,0.203694661,0.675881209,-0.787473885,0.352853095,0.478402451,1.792467347,0.316659448,-1.337974844,0.10465777,-0.04398091,0.1809936,1.914887477,-0.839584574,0.002523378,-0.195644704,4.055304564,0.315521507,0.985132194,-2.754415811,-0.75812257,-0.57322469,0.427954392,2.247490918,-1.59150916,-0.420703432,0.682140595,-0.10004043,1.141556394,-0.74463942,-0.745947469,0,Normal
-1.654114561,0.226654371,-1.130187957,-1.290904826,0.208762662,0.906813927,0.68986856,0.137142942,-1.993072407,-0.751771172,1.063553733,0.213190294,0.626218575,1.433004407,-0.137644527,-1.572658237,0.48240559,0.637719787,-0.376398911,0.449533732,-2.042509705,2.399668867,-0.268500177,-2.134893009,0.150069486,-0.553330275,-1.016309898,-1.316915561,-5.219237921,-1.663274682,-0.023184539,-0.199695237,3.053440008,0.277955091,4.121085458,-0.554153177,-0.628584782,-0.820239477,1.478518641,0.974473768,0,Normal
0.169411813,-0.204801582,0.492234293,-1.178970898,-0.097258969,-1.606544846,-0.033895714,-0.638565195,-1.768020471,-1.909570397,-0.517728912,0.185812321,0.937974921,-0.065665084,0.455857311,-0.004497306,0.734952454,0.23877933,0.240378285,-1.241314324,-0.011249235,0.832371,-3.650076299,-0.330386807,-0.415048578,2.005476344,0.720835084,0.075904621,1.614953123,0.89009043,1.030958351,-0.128301094,2.358013934,0.68357269,-1.299277595,-0.470167343,-1.276158439,-0.525247694,-0.259950722,0.30790266,0,Normal
-1.179843346,0.146581776,-0.07030792,-1.244869729,-0.289376825,-0.721330971,0.197965482,-0.397574745,-0.618766421,-1.385788808,0.771571576,-1.253880289,2.121681197,-2.141911264,-1.142699943,0.819538138,1.464919336,0.340488723,0.592111105,-1.074321408,-0.105286503,3.297409175,1.935648397,0.016207051,2.156014649,-0.813876783,-1.263669712,-2.156273844,-4.488625316,-0.879296265,-0.205723312,-0.946285903,1.242725078,1.011115945,1.526982172,1.049826478,-1.519516406,0.16880777,0.03772629,0.351544126,0,Normal
1.976944973,0.487789863,0.222393431,0.663004893,1.306220077,1.108588806,0.969742875,0.494204126,-3.762378792,-1.933822884,-0.306612078,0.418953921,-1.187564378,-0.142443545,0.037555623,-1.345802885,-0.49909691,0.116765777,-1.381916237,-0.776165619,0.663607091,1.243176778,-0.977743808,-1.004078031,1.021463181,2.749785123,-0.315511966,-0.661784296,-2.89468475,-2.412190724,-0.484837893,2.054537909,2.834635691,-0.697891283,-0.10803342,0.086582537,-1.674003485,-2.400099674,0.469579697,0.403688067,0,Normal
-1.530071904,-1.249359989,0.318482886,0.365265874,2.225483449,1.203525093,-0.876577224,-1.921038111,-4.547518092,-4.570439217,0.077836117,0.531509089,1.010174926,-0.504039667,2.229344501,-1.657665062,-0.540931625,-0.355541223,-0.047385755,0.521430526,0.073880126,2.437996225,1.307052079,-0.466331333,0.520871044,2.711986406,0.837324054,-1.318218351,-2.627649369,-1.957789941,1.260331177,2.035851814,5.434951262,-0.800550351,-1.384200308,1.766600017,-1.423674393,-0.831015499,0.88143855,0.082090286,0,Normal
-1.124444645,-0.356554664,-0.358686788,0.298679474,-0.564401335,0.741176153,0.993480895,0.528027783,-2.138254376,-0.786963805,0.267526888,0.147655965,0.875491229,-0.696710146,-0.149949038,-0.431022069,0.596052114,1.608671318,-0.349874303,1.486030217,0.172964029,3.318694004,1.967700474,-1.054764815,-1.464987335,-0.313176218,0.167965291,-1.055705601,-6.083505958,-2.203540021,0.832680618,0.447616839,3.831394913,1.006693426,2.500722591,-0.887878446,-1.361662933,-1.124370214,1.923708264,1.312780564,1,Intrusion
2.706934,-0.909337577,-0.213786913,-0.7876784,0.626975415,-0.670413305,0.960033512,-2.352013939,-8.862142449,-2.692328541,0.462868864,0.124631117,-1.660344353,-0.098497924,-1.916100855,0.029544026,1.210854049,1.620137851,0.13792942,0.393425917,0.77634146,-0.928306788,2.702991694,1.079528036,-0.021699388,4.905893281,-0.14262011,0.221089642,-7.015251011,-3.787973332,1.537865729,0.043948039,3.168583952,0.500173296,3.425181235,2.152667854,-0.945181022,-1.30291649,1.38389459,0.93267125,1,Intrusion
-0.289429777,-1.878268189,0.070248699,1.969302255,0.943039142,-0.044783431,1.61679701,-0.127949885,-4.32092993,-4.452693234,-0.476993629,2.87938365,-1.40259378,-0.325220918,-1.476392293,0.779487804,-1.137623388,1.530310027,0.829393065,0.259056025,-1.226339948,3.269091055,2.078482683,-0.362922935,0.520470581,3.617555692,0.698906364,0.309299842,-6.042243419,-2.939773436,-1.044761282,2.099675163,2.739882289,-1.243683736,-0.216059959,-1.833035834,1.320252779,-0.76504175,-0.647753659,1.663259603,0,Normal
-1.380383064,1.599130477,-0.2339322,0.247429976,-0.427532337,2.609111068,-0.212472315,-2.177394108,1.453718126,-1.919516235,1.2305981,-1.741855483,2.736906307,0.829021424,0.363292726,0.319866252,0.583671592,-0.113899223,-0.261886041,-0.502920441,-0.502271964,4.311895186,1.017834289,2.083735928,0.29384568,-1.073076856,0.44149261,1.135900115,-2.588558385,0.309898243,0.669458351,-0.998708661,-0.081050919,0.924639056,-0.690870776,-0.306916623,0.774209413,-0.254407812,1.014821553,-1.678349579,0,Normal
-3.629297756,0.408628979,0.876771949,0.109043222,-0.19679389,0.337583036,0.517296634,-0.044988092,-2.271477364,-0.152781598,0.189634097,-0.269677935,-1.111668532,3.784769532,0.732204898,1.700546527,0.976338729,-2.036369353,-0.114277155,-0.353731134,0.844512615,0.853079146,-2.171187336,0.223339395,-0.857573219,0.348596425,-0.655352956,1.028237981,-4.077458608,-0.193496386,0.492239022,-1.09219006,3.390667955,0.959680838,5.743064816,0.845786147,0.469676383,0.95288187,-0.648019976,0.915284343,0,Normal
0.529928614,0.432023119,1.292282261,0.782878259,0.461186607,-0.311560446,2.299581973,0.428235139,-7.209034956,-3.671839654,-0.721173159,1.108995147,0.407591944,-1.261982357,-3.60271015,0.605676355,0.554708089,0.348091306,-0.655591588,0.179415157,-0.484462053,1.925091228,3.972677724,-1.746284671,0.990801981,3.589294275,-1.117577401,-0.836520788,-7.435447072,-3.305187389,-1.509003444,0.198508251,4.541167457,0.35724081,1.86625255,-0.198714956,-1.16016138,0.495725353,-0.608313014,0.665109745,0,Normal
3.027492024,-0.232917992,1.742993089,0.861344436,-0.759799052,-0.212743179,-0.638202586,-1.80506597,-0.84171853,-0.286252462,0.444115118,-0.866669318,-3.90019348,0.077677725,1.149205383,-0.675823337,1.610250399,-1.642152882,2.261351149,1.258067354,-0.971505646,3.53227484,-0.300526436,0.946317288,-0.225312898,1.58027898,1.024635133,0.815818352,-6.241242177,-4.088896158,-0.101925539,4.135872353,0.722967132,1.419876135,0.167662747,-1.825973452,1.024417792,0.017775517,-1.524764875,-0.052807231,0,Normal
-1.567913023,-0.273002672,-1.784556875,-1.442180518,0.756269179,0.940754976,0.359756924,-1.753569632,-0.594168992,-1.901141503,-0.513902297,-1.087759092,2.277038297,0.928823029,-0.771246472,0.528282707,0.87746639,-1.674598933,0.34259311,0.343774247,1.902385276,1.42627662,0.267525379,0.221042697,-0.930610793,-1.953048602,1.927703926,-0.441938405,-3.062757718,-1.409659412,1.12670754,-0.633456063,-0.030541088,-0.620508593,3.396307789,-0.785733419,-2.210885319,-0.601131428,1.241617988,0.306978348,0,Normal
3.20515285,0.320792216,0.973019694,-0.661380233,-1.504119664,0.628564241,0.725286111,-1.726460811,-0.509236608,1.839986627,-0.057789486,0.686465682,-1.260927296,-0.577210803,0.603203892,-1.275436851,-1.213581746,1.640903371,2.598969707,-1.522641436,-1.029965159,0.738794401,-2.251265019,-1.451475486,0.604431423,1.356286461,0.411814384,-0.335354079,0.033548903,-0.366536935,-0.741026342,1.191417009,1.850101453,-1.467132851,-1.551127106,0.985930383,0.42737163,-1.14239046,1.771781023,2.580401011,0,Normal
-0.779626206,0.445493896,1.140209612,-1.20936493,-1.476614882,0.161778468,0.919348003,-1.696900501,-4.589926204,-2.801687513,1.182728565,-0.33116628,1.148258352,-0.475968264,-0.453302074,0.409232436,0.026688995,0.094010134,-1.416448986,1.183304683,-0.817771123,-0.015418415,1.891920875,-0.612854989,0.035586348,2.654012331,-1.591520138,0.453284571,-2.924425539,-0.063554872,1.144484409,-2.312491801,1.509731348,-0.022756979,1.669314049,-0.100898989,-0.21285568,-0.995580389,0.756781256,-0.545190395,0,Normal
0.79628875,0.912532043,1.943442709,0.094402947,-0.248373905,2.127631492,-1.529869664,0.664892471,-5.972984039,-1.986898863,1.936000328,-0.224442638,0.576712099,0.405760514,-0.736865273,-0.310084174,0.022516127,-0.146765717,0.209375929,-0.214873137,0.151468822,2.368942079,2.323839296,-0.408303947,-2.610312377,2.763391633,-0.953507632,1.044376717,-6.614691989,-2.624130072,-0.316265621,0.088334618,5.30775213,-1.017625854,1.823515201,-1.260892899,0.774843374,0.302627028,0.085938492,-0.4839893,0,Normal
1.25005496,-0.036886859,0.664126897,1.015687916,-0.363559428,-1.474501249,-1.304468231,0.754899298,1.375443237,2.074598871,-1.331334069,-0.59395536,-2.647282115,0.866149622,0.109324576,1.802017028,0.752758327,-0.495918712,-1.236542013,1.157641396,0.383418452,-0.545020409,-6.056032961,0.753074244,0.876938002,1.518525225,0.505231319,-1.75230884,0.483439067,2.775006852,-0.867295451,-3.042142434,-3.558093419,-1.426388561,2.564542031,-0.673951951,-0.033480772,0.943753562,1.254537279,-0.426212787,1,Intrusion
2.539115865,1.74281624,1.393156536,-0.88895232,-1.448650113,0.124070063,-1.451351602,1.085872379,-3.063019846,-0.874741818,-0.408400791,-1.144691759,-1.030394758,1.580166026,0.550303193,1.380715246,0.06862457,-0.079984523,-0.472613947,-0.154929866,-0.950499358,-2.350096924,-1.041079097,0.090988412,0.710255597,3.735759643,-0.249692376,-0.213805516,0.758541723,1.202670864,-1.0123005,-2.400120603,-2.01617179,-0.875515319,-0.064307883,-0.610422087,0.428919969,-0.176276797,-0.047010854,0.745530921,1,Intrusion
4.471879735,-1.477229662,-1.614697859,-0.065472934,0.591855528,-2.697444862,0.67535714,0.199790576,-2.870924577,0.730862275,2.125630304,-0.498957348,-5.085757727,-0.266483784,0.245675032,-1.355486884,-1.652998199,-0.833686326,0.835310105,-1.506368584,0.119312031,1.106282321,0.749342045,1.032970206,1.839956527,4.208467987,-1.507309539,-2.844830351,-4.219318458,-2.981195949,-0.048697659,3.482622266,1.657499751,-0.720245456,-1.761228846,-1.15920762,0.054774613,-1.102864408,-0.498246771,-1.389773974,0,Normal
1.759910031,-0.39760628,-0.17925161,0.605092295,-1.33547833,0.473637518,-0.598623615,0.57394684,-4.734297933,-3.197350033,0.71120003,-1.11140277,3.154180335,-0.490302153,1.47143016,-0.93992988,-0.097599554,0.050662507,-1.277668505,0.518009148,-0.960583926,-1.07523302,1.645259577,0.419274036,-0.031965981,1.272405977,-0.974943515,0.19976231,-1.358347589,-1.376697448,-0.082908834,-1.582936899,0.376583761,0.392677397,1.08375305,-0.717311507,0.871572333,-1.305689984,0.534704807,-0.43471064,0,Normal
-3.996587033,-0.454803955,-0.095122541,1.991446739,-0.299769133,-1.043050303,1.170845453,-0.080816677,0.030635747,-0.245269622,-0.704949107,-1.332229721,-2.162813771,-1.6184536,-1.032347404,0.817768729,1.381348973,-0.893379175,-0.675714971,-0.776607665,1.059165887,-0.004976108,-0.579566067,1.87790342,-0.329946374,1.840602126,-0.179942492,-1.026022954,-1.331832,2.804518206,0.213670957,-3.062252691,-0.946817929,0.185077498,2.554039767,-0.734254228,0.943111158,-1.249542239,0.168944731,-0.80194834,1,Intrusion
0.412813972,-0.510803335,-0.237894597,1.076151795,1.0066396,-0.641233381,-0.681575094,-1.09507496,-7.859988396,-3.291571193,0.99986567,1.14337753,0.536495862,1.397459498,-0.522125981,1.682232217,0.489771121,0.899699426,0.051505315,0.797804459,-0.039057841,-1.107467712,2.048000379,1.035131447,1.044710404,3.565513185,0.940392469,-0.853285477,-5.053140152,-2.15670387,0.102416236,-1.557865405,3.06135457,0.268630577,3.856970309,-0.677609626,0.128754737,0.077482275,-0.523922652,-0.610055758,0,Normal
1.048364104,-0.932871175,0.081867328,0.359678326,1.450857225,0.694412685,-0.304719399,0.32946299,-4.203183218,-1.485813461,0.457967875,1.123517311,1.655711282,0.334750612,0.289213909,-0.636201375,2.308152821,2.054024198,0.171268938,1.426649425,-1.614119023,0.113784997,-1.107792198,-0.263064925,-0.891553073,0.183550804,-1.354110629,-1.434813169,-3.025048031,-2.475129346,-0.231027513,0.168569683,3.043216513,-0.947966991,3.384161549,-0.337417929,-0.141435248,2.109429822,-0.62024718,-0.174353192,0,Normal
-3.003291235,-1.303988629,0.237641988,1.379955019,-0.30939287,0.612734053,-0.053424637,1.800775447,2.787033173,-1.361931031,-0.797840226,-1.992513485,0.031770044,-1.500305999,0.31130808,0.312569297,-1.153558986,-0.051659193,-0.341715832,-0.223270123,0.01912454,4.142202284,1.581907083,0.945570604,-0.14941147,-2.087361248,0.345944524,-0.746613494,-3.473612805,-1.249010192,-0.04324685,1.794797052,-0.038164847,-0.837876556,0.204518364,0.506922944,0.795422583,0.151907337,1.652916804,1.393095493,1,Intrusion
0.841360652,-2.020087999,0.124912984,1.966495315,0.582012161,0.026145689,1.548184593,-1.014484881,-2.892599694,-3.020016618,3.367983078,0.062951841,-0.034492971,-0.111634022,-0.740238862,0.593329745,-1.260724637,-1.307759759,1.298866594,0.817998602,1.979790416,0.524960684,-3.815077045,0.144398974,0.802968225,2.954094348,-0.943858574,-0.83257741,0.85374024,-0.186750075,-1.487002846,0.769411392,1.892583213,1.183811316,-1.064181661,-2.126758113,0.09955503,-1.2616144,-0.081282021,-0.802041794,0,Normal
-2.772375415,-0.374240523,-0.07341209,-0.09662355,-1.830078016,0.363421903,0.358331008,0.127245688,1.806738184,-1.281752677,-1.270883013,0.323344251,2.233310072,0.692910232,0.518027385,1.319170194,0.007533566,-0.150363198,0.476221697,0.885195842,0.792184988,3.157360678,-0.688057317,0.173838846,-0.160292062,-2.474049287,-0.072012782,1.976936131,-2.870174624,0.140384046,-1.602772381,-1.40096792,-0.689576223,-0.08263936,2.790364775,-0.399640599,-0.066419594,0.399302016,-0.160610551,0.541611868,0,Normal
-1.058922052,-1.459509325,1.299302178,-0.214996316,0.624353162,1.140198619,-0.102002138,1.239924811,-2.347925473,0.602421609,-0.683618248,1.098533012,0.358242675,-0.341634917,-0.594367024,0.570382474,-0.878710122,-0.562922715,-0.69050049,0.286634563,0.289089137,2.608362103,1.74500251,-1.10112624,-0.448458369,2.216299632,0.192458933,0.739973708,-3.156786942,1.018898482,1.055776194,-1.438089072,5.099767124,-0.253013047,-0.532682654,2.493052644,-0.066028998,-0.937076579,0.003988476,-0.889759716,0,Normal
1.465808711,0.373506997,0.482526312,0.463451635,0.83803654,-0.593678748,-0.539094683,-1.301896973,-1.711587666,-1.626110587,0.215356867,0.670169659,0.157282982,0.610702799,-0.518220578,0.896140063,-0.055850839,-1.565617578,0.116043996,0.141250411,-0.038228243,-0.576136691,-2.277575845,1.622786507,0.035892023,3.311169747,-0.490522691,-0.255357326,3.885137314,1.547830635,-1.058099331,0.152065044,1.369630679,0.581817789,-4.186527396,0.434924428,-0.962415754,0.523065325,0.747908499,0.216990673,0,Normal
3.768153972,0.841748933,0.780185625,0.309270112,-2.702212305,0.072906131,-0.377137526,1.072601227,-9.780412468,-4.513864535,0.322432155,-2.163090252,-0.731035749,1.445434564,1.438082656,-2.058134856,-1.141237179,0.851192597,-0.166691232,-0.366188011,0.981223926,-0.02903075,2.424901983,-1.920789923,-0.218381528,5.701482272,0.089806767,-1.65476496,-7.580001925,-4.268762827,-0.565420918,0.002998393,2.678536134,1.092981792,2.671427331,-0.699780657,-0.428618533,-0.520838133,0.648127311,0.516174496,1,Intrusion
-1.942926576,-0.853746912,0.220331689,-0.085564253,-1.125209543,0.277960638,-0.77721181,0.792716777,0.214940549,1.92864386,-1.250084999,-0.266700315,1.09616158,-2.074855025,-1.417245954,0.655606703,0.393507744,-2.241591805,-1.12570419,0.206217721,-0.359325657,1.419321889,0.806112,-0.703792605,-0.093137773,-0.569592148,0.595737348,0.63406214,-0.559325248,1.389345702,-0.513336661,-1.0808341,3.968207503,-0.973269847,0.016679538,1.664256249,0.388136914,-0.157814135,-0.5719136,0.142933017,0,Normal
1.189901032,-0.14436081,-0.880261387,-2.624377157,-1.664446315,0.614793491,0.332054836,0.875195644,-2.579667083,-0.86201121,0.024511885,-0.389279054,-1.815803773,-0.158526965,0.430862294,-0.717028608,0.482572438,0.971330675,-0.650008191,-1.259270711,-0.876106453,2.23134473,0.012841916,-1.326762698,-0.842213577,2.301652498,0.099277701,-0.16470526,-3.971489872,-2.114277258,-1.12311275,2.020548051,3.035467018,0.422886844,-0.110712627,-0.017817318,-1.692704493,-1.712150472,0.001680379,0.005544405,0,Normal
3.067350273,-1.527876958,1.285227434,-0.447352313,-0.422825732,-0.649796693,0.352449707,1.455756426,-2.167704852,-1.782446014,1.628772914,-2.268162295,-3.985279791,1.076120722,0.317429699,0.068621862,0.002366,-0.079020279,-0.579786558,0.114511648,0.383681219,0.322479578,-1.370470827,-0.625945022,1.756683656,6.146455361,-0.481814008,0.562362127,0.774523852,0.570181363,1.834291828,1.348526048,-0.434967181,0.922893009,-4.881858423,0.685502608,-0.62552638,-0.242870002,0.354630617,0.08063608,0,Normal
1.311885839,-0.041544376,-0.285859644,0.035662035,-1.673808888,-0.265564684,1.19282836,1.874215931,-1.887704019,-2.308882262,0.627496568,0.931259345,-1.238332232,-0.997942135,-1.168024907,1.035146646,0.139631629,0.101727314,0.376424245,-1.527096261,0.398261739,1.272492979,-1.79526246,-0.159928367,-0.071615593,3.161719404,-0.371910862,-1.905597321,-0.065942249,-0.512325107,0.149617189,1.609589036,1.305649129,0.013533908,-2.518619912,-1.576884171,0.551282228,-0.714217758,0.992680565,-0.888085113,0,Normal
-1.69262476,1.917395408,-0.094442596,1.357291248,1.489523495,-1.673256252,0.869764288,1.787660717,0.330856179,-1.053209998,-2.204360156,-0.30397153,1.695158472,-0.538938885,-0.638555881,-0.591641098,0.185035943,0.796265103,0.535662206,-0.477612868,1.521044764,4.147946622,0.73459714,-0.699306923,0.627995791,-1.310609851,0.958012801,0.782648186,-4.698303453,-0.889259906,-1.335601253,-0.395529693,1.560266433,1.343555219,1.802340567,0.107508167,0.264178518,2.042909107,1.532283131,0.806981734,0,Normal
0.290473244,-1.391682119,-0.866760549,-1.340235114,0.397353812,0.151086147,-0.092907249,-0.910814085,-1.510426774,-1.502059441,0.692405936,2.229567281,-0.952670787,-1.870528372,2.082132449,-0.505831177,-1.449419705,-1.66318736,0.503082238,1.194066206,1.7261772,1.258518226,-1.96005889,1.398919985,0.8400876,2.715191684,-0.907987821,0.908595503,-0.174931336,0.398330015,-0.097995557,0.429883023,1.599716916,-0.810217286,-1.487305259,-1.461451695,-0.782575422,-0.260782925,-0.991233509,1.049392079,0,Normal
2.351335359,-0.553486912,1.453189225,-0.860839368,1.13408593,0.457162071,-0.512567861,-1.007461581,0.822120479,0.70285264,0.594459036,0.391323694,-0.304735617,1.085361058,0.842153112,-0.340958034,0.290029276,1.798304815,0.618724493,0.117564209,-0.169108884,0.600964314,-3.405676254,0.568125327,-0.9123161,1.340403325,-0.8763898,0.946762133,2.379937812,1.383768411,-0.30990734,-0.094116537,-0.249369125,-1.254939129,-2.579459513,0.752901806,0.298042834,0.616304145,1.272305536,-0.616790098,0,Normal
1.213204327,-0.161169239,1.166768246,0.11175297,0.526682363,1.462121765,-0.995469627,-0.660312418,-2.329823771,-2.62714105,-1.564229918,-0.627527197,-3.048505736,-0.113386063,0.538318439,1.77855757,0.641357376,1.080137306,1.68136891,0.863984811,-0.071578042,3.51613154,-0.982589854,1.473504256,0.765174825,3.244658193,-1.326827017,1.011663294,-5.86855762,-2.531144146,-1.062464564,2.093928442,0.686009873,-1.337143158,0.520535144,-0.22218654,0.874683231,-0.028658451,-1.484471401,1.144394602,0,Normal
-1.414549384,-1.456870473,1.363602482,0.426770561,-1.957002707,0.239379297,0.514114447,0.506179467,-0.845140134,-1.191784896,-0.950731208,-0.153374555,2.011240832,-0.195532574,-1.811656529,0.556184299,-1.011513388,0.144758865,0.536272173,-1.113240468,0.883796636,0.749634416,0.080935063,0.76368446,0.503125693,-0.614876499,0.706621361,1.190986991,-1.239261542,0.208580419,0.179032511,-1.519247145,0.647641352,-0.481448194,1.780360486,1.254567239,-1.060942476,-0.663323537,1.646909582,-0.29746265,0,Normal
2.102341099,1.516290318,-0.99392025,1.84187636,-0.829030153,-0.02809076,-0.395774393,-0.515229709,-0.533132018,-0.811221723,-0.425905503,0.082306803,-3.223928056,-3.178382382,-0.539270093,-0.159412119,0.899672586,-0.142751515,1.3142345,-1.590752283,-0.522031281,2.662026232,0.251388136,0.915901045,1.516350363,3.100540264,0.395148981,-1.488043569,-3.313552133,-1.146847386,1.239737682,1.796915721,-0.358329705,0.670121229,-2.155617159,0.470169927,0.580756694,-0.825389322,-0.284757363,0.380275897,0,Normal
2.731708259,-0.253901529,-0.740777502,-1.467082864,-1.456958944,0.872206321,0.101264867,-0.946510125,-1.00804796,0.964071598,-0.673275154,-1.09248648,-0.443606762,0.200037759,-1.160561354,0.246662379,-0.006972369,-0.120594918,-0.245289302,-1.191359046,0.796224648,0.681202825,-1.591257201,0.708624028,1.145446747,-0.497634676,-0.908347129,0.906182481,-0.987325392,-2.774341687,-0.496366651,3.190940792,2.856008573,-0.406071071,-0.113125323,1.048270008,-0.893126721,1.022345573,0.280356625,-1.220050754,0,Normal
2.414765265,-0.933724377,-0.82508145,-0.827910503,-0.944095546,3.08804716,2.114476759,0.842654383,-0.71313104,-0.357674285,-0.849534317,-1.707552635,-1.960155261,0.337836541,-0.782982571,-0.105909685,0.960801071,0.502484143,1.319022935,-0.243549838,0.256414956,2.12438556,-1.532748201,-0.167482453,0.376186685,1.666343627,0.349474003,1.054306546,-2.235221792,-1.76378922,-1.292234495,2.385978587,1.008813887,1.72176051,-1.178529146,1.122742091,-1.11095846,0.517284645,-1.816477521,0.832188438,0,Normal
-0.865058813,-0.508793559,0.000109791,-0.352429636,1.240489011,-0.686838901,1.233534602,0.369722269,-2.517515699,-4.433030788,0.394867836,-0.568394532,-2.521960316,-0.36709892,0.573935803,0.175925555,1.246757317,0.882074772,0.415405625,1.84473494,-0.252436954,3.732821616,-2.013958881,0.403376026,-0.932397455,4.153092362,0.015426445,-1.151753484,-4.484930885,-1.08351873,-1.40154327,1.258319664,0.943924844,-1.793417173,-0.061607554,-1.953920724,0.781906745,-0.25632117,1.106666589,-0.777173013,0,Normal
-2.324399484,-2.073827804,0.662309059,0.214004853,-0.208519657,-0.079055693,-0.981700888,0.635769772,2.636075327,-1.373935071,-1.039248748,1.408157537,2.851800427,0.619682519,-0.6670196,1.948751278,-1.797088312,0.526127509,-0.841385821,-0.705335806,-1.664059546,3.955314277,0.526058465,-0.301163846,-0.058195874,-3.700065201,0.442292423,0.720497318,-3.212727431,-1.072551975,2.299842478,0.063759607,-0.571052231,-0.146715653,1.869134607,1.019762922,-2.836482594,-1.57649229,0.782517713,-1.343484562,0,Normal
-0.227264468,0.536639124,1.270572493,0.44305562,-1.174616349,-2.338810241,-0.365503755,0.470903047,-3.18359764,-2.949770221,-0.62372649,1.554566953,-0.300078668,-1.029451421,0.46578001,0.914306314,0.682140233,-0.405262778,-0.144896009,-1.291348679,1.400314776,0.901171059,-2.365713149,0.142488287,1.089417493,4.129237844,0.164584577,-1.109904088,-0.321956632,1.327273301,-0.219317393,-1.405703493,1.400780712,-0.358623019,-0.786951509,0.399245596,-0.741481483,0.307603452,-0.67635808,0.660633537,0,Normal
1.438518706,0.755287419,-0.086853639,0.130205349,0.903372936,0.585630716,0.656460886,1.436314337,-6.534098065,-3.006142335,0.011537301,-0.643320727,1.256895004,-0.634080885,1.431479802,0.064431385,0.096182345,1.255803626,1.336738669,-0.348237033,-0.080659774,0.191355739,1.260395433,0.780991929,-1.787018199,2.736087291,-1.090107556,-1.231726807,-4.604823216,-2.405835185,0.614052041,-0.726681441,3.065281635,-0.921566715,2.494220255,0.943151522,-0.472889618,-0.888274072,-0.778321547,1.708695096,0,Normal
1.791567661,-0.335601556,-0.094594494,-0.030008324,-0.156657692,1.076109239,-0.61081298,1.212387964,2.595414683,2.249663644,1.606956434,-2.291202588,0.956443083,-0.181731309,0.133047933,-0.017538519,-0.270473608,0.430257477,-0.2861707,0.428086609,-0.397747401,2.632481,-3.400914468,0.108066478,0.930444462,-4.952541183,0.376561037,-0.534998277,-1.599274838,-3.908105653,-0.487883751,4.566931172,2.606341707,0.193100757,1.790513288,-0.979304455,0.771511968,-0.007830019,0.292054058,-0.590766567,0,Normal
1.765598999,0.633196107,-0.973859902,1.941804161,-0.013638922,-1.077909894,-1.641510515,-1.771364987,-8.20105195,-2.217664132,-1.235040288,-0.553043642,-0.698496783,-0.732035638,-1.43505173,0.066625057,0.425538994,0.091071302,-1.266604089,-0.98303967,-0.511444479,1.493584085,2.99600704,1.650605093,0.698179852,6.052897467,-0.504773397,-0.074505093,-7.597502759,-1.175525011,1.335292565,-2.460933682,4.249064375,1.086781526,1.896250612,-0.363538158,-0.724496347,-1.385966577,-1.076048285,0.939444647,1,Intrusion
0.97777312,-0.857615054,1.439007456,1.337714225,0.505260975,1.185158373,-0.041117309,1.052561491,-3.400676093,-2.918482637,0.808835892,-1.050532506,2.54127788,0.67073868,0.27217521,-0.024745465,-0.620124904,0.094678487,0.019063195,0.987785679,0.887874505,2.794683138,2.988403165,0.126672043,0.432393337,-0.555049322,-1.918548772,0.053271391,-6.10073085,-4.016836176,2.917428303,1.169624996,2.308163071,-0.463424982,1.913710124,0.606496037,0.66849987,1.27929203,-1.450962595,0.202626341,0,Normal
-0.00302505,2.694153692,-0.478087725,0.650334943,-1.532212201,-0.197448054,-2.012930923,-1.045317416,-1.813786654,-2.790515331,-1.368201059,0.222321272,-3.181997239,-0.753637479,-1.419423656,0.956430743,-0.807318285,0.035588817,-1.47126445,1.003924562,-1.23174214,2.497020977,-4.04242366,0.701374012,0.736875708,3.967063668,-0.860592522,-1.124697189,-3.1517233,-0.184513292,-1.305629337,0.419054668,-0.139814314,0.936249812,0.783803849,1.709191576,-1.42331223,2.172718452,-0.569844828,0.891497035,0,Normal
-1.039332644,0.448538948,1.991678915,0.149321833,0.069169122,0.032128447,-1.008536317,0.238049124,-3.921270837,-2.810941944,-0.133427427,-0.44468687,0.286011203,-1.197109157,-0.756407902,0.560716114,1.598143513,-1.022547018,-0.219264134,-0.352877375,-0.125239361,4.0127117,3.272822368,2.05158636,-0.11135477,1.719876587,-1.35014146,-1.125985324,-7.833251736,-2.72987842,0.505588372,0.525583333,3.810761953,-0.654775437,1.877228392,-1.214471479,-0.492152509,-0.664590166,0.876609441,0.176619263,0,Normal
-2.696797559,-0.28796541,1.204409995,-0.310590295,0.218485425,-0.712856229,0.115548926,-0.989350906,2.238161614,-1.526463954,-0.35210966,-1.09936296,3.172844273,-1.880128378,1.597688281,1.101619758,2.219513876,-0.747334874,0.374174117,-0.47657378,-0.687359267,2.265566715,2.133765189,1.214360888,-1.228653454,-2.25017806,-0.073703659,-2.627155449,-0.914671132,1.084917307,-0.133814792,-2.00177929,-1.689806943,1.603086628,0.182113387,0.166780504,-0.320101786,-1.154506095,0.022207766,-0.65508581,0,Normal
-0.241052094,0.46632629,1.665640964,-0.393066045,0.0390185,-2.378208105,0.641955953,-0.234153669,-3.661333882,-0.250468647,-0.944415817,-0.494965409,1.293132078,-0.920797954,1.538878462,-0.491109071,0.95901607,0.197080314,0.049746382,1.111561816,0.261888821,-1.548423139,0.271487984,-0.552520104,-1.055195371,0.920556382,-0.175715918,0.408986807,-0.435436056,-0.086474419,0.491723871,-1.364511526,3.016745742,1.51060373,1.945606707,-0.503928125,0.795407401,-0.257625057,-0.03751203,-0.174292011,0,Normal
0.89265357,0.028616244,0.386747262,-1.879840097,0.700533223,1.307532238,-0.046827954,-1.866736517,-4.263695356,-1.366477055,1.726962095,-0.542974645,-0.172804663,1.031030383,0.857881851,0.099639315,2.132502603,1.037731321,-1.859026915,0.466252885,-1.550604289,1.145708201,1.684016558,-0.979783958,-0.290402748,2.283198357,-1.10918198,0.665377672,-5.286457403,-1.636625904,0.361769081,-0.868886983,1.98456469,0.584455155,2.271064434,0.887359982,0.298244357,0.327305131,0.011356464,0.604477885,1,Intrusion
-2.252489805,-0.21039933,1.989143756,1.38320302,0.656432231,-0.097747194,-1.255035331,0.361260356,-1.42160598,-3.15826327,0.528497366,0.846930008,-0.293244306,1.008838873,-1.399051544,-2.249575902,-0.012285928,-1.314863574,1.739041943,-0.079593925,-0.099772937,1.564434853,-3.09355225,1.341481255,0.806216851,1.867163786,-0.020996465,1.585792745,-2.038827203,0.856135554,-0.395316841,-1.696344454,-0.481092175,0.223680622,2.466184574,0.438701785,-0.067340926,-0.422607317,-0.1229885,-1.09069542,1,Intrusion
1.083565546,-0.530851906,-1.873392581,-0.427261998,0.295433763,2.23492926,0.578607629,-1.542709732,-3.70226372,-3.000337032,1.146217885,1.921371447,-0.305425938,1.670319379,-2.283054714,-0.507140687,-1.345766585,1.284087033,1.068388702,0.665339795,-0.61020166,0.009916754,-1.969630846,-0.293580026,1.020708599,3.771648095,0.171867243,0.135745502,0.735774105,-0.194721173,-0.88533014,0.698498847,2.204411572,-0.376433866,-1.910767563,-1.231322062,-0.900176455,-1.219409638,-0.805089186,-0.142756638,0,Normal
3.140333258,0.221001096,0.52168687,0.820607187,1.301583408,0.601090483,2.435954636,-0.143075789,-8.57832968,-2.677212321,2.099525419,-0.261553695,-0.919067611,0.134951669,2.115232167,0.44884506,1.40649089,-0.929475658,-1.246944218,-0.523075996,0.96739369,0.729882625,3.264969003,0.117625037,0.377948941,6.137665507,0.782313424,-1.715337692,-7.039439574,-2.243498835,0.548720054,-1.288240004,3.547495316,0.40152956,1.162996097,-0.601129281,-0.426750712,0.57744009,-0.255545084,1.684683616,1,Intrusion
-0.160560302,0.982582486,-0.279883103,0.304655659,0.268274902,-1.450434807,-0.19239975,0.319134634,1.595105589,1.567788147,0.51687267,-0.593581588,-0.612455425,0.543820331,-0.066349436,0.653524961,0.451660503,2.118145091,-0.702121686,-0.570917007,-0.63469269,0.748130737,-0.226035195,-0.330787954,0.730953344,-1.762285341,1.858952081,0.856791071,-1.735400423,-0.683626298,-0.756745351,0.332332728,-0.622115686,0.062960638,1.895241209,-0.808562658,-0.215703648,1.231054041,0.130247793,-1.442236804,1,Intrusion
0.38121068,0.53268627,0.346443624,1.340032281,0.111000211,0.710690844,0.001289614,0.48546431,-2.89517466,-2.651262826,1.131842299,-0.791931566,0.077212074,1.487610611,0.051451068,-1.02322977,-1.228521484,-0.352732552,0.663049879,1.315990203,2.010269195,1.058114112,1.346946752,-0.112574692,-2.910313443,1.98280344,1.457022765,-0.639279452,-0.84780748,-1.966376696,-1.744801159,2.672470232,3.456911141,-0.654471465,-2.435499853,-0.258107938,0.232698515,1.992545073,0.765689551,0.659109682,0,Normal
-2.915590641,0.389466462,0.63417868,-0.238755199,-0.409590837,-1.371845233,0.05478275,-1.191390415,1.176974858,-0.864505173,0.812150516,0.854467022,2.398644999,1.829598359,-0.117242118,0.638857567,-0.050623395,-1.002615865,0.097365538,-1.654237699,-0.785492275,1.157891891,1.98960795,-0.561095947,-0.125559738,-1.722407458,-0.128019926,-0.157311674,-0.655123106,1.044834285,0.651682852,-1.835665951,-0.362677308,-0.938710497,0.813215011,1.014025359,-0.026449314,0.18672185,-0.309077854,0.093892585,0,Normal
-0.075654967,-1.467007711,0.766630964,-1.383625176,0.212371357,-1.857913575,0.338611384,-0.169500868,-1.975897379,-3.474828218,0.690147172,0.575789986,-0.755323048,-0.225920837,-1.376722541,-0.130987666,-0.813822405,0.227872033,-0.747151704,1.601927426,0.373388758,2.037253358,-2.241416643,-0.233753254,1.445825942,3.325144103,-1.071473359,-1.486303616,-1.135656331,0.146101088,-0.476582633,0.220303556,0.562689723,0.025299468,-1.211184865,0.263719539,-1.239336508,1.113680798,-1.014760383,0.472316528,0,Normal
-0.334711731,2.313870857,0.242030282,-0.672086775,-2.222465956,0.815099424,-0.657171704,2.324476556,-6.324643083,-3.337309004,2.267532532,-0.000941582,0.863115323,-0.860303483,-1.299373087,-0.43596613,-0.797638093,-0.292116234,0.098422956,1.263449081,0.600257284,0.231350459,2.305216729,1.86263974,0.377100221,2.722188521,-1.007768061,-0.477599295,-5.770074405,-1.846417155,-1.049244091,-1.844594697,2.153873234,0.516497989,3.849204324,-0.051957085,-0.782087085,-0.595908408,-0.783328373,-2.622927597,0,Normal
-4.373430129,0.021935093,0.743121709,0.022477958,-0.751679442,-0.074712212,-1.432791567,0.461874137,-0.935865944,-1.014118598,0.699849465,-0.569155546,-1.218664478,-1.314401318,1.174075194,0.782939446,1.512243822,-0.344207146,-0.364932573,-0.47060275,-0.159673724,0.99203468,-0.782666193,-1.384421975,0.009259906,1.866456715,-1.021512174,0.020534314,-3.239702066,2.610689833,-0.267580987,-4.047202666,-0.422666153,0.838999727,4.080838951,1.115759478,0.227487825,-0.137222426,0.797019728,1.395689213,1,Intrusion
-1.700042572,0.063786242,-0.206418167,0.799860018,0.574971066,-0.022021027,0.094620081,0.194865692,-3.101336094,-2.317064859,-2.019501136,-0.508430786,1.304532363,-0.285160525,-0.56578476,0.285056516,0.257526073,-0.855632214,0.285527564,0.135559573,0.281268929,0.491354656,2.239687274,-1.009630571,-1.469807138,1.800462418,-0.702643205,1.536652393,-2.731782023,0.552828058,0.784024579,-2.62458346,0.928319815,-0.446901843,1.542169503,0.807681298,-0.437014055,0.286094546,0.715017934,0.827273163,0,Normal
-3.304823919,-0.409739051,2.035338287,1.571405017,1.53896074,0.947987063,-0.888525002,2.065663635,1.601698673,-1.565274101,-0.123898178,0.214125618,2.172542766,1.327325465,-0.90522173,-0.099907262,1.575189913,-2.614354072,-2.954952048,1.512831155,0.784905051,2.382091397,-0.297591897,-0.96889416,-1.210739615,-1.503886195,0.134701271,-1.901129367,-2.0743816,1.558088024,0.085968672,-3.018003633,-1.788980086,-0.09872077,2.562736055,1.181246713,0.747110392,-1.676619885,0.169188318,0.13313644,0,Normal
-3.485384724,-0.535650521,-0.543692575,1.065936724,0.582022429,0.421029757,-0.666444887,0.892165622,0.6640069,0.646523069,0.4917705,-0.6907831,-0.029293572,-0.356530045,-1.183249903,0.832501956,-0.199933057,-2.005082571,-0.513844095,0.335211538,0.083740313,5.103929659,2.293380324,2.172530707,1.321549244,0.665945495,-0.824933669,-0.467981702,-4.732312244,1.387369757,0.423243151,-1.19613658,4.092494359,0.073053777,-0.27069427,-0.791979321,0.079292673,1.28074479,1.101686081,-1.131490814,0,Normal
3.745860643,-0.319334935,0.1518112,-1.182609308,0.317860621,-1.395057978,-1.790591031,0.305839762,-12.65651942,-6.172062213,-1.124121832,-1.62349232,-0.597531439,-0.115946187,0.184105959,-0.827979488,-0.977373109,-1.136241118,-1.969640344,0.607910502,0.680735,1.541531196,4.433886519,-0.339049493,1.55361581,9.432827728,0.387952905,-0.064706638,-9.798147586,-3.002348853,-0.36222193,-2.094591814,4.251421722,-0.834170281,1.088771486,-0.497279639,-0.28855862,0.469814673,0.380190822,0.417422155,1,Intrusion
3.575896587,-1.023514139,1.772073412,0.307849802,-1.052573874,-0.551612941,-0.601125767,0.355084646,-2.246280476,-1.257452829,-1.43739586,0.785608381,-3.814895936,-0.527838566,-0.371054331,-0.16261655,-1.431774777,-1.012830429,-1.338396348,0.069448563,-0.200255874,-0.361636692,-1.18370635,-0.298461892,-0.043652291,6.045000081,1.602373769,-2.041740769,1.649174659,0.63679904,0.599970043,1.42751158,-0.222557491,0.244794843,-5.330484066,-1.349820006,0.185598049,0.232597792,-0.444042196,-0.866049766,0,Normal
1.176527976,-1.268294012,1.631878063,-0.078034528,0.63918761,0.2474421,-1.282282846,-1.257239884,-7.252542287,-4.657089732,-0.238319136,1.081675584,2.245518341,-1.395859378,0.044716358,-0.216681526,0.237474893,1.205526511,0.727923167,0.303719872,2.216219377,-2.519831303,1.477703394,-0.132628771,0.010499132,3.324682295,1.257756619,-0.726211056,-2.439172835,-1.00569485,0.660291527,-3.291320715,-0.557794612,-0.441068217,3.219141173,1.082083275,-0.012549663,0.117874132,-2.455533067,-0.855303678,0,Normal
-0.913084236,-0.056674081,-0.968259416,-2.052178873,-1.446021665,-0.390523282,-1.496031835,0.395551175,-2.70887986,0.263553797,0.072209462,0.050659939,0.946818596,-1.858102589,1.10505368,-0.992780925,1.576121315,1.840138527,0.185041689,0.03090337,0.422953954,0.548698342,0.928191951,0.492246737,0.392115045,1.100360878,-0.69630911,-1.074309192,-2.208244278,0.478278984,0.574430656,-1.787363742,3.485958583,0.447584864,1.543819148,0.466402894,0.823932989,-0.834313634,0.411635544,0.531249118,0,Normal
0.316754754,-0.003702614,0.275232535,0.48385675,0.993869732,-1.215152124,1.279208317,-0.458449003,-4.076338524,-3.853885021,-1.178284584,1.403173567,-2.122754105,-0.609202201,-1.082289513,-1.898485844,-0.628068071,-1.250669641,-0.560344794,-1.360613141,-0.109069442,3.202088489,1.862906403,0.856993559,-0.019754657,3.157802221,1.776924133,0.594704397,-5.762383331,-4.068786836,0.030590288,4.049247701,3.746813267,0.452014366,-0.778510284,0.324767747,0.217412318,-0.586647251,-0.147918793,-1.367535052,0,Normal
-0.968302716,0.215933235,0.241865969,-1.002407986,0.767026946,-0.526714181,0.261795756,0.560977373,0.181643099,0.860437066,-0.324188105,-1.277966529,2.559354607,0.310419839,0.907478203,-1.236827576,0.664741592,-1.221784346,0.169074023,-0.982489886,-0.496777329,0.451905234,2.650399755,-0.929839942,0.138848709,-0.073728386,1.434034309,-1.994724493,1.216918112,2.278971132,-0.225355361,-2.396685253,1.67276761,0.886804974,-2.021640285,-0.492091271,-1.353391571,-1.185909401,-0.292078932,-0.354443424,0,Normal
0.43444885,0.801236818,-1.900554662,0.05754772,-1.125556497,-0.157430582,-0.51739814,0.176331177,-2.499052203,-3.55714306,-0.967290063,-1.226113739,-0.525615684,-2.125922161,-0.888408067,2.312723916,-0.911010561,0.301523388,-0.56546184,1.379017413,-0.075272011,0.984968121,-0.198908993,0.294200578,-0.655351799,3.882339849,-0.584465327,-0.460721298,0.61842195,0.10911645,-0.321075246,1.004579812,1.281460216,0.458678905,-3.660634872,0.667125532,0.524803833,-1.699021569,-0.180930154,-1.407374819,0,Normal
1.90061913,-0.971085358,-0.324013548,1.641857968,0.523814227,-0.561915835,0.453516891,0.243888849,0.034509973,0.323975013,-0.551444538,-0.341457221,-0.138915181,0.445148404,-0.902958742,-1.145841248,-1.481687044,-0.571901352,-0.152914469,-0.796232707,1.299464702,0.932654194,-2.880070191,0.237937981,-1.431728172,-0.070508996,0.717352329,0.541636723,0.753712365,-1.114031361,0.32919888,2.230474919,1.824254009,-1.078385214,-1.159492644,0.291577166,-1.962963002,-2.381608182,0.273523961,-0.1883333,0,Normal
2.041820501,-0.490731167,-1.386131652,-0.351952037,-0.456401936,-0.077636262,0.452265128,-0.584344085,-6.142991509,-3.795226867,0.384694637,0.560786852,2.875371595,0.643645949,-0.053123373,0.022736171,-1.067590997,2.498780682,0.689039457,-0.24405265,0.35732747,-0.537472862,4.917357824,0.59031408,-0.072553686,3.257789608,-0.436370166,-1.038896773,-2.267832661,-1.260431524,0.517947162,-1.609688724,1.544921858,0.036064923,-1.310542429,-0.512307513,-1.412602661,0.260953055,0.253833469,0.504747216,0,Normal
-2.98860833,0.382787982,-0.573817434,-2.578886578,0.700070632,0.656412087,0.808768449,1.043954707,0.202106176,-0.306864507,1.070780558,0.677063959,1.288722159,0.979417218,-1.098618988,-0.194787883,-0.271590919,-0.823940961,1.729080507,2.207128345,-0.300027663,0.476578927,-1.5873837,0.451849829,2.19684953,-2.256298025,0.62314242,-0.818875489,-1.60443878,-0.135955559,0.780136534,-1.056225881,0.764509017,-0.512885947,4.432880695,1.145575426,-0.417409115,-0.938728332,-0.395626171,-0.485452168,0,Normal
0.608544888,-0.317197823,-0.481543441,-1.32293248,1.7815508,1.004109893,-0.827033389,-2.492016333,-4.149344951,-3.063737077,-0.553345415,0.364028586,-1.114835474,3.143055098,0.348116451,-0.150521595,-0.762878215,-0.500637096,-0.250793519,0.559482558,-0.785566197,0.692000314,-2.29709677,-0.430008817,-1.813135368,4.350560112,1.92067284,0.703702203,-0.890891488,-0.274418104,0.908071513,0.46801321,2.579433173,0.865465663,-0.863943933,0.15248445,-0.494902286,-0.549024552,-1.047030735,-0.950573211,0,Normal
4.04411852,-0.839531547,1.495905711,0.313205491,0.783074951,0.703662232,-0.127506517,-0.229719538,-11.72551606,-4.537909362,1.915681805,1.043763406,-2.907011304,-1.160005501,-0.632514449,-0.573240723,-0.536420073,-1.624830622,-1.369782591,-0.474644363,2.648978636,0.504938526,3.896510871,-1.069123213,-0.016042274,9.006691504,-0.249641071,0.931057414,-9.875162284,-3.596489418,-0.77145555,-0.960898454,3.39991511,0.51237905,2.08815019,-1.964861126,-0.360957208,0.017758819,-0.686529272,-1.007664637,1,Intrusion
0.443854349,1.733909573,0.188350144,0.044070265,-0.027767918,-0.048735024,0.684480097,0.260381284,-5.234934988,-2.888983429,-0.044223947,0.246152031,1.194076774,-2.610756014,-1.084968862,0.721353472,-0.013506268,-0.642819905,-0.23033125,0.437648845,0.924259811,1.0257401,1.237881676,0.143446142,-0.587223376,2.616113374,0.371228684,0.892151483,-4.498191108,-1.351041383,-0.858322297,-1.402821732,2.404601742,1.206804775,2.077147148,-1.009330144,1.48191252,0.431109998,-0.618595183,-1.010367674,0,Normal
0.631084737,-0.573455867,-1.030222535,1.41801781,0.728925222,-1.447156158,-0.388443659,1.041532253,-0.963452334,-1.01651585,1.402875869,-0.198638457,-0.762183926,-0.843656428,-0.007133398,-1.675266892,-0.193914732,-0.562471566,-1.394200527,-0.237854867,-0.494891907,2.498800864,-1.912308333,0.263876449,1.38577242,0.89287007,-0.291735729,0.556487098,-2.470666785,-1.548389134,-1.614008885,1.84029519,2.13787636,-0.635375787,0.094604956,0.573472728,-0.460959297,0.110703571,-0.266840839,0.843006273,0,Normal
-1.437686176,1.502519598,-0.105035034,-1.489425392,-1.802900578,1.459493473,1.65070162,0.098885774,1.518135296,-0.098972838,0.164984091,1.573928362,2.839262589,-0.331169533,-0.247409211,-1.075993306,-1.267289169,-1.753989225,1.291269308,-0.901854769,0.085207019,2.38852789,1.359504543,0.888366652,0.65686408,-2.478512898,-0.931189635,-1.695270116,-1.210588667,-0.047306572,-0.17336737,-0.466496306,0.996891937,0.658468463,0.163858521,-1.17599863,-0.477766749,1.121501771,-2.26647026,-0.648937781,0,Normal
0.245195977,0.536442564,-0.074909633,-0.059404059,0.686327859,1.176688887,0.313159742,-0.540777755,-2.795834496,-2.51128453,-0.090630664,-1.241923251,-1.921311858,0.07466884,1.263277194,-1.404723421,-0.164692569,1.250769816,-0.542377203,-2.051782167,0.562269772,2.612107052,2.306200322,1.230682345,0.738857491,2.846940274,-0.207428789,-0.691612982,-4.045333241,-2.621161693,1.402774788,3.105493901,3.135241432,1.102813603,-1.844121427,-1.331581129,1.44674424,1.53423142,0.93194145,0.847492983,0,Normal
-0.190746306,-0.903135858,0.240754873,-0.260946188,0.513970914,-1.141953211,0.505450365,0.215779527,-4.443802252,-2.644659071,-0.836658168,1.236252727,0.88219214,-0.759891422,1.688173614,0.733907669,-0.947784009,-1.490650208,0.402570116,-0.196885608,-0.384870769,1.979873838,0.889430007,0.609292857,-0.027985876,1.806930456,-0.239939277,-0.882135187,-5.478855792,-1.859261109,1.7167893,-0.696176296,2.765123964,-0.751786474,2.742838844,-0.349554485,-1.194498425,-0.711667825,1.844676529,-0.709607201,0,Normal
2.514871126,-0.440719839,0.51053181,-0.598681409,-1.547671545,0.261963863,-0.193588808,-0.903140589,-1.32640397,-0.245458444,1.552124805,0.953376171,-0.978754051,0.436253437,1.351737869,-0.310804887,0.031036573,-0.524878014,0.824182171,0.549404924,1.004363439,-0.136676799,-3.460152905,0.353902277,0.104356572,3.327858534,0.499533567,0.307572492,2.369537006,1.414021949,-0.24445127,-0.19790381,0.733941761,0.343125092,-2.809533324,2.124039663,0.69347454,-1.162033955,-0.398208529,-0.246751764,0,Normal
0.716129255,-0.986247397,-1.959518578,-1.270095337,-0.046322069,-0.674336277,-0.18347365,0.730858926,-2.727442079,-2.182854024,0.483331139,0.544271862,-3.016553155,-0.042270842,-0.665052773,-0.445154154,0.435862626,0.308463499,1.365836831,0.667551286,-0.44463751,-0.00416165,0.371432439,1.415582928,0.508215662,5.036260098,2.287533409,-1.593650615,-1.93470322,0.835037948,0.010743215,-1.281201639,-1.645046181,-1.17687385,-0.805483802,1.508075811,0.107613994,1.664684479,0.908927173,-1.874262203,1,Intrusion
0.460479556,-1.315365466,-1.641725276,-1.570031811,-2.166645628,0.741377772,0.641960775,0.341180997,-0.160098596,-3.962573688,1.349572403,-0.371020132,-2.412052329,1.117913383,2.865620975,0.65026902,0.389936944,-0.737353077,0.767462313,-0.032382514,-0.232741136,3.621185228,-0.701699849,0.188403052,1.251700363,3.202737717,1.298287014,-0.039309798,-3.640556995,-0.81881045,-0.701731158,1.034303816,-2.737466752,0.653769267,-1.531480143,-0.852942311,-0.932052303,-0.445814848,0.340591302,2.55998073,1,Intrusion
-0.007975488,0.446259484,-0.606400772,1.059051221,-0.194616845,-0.579593176,1.2604001,0.817254822,-1.318705374,-1.297834572,-1.011163484,-0.314634522,0.948754429,-2.020046923,1.506055582,0.045505978,-1.533281534,0.167503842,1.159371132,0.82659655,-0.54984209,2.666019039,-1.807748963,0.294700638,-1.588358979,-1.011344351,-1.7938018,-0.595068925,-3.406142537,-2.710168201,-1.247507787,2.043612918,3.117962224,-1.872637234,2.07173829,-0.719119401,-0.266165216,1.031986318,-2.149399135,0.159145642,0,Normal
-0.585544044,-0.946668871,-0.99092007,0.452846271,-0.314468432,-0.050788469,-1.05801638,1.544116697,-5.746949621,-2.181447515,-0.775028345,0.481082226,-0.456227507,0.106106339,0.934173699,1.330870275,-0.255013515,-1.551934954,1.319839729,1.03730181,-1.223015747,-1.175932402,-5.14046588,-2.005320365,-0.805911345,5.092024145,-0.67506982,0.858667713,-2.068547897,2.792746312,0.575761376,-5.82430489,0.399631091,0.424188155,5.156815617,0.240467794,-1.360161665,1.564659287,0.336334896,0.975749288,1,Intrusion
-1.517259873,0.481603657,0.178078737,0.892832869,0.588953828,0.944575262,0.18544916,0.209021355,-4.177271672,-2.061399036,-0.279187587,-0.116012259,0.149547872,1.091213776,0.622244991,1.118793295,0.810101515,-1.085017533,-0.492191967,-0.359326551,-0.482778016,1.230732246,-0.502195803,0.81528498,1.584678803,1.457023933,-1.033417549,1.208769202,-5.428957909,-1.250806587,-1.206848738,-1.439650549,2.483563473,-0.793099121,4.857513429,-1.510962845,0.11329351,-0.367167136,-1.364731853,0.442038199,0,Normal
-0.481017268,-0.102081398,1.095995957,-1.042094254,-1.108694013,-2.299601152,-0.287611791,-0.797152736,-4.072840764,-3.970092277,1.146826347,1.46983395,0.993809806,0.043945607,0.106357738,1.830906619,-2.114049106,-0.110055722,3.479415647,-0.702762922,0.542345016,4.655127988,3.27134658,1.677245928,-0.317613421,3.121990691,1.070203193,-0.537567924,-7.874564436,-1.289988942,-1.211262486,-1.587475697,1.869126598,1.103951126,0.957029209,-0.939676571,-0.717596045,-0.055419019,0.49464081,0.587424693,0,Normal
1.593187032,-0.055422267,0.227049029,-1.049855368,0.121331529,0.16263524,0.254632266,-1.377089041,-0.851012476,-1.498840454,-0.189837332,-0.721171603,-1.197500924,-1.091692451,0.732623608,0.923119854,1.777575096,0.131187275,-0.725419813,1.910674971,-0.326714755,1.058440819,-1.795476849,-0.763298837,1.030124384,2.70017244,0.358230949,-0.656864092,0.27213083,0.167306623,-0.040511457,0.733474951,-0.115109351,-0.058850166,-2.370578971,0.965835666,-0.130248521,0.207709885,-0.768240995,0.093783821,0,Normal
-3.891875805,-0.662882773,-0.137853052,0.463748564,-2.07289274,-0.390879816,-1.903676992,0.834266368,0.316993655,-2.114022013,-0.609696514,-0.464998479,1.309325259,-0.408910535,-0.158144768,-0.803934791,-0.232952779,-1.498869609,0.915590539,-0.36646084,1.727920562,2.616393056,1.970167177,-0.984596111,2.118262142,-0.772319285,-1.490019802,2.807001274,-3.874556814,0.438548923,1.173985938,-1.997528136,-0.442959507,-0.36433429,2.519061715,-0.480319185,-0.375148144,2.585259569,0.788840792,-2.295067204,0,Normal
-1.013048539,1.647280291,-0.128426831,0.859525429,0.058534216,0.959344401,0.790143938,-1.403163303,-6.624497866,-1.234450544,-0.148737888,-0.873564802,-0.699781872,-0.550218767,-0.384540211,1.335456256,-0.03303241,1.274542225,0.425666999,0.362027815,-0.082440341,-0.190453252,1.322815294,0.983516819,0.109642259,3.088086063,0.246827231,1.295274141,-5.536554261,-1.49031962,0.598032442,-1.218925403,5.036343658,1.609481819,4.35220704,-0.437091783,-0.168067135,-0.111319085,-0.442016252,0.443140076,0,Normal
-1.133544567,0.174951153,0.177628622,-0.220646064,-1.516349108,0.632059042,-0.235414693,-0.793462536,-1.537365576,-1.411055429,-0.675228119,1.250853518,1.982252483,-0.628648286,1.194647965,1.481738851,1.699187552,-0.768959627,-0.851359757,1.996474567,0.067290517,1.62315235,2.740957588,-0.229734666,-0.791098382,0.970477321,-1.624788772,-0.638294055,-2.182276894,0.809865417,-0.532348382,-2.203634696,1.168482173,-0.607064631,-0.236399171,0.747693001,0.353281998,-3.133452731,-0.503129725,-0.132089257,0,Normal
3.334266835,0.641798627,0.076012408,-0.835345039,-0.093745106,0.473981407,0.563106969,-1.133811614,-8.658628296,-1.822526303,0.631186778,-0.624977227,-0.532599185,1.015098818,0.454204104,-0.464622057,1.48997761,-0.733997376,0.771076622,-0.694363079,-0.230933746,-1.811994286,5.633842257,-0.89113637,-0.883312138,3.937144441,1.579095816,-0.311994318,-5.473160654,-4.278810229,-0.184871753,1.040973279,4.254963383,0.168894215,1.25488977,-1.357668277,-1.371286508,-0.376549474,0.588897588,1.641235808,1,Intrusion
3.112392279,1.766103678,0.057777038,0.522348101,-0.532772621,0.088141959,1.442224578,0.969478747,0.663520617,2.681464622,2.900361833,-1.52203812,0.598084153,-0.478522878,0.217244116,0.107925928,-1.636851397,0.205580829,-0.067113635,0.466031833,0.070098086,1.263217624,-2.559313178,-0.490231649,-0.935017687,-3.171523858,0.64617186,-0.078736856,-1.502300444,-3.37841256,-0.232035191,3.336812814,2.792739082,1.016809941,1.55323944,-0.568620088,-0.18640439,-0.279087193,0.94469194,0.359140551,0,Normal
-3.135295856,-0.418571746,0.870727475,0.284854611,0.090447318,-0.134725285,0.133712586,-1.184837646,-0.251793473,-0.049798932,-1.354622016,-1.295395011,0.942976118,0.131200945,-2.152796485,-1.135440415,0.974571658,0.480919876,1.063280094,2.288041272,-0.336812027,2.49597429,2.388865197,-1.90731537,-1.079903072,-1.1855014,-0.229870751,-1.346398435,-4.14913358,-0.421064497,1.933450598,-0.671162961,2.668663675,-0.041162069,2.355493831,0.220694578,-0.774060993,-0.477048786,-0.107494688,-1.002016859,0,Normal
3.836673435,0.055851411,0.252585147,-1.762570373,2.555153986,-0.51528173,-0.600314215,1.682907124,-1.068972582,1.050480924,0.397649784,-2.613959893,-2.181447976,0.511543606,-0.71158306,0.528082551,-0.181707465,1.164955642,1.454466103,-0.43346435,-2.110093254,0.100595435,-3.067335368,-1.500468723,-0.945744809,2.105489092,-2.203300365,-0.90447292,0.338445422,-0.933089205,1.851747609,1.944325215,1.0814054,-0.324420814,-1.599871816,-0.947951391,-1.390792413,-0.576921709,-0.517006878,0.125445326,0,Normal
-3.863927777,0.708050041,-1.690426548,1.114744148,-2.902766147,-0.102394965,0.599620963,0.716125893,2.063108154,-1.05417601,-0.079445842,-1.053349991,2.055283848,-0.034156171,-1.20267057,-0.13905298,-0.337341006,0.13624328,0.148962871,-0.934024423,-1.305287438,2.09311585,0.478239814,0.637220276,-0.269632214,-1.635980671,1.261975181,0.491087261,-1.393528553,2.025021397,1.175558757,-3.029741016,-1.521438247,-0.383685086,1.951574293,0.602781115,0.296370994,-0.712027047,1.296227621,-2.264353169,0,Normal
0.978539397,0.078795454,-1.68492087,1.868133926,1.745587704,0.609845763,-0.905804167,0.150650346,0.155666802,-2.061447034,0.234232044,0.675749416,-1.440507474,2.409885719,0.218198986,-1.135643832,0.300186054,0.082233212,1.950443903,2.092194414,-1.413305498,0.349369219,-1.839617116,0.083077114,0.857007588,4.398926005,-0.359796141,-0.039526737,4.416302176,2.689261415,0.314121027,0.279507103,-0.743659798,1.153538372,-6.450821208,-0.9232836,0.705262628,-0.093716225,0.182891277,2.294062449,0,Normal
-2.842581328,1.086603311,-0.707876039,-0.066132954,1.208505727,-1.533847845,-0.459671594,-0.383401684,0.38614985,1.071138441,0.740243789,1.014828917,1.523015185,0.208747636,0.421259102,-0.909228892,0.448566516,-0.486379755,-0.026639005,-0.35307729,0.526382127,-0.747891462,-1.32172552,0.448802056,1.487269089,-2.073243342,-1.782978654,0.896687162,0.330147612,1.230093758,0.174592053,-2.060428571,1.108512849,-1.260645388,3.596797654,2.241638921,-0.112404677,0.003670354,0.152119775,1.43984869,0,Normal
1.671036665,2.601697867,0.797397602,-1.534104775,1.585735605,-1.306213228,1.238397918,-0.619938761,-5.362468194,-3.211905099,0.175805633,1.243353283,-2.798359349,-1.329219946,0.40513691,0.156346145,0.087930168,-1.214830187,1.637484189,1.593617788,1.527449221,1.567042931,0.224045435,-0.09609924,0.522351565,5.414405101,-0.404116589,0.170661221,-4.548837706,-2.098247489,0.870320206,1.497228311,2.587688739,-1.518718304,-0.551318207,-1.174437469,-0.431850665,-0.636651154,-1.140348764,-2.189808666,0,Normal
-3.011307754,-0.667225679,0.486620663,-0.420144917,1.214312676,1.129212308,0.247224937,0.797482682,6.349903651,-0.635131625,2.638279164,-2.254132123,1.075887909,1.133815381,0.003328516,0.932295462,-0.050391518,0.143930368,0.15085121,0.52296112,0.557680509,4.724953285,-1.787152417,-1.901520083,0.816178976,-4.57412289,-0.010020315,-1.351194394,-1.779446027,-0.117323619,0.454129199,0.855027056,-3.260893369,-0.726613369,1.131803065,0.011299211,-0.415745002,0.390024278,0.443391484,1.478013423,1,Intrusion
-0.934849837,-1.427111384,0.726295927,-1.252275164,0.374524324,-0.515797568,0.707950624,-0.737351519,-1.334909444,-3.232357558,0.457040968,-0.074146261,0.315201853,-0.099944161,-0.477589999,-0.522750646,0.787225712,0.120420413,1.557073959,-0.433757489,-0.42136795,1.762514336,-3.198909864,-1.344539085,0.857112784,2.398489545,-0.994852081,0.773398495,0.296467962,0.922669896,0.869584399,-0.321379805,0.925902823,0.321782651,-0.962368491,-2.4924944,1.7755627,0.102125408,-0.677335824,0.430489956,0,Normal
-1.4996553,-0.299922288,1.305971478,-0.497736088,0.045392214,1.29908893,-0.252908413,0.771314532,-1.597180747,-1.265980408,0.589575685,0.006905665,1.048646046,-0.609016164,-0.34966548,-0.029185837,0.960622133,-0.76969954,0.204460052,0.965533805,-1.291413532,4.231690023,3.852904622,-0.695067875,0.197200614,1.284479403,-0.388916244,-0.647881076,-5.153765431,-0.376110213,0.610531466,-0.568486468,3.55758587,0.222819676,-0.778547695,-0.013030237,1.134933408,-0.121344135,-1.029916168,1.06954301,0,Normal
-0.067799631,1.618413558,0.643626368,0.978155415,0.183716243,0.283695023,-1.64067486,-0.945802624,-7.087495699,-1.796111214,0.168189877,-0.470805611,-0.021989659,0.129806525,0.566380235,1.285602153,0.769208737,2.603764262,0.755952522,-1.016209138,-0.860808586,-0.756318079,3.496382217,0.066938239,2.272846789,4.216162032,2.423659851,-0.196592069,-4.090718378,-0.834946213,-2.496891983,-1.643401229,4.537921199,-0.274382921,1.552147304,-0.738319936,0.668018105,1.137782672,1.364776595,0.555151161,0,Normal
1.88566731,-0.996864907,-0.737334605,-0.15002889,0.862474197,-0.122022772,0.340888237,-0.346101406,-3.091056707,-2.484686155,-0.619360981,0.321504933,-2.894043326,-0.790422527,2.330311331,-0.522077668,-1.313112034,0.119111655,-0.227620724,0.490336533,1.742004689,1.667413899,-1.401739836,1.070093477,-1.002983836,4.634644127,0.45213284,0.306833481,-2.39989732,-1.168597773,-1.184899106,1.725452437,1.25225078,0.760424575,-1.769988048,1.068617693,0.681114089,-0.007916894,-0.314791933,0.669269712,0,Normal
-2.640231214,-0.231178433,1.547629,-2.376073902,-0.342942966,-0.080224629,0.832743623,1.426913812,-1.165507567,-2.163439244,-0.677691061,0.490598989,0.142454281,1.468615458,-0.264889792,-2.325978092,-1.081432692,-0.127808149,0.837875016,-0.0547986,0.059435054,3.381041117,-2.683022503,-0.19409371,-1.184025613,0.633321205,0.001338726,0.735050521,-4.90667889,0.036257142,-1.477972059,-1.652136976,1.045376066,-0.241143087,4.161983507,-0.907265237,-0.216504626,-0.950131895,0.80762757,0.282784019,1,Intrusion
1.711963879,0.696954539,0.970333667,0.276518514,-0.472184852,-0.557106738,-1.511752607,0.103105346,-4.699152239,-2.655677652,-0.348832953,0.255854714,0.072164903,0.292019625,0.450247286,-0.58075511,-0.060964374,-0.771997466,0.472982086,-0.054327044,1.301550663,-0.739189105,-2.975769249,-0.946710832,-0.693631527,4.301599355,1.601951855,-0.188732576,1.595505252,0.216854017,0.037147223,0.142810703,3.100770453,-0.095552477,-1.789359881,-0.197361754,0.51003121,0.658186591,-0.093666274,0.205999932,0,Normal
-1.206427746,-0.920498005,0.342140975,1.093838442,0.289134456,0.900337334,1.049861012,2.293576748,-2.823867559,-1.650956547,1.610432994,0.906761592,1.129375881,0.211704935,0.275325062,1.359918035,0.18608845,-0.136388341,0.185557076,0.212077866,0.790395213,0.077994639,-1.125930191,-0.097779874,1.658788167,-0.19354504,0.213681721,-0.705637602,-3.011611115,-1.19093448,-0.293195827,-1.085299978,1.331053418,-0.300573254,4.504467761,-1.710145793,2.041148068,0.033328485,-0.494318033,0.950647988,0,Normal
3.321217363,0.458967366,-0.504199421,-2.201501549,-2.209045699,0.510942633,-0.480148847,0.039775865,-3.151729703,-0.155857183,1.168659135,-2.106134714,0.54445583,0.634053436,-0.441493825,-1.076308941,-0.612707341,-0.511821615,-0.768544354,-1.03013839,-1.440653603,-0.061110058,-0.500263164,0.553818135,2.278621753,0.534234691,-0.590501939,2.133263255,-0.346443228,-3.192354178,0.108782584,3.393867017,4.381615988,-0.167875229,-1.222799897,1.116192274,-0.157701772,1.148864713,-0.287307537,-0.194621901,0,Normal
1.784188953,1.708071322,-2.182312706,-0.360549802,0.351392429,0.656093945,-0.457724831,-0.03544713,-0.16609939,0.255728035,0.892249586,-0.260248087,-0.626174079,0.328419579,-1.856497005,0.552370411,-1.48990438,-2.128969209,0.440980409,-1.040148842,1.162785716,2.365483724,-1.680664728,-0.452860879,1.005067332,-0.248399238,-0.586772699,-0.975320442,-2.213626554,-2.26299686,-0.353307247,2.716996902,2.193488439,0.903250825,-0.189645476,0.635072879,0.607914234,0.653097721,1.810996676,-0.66394549,0,Normal
-4.19941095,-0.715812614,-0.073389755,0.076036753,0.924178772,-1.764738907,0.375391799,-0.100217225,0.166935918,-1.401073746,-0.364046869,1.45214658,0.909352338,-0.517403366,0.349788837,0.012490724,0.171909711,1.084270333,-1.197665905,-0.092185696,0.648629395,1.515788971,0.944011595,0.040527919,0.739190946,-1.261007402,-2.282919165,0.263603979,-3.260687563,0.323029614,-1.092505695,-1.812615586,-0.022608184,-0.30315826,3.779114584,0.637540432,0.631525292,-0.510651866,-0.476862912,-1.216519147,0,Normal
-1.858803189,-0.833322317,0.910990589,1.346377566,1.20041542,0.614248661,-2.414568483,-0.32505767,0.571090436,-0.142355519,-0.437125771,-0.75117445,1.632977559,-0.461515203,0.519110852,-0.466793887,-1.041963699,-0.092547813,0.314653154,-0.38868777,0.870092807,2.017008397,-1.448675812,-0.565781024,0.968463391,-1.307301306,0.91976388,-1.001000516,-1.438897906,0.543219733,0.040578514,-1.142035763,1.37413441,0.840220036,1.927045013,0.270992058,-0.191253788,-0.740477689,-0.095836457,0.684371789,0,Normal
0.194363974,0.304300263,0.537560806,1.034472439,1.938899178,-1.151663612,0.04207141,0.797520806,-1.119212114,-1.850334148,-0.714401886,1.020860148,0.051243469,0.082130226,-0.10240993,-1.035336102,0.971973462,-0.216000303,-0.239081202,1.565232481,-0.046830187,1.426573559,-3.652953594,2.608043046,0.844159064,1.879667373,0.45363955,-1.359281453,-0.023782789,0.624158115,1.553622801,-0.366948503,0.767524897,1.773603152,-0.203450772,-0.033897434,-1.522521535,0.401794983,-0.061302986,-0.459147922,0,Normal
-0.836998214,0.739794137,-0.506112124,-0.870488893,0.343968239,0.110548143,-2.076241072,0.19377446,-1.693144229,-3.169906158,-0.313556742,0.33698327,2.702736047,1.078023964,-0.680152581,-0.382384898,-0.765840537,-1.035133886,0.959680534,1.653697559,-0.293011358,2.523620569,4.17605664,0.849283385,0.372391354,0.193273261,-0.260509902,0.194684087,-3.943032512,-1.032875798,-0.719103351,-1.120678962,0.130252981,-2.890787415,0.010172677,0.447288705,-1.42660925,-1.234088291,1.760220044,-1.565931793,0,Normal
-1.440489374,1.340881212,-0.359391595,-0.1544753,-1.859840138,0.322459032,-1.694648587,0.516197174,-0.748136867,-3.107336041,-0.552207905,-0.147249982,1.835459087,-0.60928107,-1.954571549,-0.014051283,-0.327146019,-0.843248687,0.006028324,-1.445145064,1.478395981,5.242344013,2.646416885,-0.348851705,-0.350556868,0.388196117,-1.044252156,0.075220951,-6.058585429,-1.039896622,0.953224834,-0.660451878,0.961459873,0.989271944,0.288142872,1.727193616,-0.789652721,0.532467491,-0.114215563,-0.600472415,0,Normal
1.125748431,-0.31380171,0.558581044,-1.090250316,-1.17387728,-1.366361376,0.070053223,1.053257268,-3.03244986,-2.883817651,0.661685311,1.302276245,-1.347280059,0.457511516,0.993478973,-0.720939993,1.299726868,-1.625899047,-0.326352717,0.802222672,-0.375708675,0.904537492,-0.199207068,0.22943476,-0.542687844,4.607089018,0.464416547,0.622954408,-0.005217476,0.052744331,0.461556733,0.96718284,1.674401147,1.269462379,-3.568082558,-0.278835534,-0.720561533,0.087001291,-1.008115524,0.470313556,0,Normal
-3.833469879,-0.289739428,-2.136310382,1.309170973,0.656443658,0.966933304,-0.14811053,-1.010664026,3.894590609,0.8668654,-0.674495501,0.126217277,2.424000686,0.057258519,-0.967184271,0.172924549,0.476777408,-0.019316502,0.869687429,0.403413869,1.737654116,1.51724885,-0.232858474,0.585897172,-0.148703442,-1.79796345,-0.250084793,0.465195251,2.232872753,4.301189771,-1.247407943,-3.688822232,-1.100810632,-0.140229785,-0.600305589,-0.371488632,-0.637191238,-0.481041651,1.208015035,0.550177666,0,Normal
-1.977266556,0.900435628,-0.360428897,-1.154954041,0.298672614,0.198088936,0.738251043,1.86716509,-0.635452869,-1.69536604,0.898461326,-0.249507713,2.223108905,0.254816668,0.894286979,0.645200389,0.650789572,0.095480073,0.988464792,1.229207824,-1.994448872,1.448828899,2.655105485,-0.715067744,1.732941182,0.761481203,0.167146624,-0.794511241,-1.523951564,1.827802706,-0.841444959,-3.279203287,-0.372113201,-0.27342044,-0.098272986,0.47705571,0.328680991,-0.991761787,-0.575352359,1.042200781,0,Normal
2.027696518,-2.052953209,0.528811788,-0.730294727,-0.126633767,1.184634427,-0.322671492,0.374140161,-4.06302348,-4.139773999,-2.41267171,-0.382219,-2.444531383,-1.292059096,1.289999715,0.322433859,-1.825165534,-1.122934599,-0.740075567,-0.364517865,-0.3720454,4.54763912,-1.032622791,-0.908685076,-0.1336677,6.267025085,0.126488264,0.222798534,-8.035901105,-0.300281292,-0.925552608,-2.355406296,-1.715191412,-0.825320024,1.088640347,0.474501152,0.484573866,0.256609019,-1.521257374,-1.286309877,1,Intrusion
-1.901668354,-1.30944608,-0.78206367,0.166070549,0.818495685,1.613747137,2.136793933,-0.094388391,2.414885256,-1.855699439,-0.837709797,-1.268753583,-0.197621019,-2.320561275,-0.366439912,-0.792788325,0.747399454,1.524707997,-0.259837842,0.261619081,-0.852040806,4.543722416,-2.946783398,0.471800885,1.184348402,-0.836048551,-0.046120597,2.263036095,-3.940253374,0.045235536,-0.437843206,-0.561001129,-2.126413346,-0.78053594,2.288528911,1.212362294,0.468189421,1.601343845,-1.906298159,-0.219210012,1,Intrusion
1.77275806,0.376599796,0.538097959,-1.67806439,-0.695996109,1.4746497,0.8542221,-0.525085732,0.283954319,-1.379952961,0.745645106,0.435670037,-0.827975595,0.180387728,1.194083936,0.983282467,0.70280649,0.391892548,0.521805432,0.304421264,-0.178137186,0.705518598,-4.374142391,0.898044066,-0.254731639,3.09067441,-0.410557178,-0.94926716,2.95965828,2.160506754,1.966152663,-0.555206169,-1.417885514,-0.833843773,-3.333484689,1.538516351,0.928085499,-1.08562589,-0.636421505,0.197582952,0,Normal
4.649046182,2.18557193,-2.660626392,0.875618544,-1.431295345,0.718922231,1.351620262,1.366775385,-3.677202731,0.404042612,0.107538266,-1.90842734,-2.131490342,1.017366068,-0.089757667,-0.742465343,-0.217443069,-0.38262709,-0.206860066,0.330858087,-0.043559622,-2.436905657,-1.710580167,0.288785708,-0.196473873,5.153892958,-0.090267195,-0.43103345,3.202284149,0.702834996,0.350703148,0.56948486,1.682819376,-0.233851806,-4.164713185,-1.585615313,0.14369215,-0.475228475,-0.411741517,1.80323173,0,Normal
0.808081343,1.014762514,-0.608116141,-0.191195323,0.707407484,-0.741868942,-0.064795955,-0.481463805,-4.619917547,1.185324423,0.783947297,-0.063866093,-0.453761162,0.168258452,-0.417442598,0.488746545,0.479171714,0.176312697,-0.238998581,-0.000200807,1.496482338,1.182659958,2.778080876,0.788017331,-0.533166292,3.662948221,-0.824907519,-0.178523468,-4.661892315,0.54868277,-0.238519767,-2.49163272,4.659091597,0.504392173,0.720406388,0.725407114,-0.547742348,0.275115318,0.061287181,-0.533702413,1,Intrusion
-3.006144454,-0.040789463,-0.807615758,1.767816941,-0.633918366,-0.65951929,-1.228269986,-0.629710641,3.25663938,-0.811753412,0.658538137,-0.328543097,2.981638107,-0.352668391,0.704136642,-0.996936059,-0.68282891,1.177437146,-0.924289947,-0.488026188,0.652641863,3.547780675,1.676151017,0.164300825,1.355081003,-4.135964978,0.743967722,-2.284017076,-2.598249088,-0.554675084,1.290582569,-0.231737204,-0.670444066,1.287445047,1.497388891,0.316412115,-0.074960635,1.093810301,1.239428878,-1.301983562,0,Normal
4.634064981,-0.030014896,-0.418372349,-0.973342913,1.546646156,-0.791129813,-0.684517178,0.609643633,-1.337774835,0.603280521,0.832560616,-0.516034177,-4.868474826,0.060159052,-0.104423242,-0.82891206,0.711924326,1.774418398,-0.232623575,-1.06337573,-0.272751294,0.32223785,-3.743091395,1.374566116,0.621110642,5.463044601,-0.579105201,-1.867434846,-0.456811587,0.744878686,0.273046812,0.277634969,-1.631822534,-0.57717781,-2.392069099,-0.065522231,-0.713942452,2.693697589,-1.165118445,0.879432188,0,Normal
3.779619357,-0.722372284,0.457880682,-1.202928509,0.876763118,-0.30278586,-0.966494823,-0.498070209,-5.607502721,-1.032826793,-0.653420068,-1.829348032,-1.129180414,0.523947851,0.553607336,-0.841668725,-0.474097295,-0.413700451,1.375512138,-1.441311683,1.255197919,-0.266354311,-0.990080738,0.019777442,0.007335491,3.1717589,0.480039476,-1.627078437,-2.402572088,-3.241585736,1.143976298,2.539394554,4.394475976,0.871101971,0.022245786,0.123001511,-0.63966908,-0.590966844,1.073476365,-1.484198197,0,Normal
3.489598439,-1.053570534,0.119726958,-0.032302426,-1.144595,-0.193651128,0.464795092,-1.309581106,-8.336069361,-2.875207081,0.169850819,1.498134132,-4.361528668,0.074819754,-1.508845597,-0.177245258,0.689881695,0.046427816,1.092784641,-0.321195687,-1.400052736,-1.127105433,1.311161891,-0.537375504,-2.174662593,6.108799142,0.545775549,-0.505503603,-7.614885208,-4.019123118,0.694519007,0.63571882,0.696601237,1.41230951,3.760021405,-0.506197143,-1.032450233,-0.989343335,-2.626920467,0.435612106,1,Intrusion
-1.013336595,1.618489381,0.383058951,-1.593516139,0.302040524,-0.300801887,-0.022031015,-0.725248641,1.968599185,-1.523887378,0.218670933,1.14126615,-0.549600077,0.740481082,0.001697788,0.600898437,-0.561020124,-0.628008404,1.367274085,0.641287179,0.188382108,2.442887518,-2.765946477,0.661143341,-0.05736774,-0.119465403,1.002729057,-0.03309169,-1.501490722,0.556235463,-0.726166756,-0.585086059,-2.713177072,-0.31277282,1.080070155,-1.17760258,1.400896332,0.611403013,0.051398775,-0.82604067,1,Intrusion
-0.012725381,2.011768529,1.221399994,0.637511785,-0.668609238,-0.394707615,-0.22724729,0.724962862,-2.281518315,-1.461063837,0.13713569,-0.222222149,2.377028143,-1.721668511,-1.288049597,-1.097995856,-0.691220549,-1.133295404,0.456801,0.704086518,-0.337447193,0.93270346,3.095573462,-0.525281651,1.892335989,1.440101889,-0.114044578,0.665917209,-1.141457049,0.644963842,0.607032055,-1.894443852,1.60986718,-0.505270877,-1.42317194,-1.606504613,1.14182347,-1.001322565,0.867961609,-0.582094361,0,Normal
-2.07798146,1.706038764,1.404395037,0.360142174,-0.592293168,0.820828255,-0.640639509,-0.063010237,1.907825244,0.131132258,-0.843545842,0.223252261,2.575847807,0.427471725,-0.211094154,1.311111406,-0.707807331,-0.55320672,-0.349876868,-2.018412268,0.344227305,2.260035917,1.267153009,1.420049405,-1.300473081,-1.382970132,0.362766166,-0.319860022,-0.194856948,1.889679328,-0.408077826,-2.064463348,0.405758415,0.465361477,-0.706259727,-1.12173789,-1.314952378,0.20140211,-1.335962359,1.095008521,0,Normal
-3.952470583,-0.084107753,-0.823691905,1.244320137,1.929575159,0.591047221,0.694719299,0.182505288,5.905425508,-2.658003838,-0.915181982,-0.366131034,4.899705306,1.448547913,-0.076725405,0.006482507,-0.965250883,-0.160586896,0.241822137,-0.767366843,-1.090753616,2.228317361,1.679461668,-0.368566485,0.581196626,-5.415324527,0.000988688,0.727293056,1.456052184,1.30486292,1.456358087,-1.762392512,-5.671378235,0.492193325,-0.043022143,-1.392732876,-1.300857901,0.658982226,0.417854396,1.020755189,0,Normal
2.408416905,2.158748992,-0.075872437,-0.915139012,0.046092336,0.103840379,0.880944462,-1.944370551,-0.242713576,1.644276825,-0.59764472,-0.740443592,-0.255856905,1.368749596,-0.629287695,-1.148354889,-0.677615879,-1.702173341,-1.477731385,-0.34906871,0.295902861,1.071885239,-2.541339877,-0.120634454,-0.35647353,-0.349632168,1.14520925,0.200067708,-0.344522039,-1.372669691,-1.220538434,2.01960005,2.762646615,0.437513375,-0.34310484,1.447181392,-0.606837007,0.103654009,-0.960747664,0.102903288,0,Normal
2.07012163,-0.795681016,0.129967412,1.211509399,1.195635799,0.391332333,0.371783526,0.309127864,-3.540188303,-1.523777353,-2.107215494,-0.689557342,-2.189904607,-0.500378813,1.105778783,0.807291029,-0.317967989,-0.252894336,-2.332915824,1.057085573,-0.448424281,0.011064457,-2.542591961,0.872572127,-0.523023011,4.872618572,1.000809617,-0.70097041,0.007918729,0.2881263,0.884219625,0.350468428,1.773943715,-2.017809425,-1.804805479,-0.751885835,0.299047087,-0.391194053,0.237415373,-0.023173828,0,Normal
1.132867451,-0.256737899,-1.325409576,-0.530805567,-2.078417071,0.813110881,-0.792181177,1.265786073,0.463133132,-0.850481636,-1.738133994,1.44169306,-1.094644012,-0.084996159,-1.251314471,-0.517141159,0.321279193,0.203307732,-0.685108168,-0.743917563,0.263153696,2.581889312,-2.573670746,-0.733864534,-2.07277399,0.664160239,-2.119265884,-1.519725364,-1.793628836,-1.039753309,0.716896873,1.588383831,0.048416947,-0.935523152,-0.392892245,-0.657685031,-0.751451671,-0.829301722,1.502189639,-1.77469115,0,Normal
-1.72013556,-0.467620562,-0.210379731,-0.446066889,-0.446538091,0.093875217,0.854513255,-0.674429314,1.063924248,-0.650230957,-0.530537277,0.064990538,2.848493395,1.674764663,1.086631264,0.248259871,1.010140999,0.990895111,-0.273346233,-0.646379795,0.098861609,0.683772137,0.29039752,0.159735832,-0.369785766,-1.178164559,-0.615868255,-0.37226521,1.082680576,1.841935233,-0.834506806,-2.357141355,-0.509065886,0.093188423,-0.067680946,1.502438969,-0.09076213,-0.314042094,0.802171284,0.392735141,0,Normal
-3.447275718,-1.75020264,3.042052235,0.640554518,0.167856905,0.644103722,0.29767824,-0.301993135,4.240771873,0.432861743,-2.025065609,1.122534176,-1.591315985,0.761233236,0.42726562,0.331003729,-0.492674252,-1.634900174,1.017892711,-1.03626685,-0.928746861,3.01346956,-0.987236964,0.377300268,-0.62892351,-1.780807869,0.325291112,0.930968263,-1.893604981,0.816594907,-1.773623503,0.27657569,-1.667678532,2.467399291,1.216780523,-1.005305642,1.364585857,2.477300438,-0.879817305,-0.782781876,1,Intrusion
-0.471330735,1.307383845,-0.609732729,0.58312628,-0.321443093,-1.750910206,0.655842864,-1.37434772,1.476988199,-2.525828395,-0.461874948,1.206971401,-1.479545673,1.240300121,1.058811025,-0.045347832,-1.062040221,-0.703360714,-0.142756439,-1.407978947,-1.055572813,4.164350964,0.188069967,1.25610114,0.220090637,0.91782845,0.285156946,0.187497882,-4.112787251,-0.883846104,0.314351914,0.914814841,-2.424728744,-0.844032423,-0.593813908,-1.626406758,-0.316969859,-0.710341485,0.751406208,1.575980408,1,Intrusion
-2.251748297,-1.159620825,-0.547479595,-1.527974459,1.205760596,-0.040072593,-2.982856967,-0.122066163,-0.221774972,-1.306235603,-1.286568453,1.090520158,1.322702621,0.198865268,-0.59452346,0.182541458,-0.078299394,-0.059317099,0.241340223,-1.001225623,0.876401331,4.131123487,3.141967265,0.373733643,-1.142750398,-0.11845315,0.194592147,-1.651284145,-4.71432713,-0.385202138,2.879769093,-0.534769671,2.214281851,-1.686207025,0.147818577,-0.360758098,-1.318668307,-0.380519669,-0.092151791,0.501835089,0,Normal
-0.329426389,-0.001524582,0.469732903,-0.815846561,-0.088078763,1.080317573,-0.43246788,1.150940823,-0.939296306,-2.097391728,0.181058869,-0.283074727,-0.1242935,-2.833218274,-0.888678023,1.251550975,-0.682072977,0.247849317,-0.723425099,-0.499636278,-1.839249045,3.767338238,1.111596743,-0.570914722,-0.10085634,0.272108099,-0.183329211,-0.578299922,-4.566514534,-2.613673989,1.445225785,2.397720956,2.262031172,1.894331203,-0.096632242,0.387378354,0.8485598,-0.140861978,-0.011810731,-0.048176125,0,Normal
-2.093738448,1.960207674,-0.612412297,0.866663904,0.594354594,-1.807012485,-0.954644208,0.773496927,10.15285222,3.998800663,2.190891544,-0.706396862,2.270006847,-0.911889702,0.365451794,-0.200575316,-0.841417736,-1.434435765,-0.355211037,0.176998424,0.044805764,4.761745156,-3.170549045,0.361763548,-1.983468378,-9.254071105,1.585575427,-2.004064735,-0.595059387,-0.352573577,-1.012348106,1.458770811,-2.918027137,0.431156601,2.468997966,-1.24443229,-0.035183174,0.73779375,-0.303260576,0.36107647,1,Intrusion
-0.161717117,0.015899295,-1.389341665,0.619369866,-0.161388489,0.357228841,-0.989473399,-0.883129959,-1.284519218,-1.367096336,0.750355432,2.502350246,-1.186578738,1.050620544,-0.30645748,0.216264225,0.64167817,1.198605161,-1.347154132,-0.653295046,-1.497496273,2.267757669,-1.885870516,-0.452368558,0.15035878,2.343288501,0.243280971,-1.158987371,-1.956044374,0.018966319,-0.632116436,0.381225743,1.724823078,0.774073369,-0.376507834,0.146368662,1.080280065,1.363768931,2.14777608,-1.10295553,0,Normal
-0.020085714,1.833369449,-0.126141609,0.802301173,0.236647531,0.077776125,0.831991458,-0.610399036,1.90183381,-2.829296109,-1.619701163,0.051659614,0.120466512,-1.461518435,-0.122414749,0.408854443,0.525663182,-0.926845239,-0.853300539,1.276735424,-1.78880056,4.615493047,-1.203015948,-0.346463121,-0.398667431,-0.544384996,0.4097454,1.306692918,-3.789580006,-1.46077468,0.397269807,1.153398352,-2.398816429,-0.139554216,0.034649092,0.960685597,-0.705358385,1.421070709,-0.146622113,-0.531378963,1,Intrusion
-4.361427981,-0.235383248,1.051804616,1.641496838,-0.627867358,-0.72769233,0.480076402,0.242023535,3.738344026,2.370294071,1.220057058,-0.707410453,0.596129501,-0.345357361,0.41301156,-0.091103937,-0.687603489,-0.803830699,1.03582291,0.986846445,-0.301186102,4.023696621,-0.446327253,0.201728146,-2.373053738,-2.977240603,0.03191626,0.147160787,-1.939475568,1.320071857,-0.519687597,-0.144424635,3.291756477,-1.005508674,1.194871645,1.949227777,-0.316466237,0.487105363,-0.742540152,1.616557336,0,Normal
-2.482683608,-1.376440492,1.392247442,-0.642363594,1.100733329,0.817524526,-1.544432069,1.28970864,2.062817489,-0.465822884,1.074372499,0.650217327,-1.30829873,-0.362608628,-0.593850904,0.207150011,-1.641608555,-1.398757491,-1.816061797,1.099640358,-0.370656009,1.915289848,-3.861951934,0.04691481,1.648539673,0.188977173,-0.815684527,-1.754533256,-1.600610469,2.067289994,-0.051758283,-2.316257456,-2.60286209,-0.397240586,2.920146347,-0.906936962,-1.085538955,1.194396134,-0.478234712,-1.389722368,1,Intrusion
-1.575351591,0.421976572,0.984454761,2.542851727,-0.604397592,-0.218862768,0.07479614,0.000239663,0.113488808,-2.73180935,-0.608076941,-0.016319802,-3.288033656,-1.435246848,-0.639767603,-0.140539749,-1.776073889,-1.14238574,1.953468224,0.715615057,-0.255462588,2.260543588,-0.731197756,0.750019698,1.354698651,3.435293207,0.280560842,-1.152170476,-2.903093233,1.024324646,-0.794325156,-0.771325224,-2.841733296,0.088062402,-0.102624849,-0.235886824,-0.99601544,-0.059109301,-0.845248074,-0.468850536,1,Intrusion
-2.57496715,0.799642125,0.017339225,0.057804245,0.538904367,1.122120981,-0.699075639,0.113407217,-0.036793793,0.391483376,2.222561595,-0.432410412,1.385967888,-2.587464057,-1.464725129,0.928142438,0.182565155,1.069889335,0.215373369,1.658975496,-0.675438188,0.666976294,0.43903171,0.415288026,0.400193162,-1.291889104,1.253599669,0.00513468,-1.11507426,0.614985011,-1.453449145,-1.307931004,1.919875114,-0.532670101,2.126142731,1.059082899,0.472570928,0.803499679,-0.177509993,-0.118065473,0,Normal
3.206593987,-0.298926132,-1.747965293,0.151669104,0.356116874,0.675705872,-2.108827717,0.854698458,-3.082517963,-0.861934444,-0.151669073,-0.011977277,-3.652639749,1.055600999,2.578653173,-0.507934664,-1.109527963,-0.784035873,-0.114884927,-0.404267473,-0.200930886,1.981273483,-1.179519085,0.405178807,-0.783855011,3.663893435,-0.055788203,0.623946027,-4.433631654,-2.822681084,0.312313809,2.863763355,1.911042351,2.233580625,-0.394826722,0.697996338,-0.560745546,2.296023952,0.37507316,-0.424790919,0,Normal
-0.360165693,-0.769719739,0.37265357,-0.928701885,-0.701877525,0.844408513,-1.284977058,0.381121916,-5.265886638,-2.846561103,1.071840156,0.065917747,-0.43202863,-1.7260914,0.496794921,0.435547794,0.358180356,-0.600027261,1.771822292,-0.597823343,0.973241522,1.007455256,2.120895521,1.798645774,-0.407791407,5.937242616,-0.323722542,-0.151717004,-3.574953759,1.8458512,-1.075550127,-3.851121203,1.429005095,1.018628175,-0.279045357,-0.542574964,-0.28019012,-0.830730864,-0.296508953,-0.654764911,1,Intrusion
1.931442301,-1.475622017,0.052031705,-0.309470485,0.538143563,1.052564738,-1.05770695,-1.70362585,-3.307174841,0.884702639,0.914922627,-0.105545454,-2.932983324,1.940476084,0.482692285,-0.053890889,-0.307541413,0.080637625,0.665831376,-0.195000502,1.057354516,0.288176468,0.933390729,-0.487801983,-1.896784634,3.368458593,0.468919669,-1.587071546,-4.454467577,-0.808216223,1.178413806,-0.596106113,1.265363118,1.277565169,1.46997203,-0.547222941,-1.215487331,1.19581336,-0.393282804,1.137106651,1,Intrusion
0.299457761,-2.188155772,0.894856329,0.945663065,0.387149278,-0.058229309,1.107998347,-0.082708827,-4.593541864,-4.343835417,-0.241929346,-0.014403725,-1.767603743,-0.823531573,-0.939516376,1.735566404,-0.363620491,-0.870050636,-1.321055864,-0.20670417,-1.213517436,1.050608823,0.550976756,-0.608022636,-0.340158324,6.72250849,0.913067768,-1.680703994,-0.422317772,0.759127824,0.554703538,0.228056311,2.241322957,-1.796707531,-4.272510887,-0.389581735,0.214573054,2.590029511,2.821302969,-0.451527652,0,Normal
-0.520911147,-0.618243136,-0.278796054,-0.297822012,0.937399991,0.093635158,0.448623722,1.503280444,-2.919047531,-2.702579918,1.652735016,0.567632264,0.981275618,1.45436778,0.06905979,0.318728978,1.683103388,-1.280625029,0.78303531,0.520493503,-0.721856601,4.418708691,0.194501341,1.03717844,0.474018008,-0.102646454,0.362422988,0.413659078,-8.043976955,-3.470039,1.609652001,0.762994726,2.808756956,-0.860418324,4.062540419,-1.630398483,1.465221371,0.077772477,0.934849198,0.183829045,0,Normal
0.714036252,1.391112932,-0.114817945,0.413169335,0.64379423,-1.411045396,0.349380829,-1.142612668,-2.753950901,-3.556111833,-0.939054925,0.67223354,-2.476002033,-0.424361531,-0.591826622,0.124369073,1.773990587,-0.302803124,-0.329978809,-0.10686321,0.232373574,0.341048713,-1.162216806,1.217190664,-1.141087526,6.693857079,-0.844413467,-1.763671116,1.419259185,2.273798155,-0.333577207,-0.81601953,-0.525608523,-0.073852865,-4.55388984,-0.965894337,0.098066238,0.582692332,1.574786295,1.10938902,0,Normal
-1.166458995,-1.130841539,0.186049017,0.67452978,-1.008501514,1.55234528,-0.984405213,-0.600785453,-0.1874717,0.706153901,-0.424454544,0.497193466,2.125558929,2.203360939,0.679200434,0.590188159,0.480960387,0.509949615,0.793505045,-1.999519603,-0.591373512,0.562022183,1.615852123,0.063810984,-0.533722896,-1.534399579,-1.088496273,-1.860227589,-0.298278587,-0.063941825,1.026017075,-0.270198617,2.742946433,-0.634805099,0.263755612,-0.755698383,0.878123666,0.513172349,-0.865607954,1.40822646,0,Normal
-0.565742221,1.164540967,-1.163003676,-0.850113124,-0.065290186,0.303566341,1.203958396,1.439386465,-3.277536546,-3.313389454,-0.177513473,0.444800957,-0.224604323,-0.39404424,-1.73612021,-0.578313043,-1.264812596,1.085908649,-1.118939123,0.54322416,0.455901926,2.347965883,-1.645378289,0.775592348,0.8285549,2.936364576,0.104766834,0.705421697,-2.827130937,-0.730895747,0.460691312,0.336338952,2.673445128,-0.881144617,0.301214827,-1.003220472,0.186414179,0.817656747,-0.208692477,0.477464355,0,Normal
-3.370240357,0.688454258,-0.630972837,0.173125253,0.129455268,-1.719638,-0.566413911,-1.119360451,2.743540443,-1.400717638,-0.102740729,-1.432167889,3.277466586,-1.192439577,0.675383209,1.956223856,-0.598537095,1.417813883,0.830968228,0.900327821,-0.580516006,2.143447531,3.029813388,-1.191255361,-0.273105619,-1.634148625,0.566351996,-2.030997144,-0.234485359,2.660795375,0.431576292,-3.510674193,-2.56268923,-1.831483926,-0.642597059,0.398799159,-1.304959748,1.328052183,1.236045214,-0.058708012,0,Normal
0.800884426,0.006376171,0.041679862,-0.096432366,-0.076185022,-0.766995442,0.733251293,-0.569993088,-2.785417218,-2.313799544,-1.556019358,0.212239376,-1.342070154,0.049234737,0.455392803,-0.972600262,-0.160812361,0.036826634,0.641363539,0.753154867,-0.825027284,1.577408825,-0.935330903,-1.615319486,-0.785371809,3.796572118,2.289812795,-1.442364111,-1.714448759,-0.234270856,0.247765805,0.472188706,1.656427402,0.799241136,-1.480074102,1.239920297,0.225928922,1.452972098,1.448002142,0.596373449,0,Normal
-2.140990398,1.829306629,1.84647052,-0.558329798,-1.01920408,0.487266233,0.001432877,-1.071148683,-2.563183175,-3.131104707,-0.64127885,0.304998934,1.29765103,-0.693958346,-0.212165111,-0.844337992,-0.035075017,0.735310583,0.881512962,-0.208024824,0.991440262,1.688808735,0.685860626,-0.976200187,1.992691269,-0.88095112,0.747927207,-2.867370246,-5.92407587,-2.5014031,-0.829648413,-0.621528843,0.375318802,-0.019019364,5.465152323,-1.706847133,-2.376080321,0.148909115,0.923104449,0.629671069,0,Normal
0.765100567,0.651496728,-1.243865353,0.912236171,-0.932060794,0.191923062,0.085749072,-1.700974093,-4.576154312,-2.617537799,0.076737409,-0.208066419,2.01795459,0.851048173,0.672862717,0.537456887,-0.447647555,0.785252123,0.394681598,-0.021932208,-0.353817586,1.033288592,2.572685386,0.050031748,0.220907974,1.264610484,0.425500228,2.480476169,-4.351437289,-2.191506208,-0.494421099,-0.56459054,2.366387473,-1.23500028,1.610742979,-1.171331416,-0.114358237,-0.447647263,1.113056523,1.601997012,0,Normal
-3.701322058,-0.697009654,0.800751954,2.054102062,0.108232069,-0.698707727,0.202788262,-0.005243418,0.428854896,-1.256377809,0.613525244,-0.885731419,1.515306207,0.059723737,-0.310897014,1.783153106,-0.515989816,-0.509812512,0.268707936,1.660121906,-1.366220405,1.70229046,1.435920559,-1.724654062,-0.369610516,-0.643403027,0.226370847,2.528760393,-2.157341624,1.402232583,-1.362129254,-2.570851262,-0.117608039,0.447043235,1.959652917,1.671886391,-0.199275662,0.401954041,-0.910683056,-0.913409165,0,Normal
0.944791074,0.21032501,-1.135080767,0.441495663,-0.187424447,0.381655268,-0.760799251,1.510403822,-0.201033245,-0.512092473,-1.310177545,-1.588378487,-0.500257685,0.93631622,-0.916930178,1.415011816,1.235227821,0.355635357,-1.635329841,1.106389198,1.758234552,2.630784896,-4.46261867,-1.605675064,-1.098095149,-0.162565182,-1.636054646,1.692504665,-2.438654411,-1.567131667,1.55415219,1.530136061,1.427107485,0.312433447,1.795303845,0.299628299,0.673542871,0.700899336,0.3756517,0.343670513,0,Normal
-0.497954429,1.516389668,0.424390979,1.121016757,0.530284693,-1.110119895,0.777760389,0.676775214,-1.437152381,-2.223242335,0.566989164,0.899844844,2.524522051,1.99871221,-0.037047254,0.785493006,0.37557573,-0.485012028,0.897546206,0.768396633,1.118481331,3.145062447,3.589386348,-0.382517597,1.144580295,-0.321554349,-1.307816718,-0.20615913,-4.405272943,-1.539913459,0.878797199,-0.305206151,1.459467414,0.749785658,0.149632954,1.158403927,0.401747833,-1.486550172,1.197500484,0.572621699,0,Normal
2.242614747,-1.309157044,0.567153614,-0.656758609,-0.045408814,1.885385011,0.262375517,0.002239307,-2.08884966,-0.843250073,-0.80245275,-1.947111028,-1.176164079,-0.532695679,-0.570256156,0.687448351,-0.306108238,0.770690863,0.949545062,0.35203448,-2.158245683,1.860080002,-1.336668061,-1.656185092,2.055297254,0.776584998,1.259769186,-0.575801242,-3.758195406,-3.273890455,-1.173513762,2.753814312,2.025483268,-1.179581784,1.033927421,-0.139533308,-0.254222599,-0.201873502,-0.836172303,0.337484009,0,Normal
-3.414692639,1.273189987,0.356111622,-0.468974126,-0.62547066,0.94069406,-0.486493391,-0.195499279,2.548230785,-1.542949458,0.503260261,0.610279731,2.991828205,1.853345294,0.992474087,-0.749265744,0.509916925,-1.093507435,-0.175918711,1.805177682,-0.02992214,1.757999515,2.499030791,-0.985727305,-1.221319463,-1.808017167,-1.055942801,-0.72094943,-0.002854855,2.150561057,0.358663362,-2.810468328,-2.310754445,0.258976333,-0.289281151,0.77758913,-1.537811546,-1.058386229,-1.417854717,0.854100024,0,Normal
3.222730271,0.110310705,-0.212815869,0.000149911,0.868875561,1.695970324,0.796583927,0.026686155,-2.225830907,-0.444189877,1.065560015,1.634834326,-1.889260049,1.031038795,-1.699787571,-0.733605967,-0.156246453,1.857168707,0.989020293,1.432325219,-1.552183016,1.331466194,-2.259653017,0.337278311,1.252180242,0.824162822,0.0175007,0.188562929,-5.407450828,-3.337060408,1.857194192,1.265766051,-0.56700341,1.706178799,3.628301317,-0.147432096,1.124680325,-0.159138341,0.101186818,0.255630519,1,Intrusion
1.665686737,0.405300186,-0.167392151,-1.059829252,0.461330512,1.076928735,-0.343700111,-1.350281899,1.114124067,-0.111665635,-0.987801048,-1.495641704,-2.182425053,-1.354414092,-1.38858496,-0.849412486,0.235036312,0.41425514,-0.833889365,-1.152460125,1.64057203,2.462944267,-3.907597641,0.298268343,0.4204448,1.132016937,-2.028027058,-0.026261473,-1.257379686,-0.487907331,-2.757780928,1.537303575,-0.642040993,0.239573854,-0.600332956,-0.684528761,-0.97629968,-0.636834627,1.343596352,0.725856072,0,Normal
2.467848524,-2.293954249,0.46684491,-0.185322063,2.685253343,-0.948263363,0.072714037,-0.775337564,-7.914481253,-1.648300116,-0.67699228,-0.088298307,-1.267339945,-0.966210802,-0.265705911,-0.009040836,1.07935297,0.064971764,1.029920787,-1.583688569,1.20037112,1.551891635,2.539805267,0.197888488,-0.579266544,5.947812188,0.309541712,-1.2855423,-7.868781683,-1.52159844,-1.331434468,-2.038385805,4.005461432,0.532941478,2.037193274,1.364979059,0.59212403,0.04322229,2.497542561,0.669464384,1,Intrusion
2.619962238,0.473342302,-0.029188274,-0.65527728,-1.988488958,0.701023589,1.173749863,-0.213309381,0.292090101,0.804533762,-1.24828956,-0.137000803,-1.271765857,-0.802628184,-0.79286861,-1.849397697,-0.724993334,0.424389847,-0.010775868,-1.261129633,0.10740582,0.296571877,-1.6116312,-0.488901913,-0.788868091,2.599896627,0.756619086,-1.796816204,2.473203216,1.474074593,1.486227071,0.325446514,0.151986757,-0.219123474,-4.209935907,-0.343227024,-1.157518386,-0.020054425,-1.310341277,0.263599861,0,Normal
-3.364466155,0.515466477,-0.225353778,0.472230248,0.022622947,-0.07784382,-0.452150005,-0.511305116,0.630440593,-1.611446763,0.020395378,0.236295861,1.81977657,0.650305602,0.287433329,1.508651827,-0.767421947,-0.357705215,-1.285018572,-1.382253475,0.385226198,1.185835569,0.466215344,0.692238143,0.203324948,-1.262875354,-0.335954343,0.806669132,-1.413206917,0.961632987,-0.147243153,-2.134419637,-0.800763269,-0.984769397,2.33900249,-1.964854753,-0.312928489,0.310873903,0.572034493,0.106844607,0,Normal
-3.007548059,-1.917394699,-1.893923908,-0.293879085,-1.094808939,0.218751189,-0.414692452,-0.296096667,0.533827865,-3.379061461,-0.125204615,-0.323959269,3.407576616,0.056850861,-0.350144523,-0.425903969,0.690796521,-0.406677548,-0.773167069,0.696868569,2.517710525,2.107598436,-6.540037247,-0.554811052,-2.165101864,-0.222794699,0.081444007,-1.322739086,1.633473641,2.930906597,-0.67836346,-3.346496874,-0.499429833,-0.640547922,1.962400934,-0.006705172,-1.126873438,-0.596775027,-0.91768915,0.027940561,0,Normal
-0.412861485,0.013011329,-0.276424151,1.955503685,-0.27669687,0.195706232,-0.951897396,0.143241585,4.128592729,0.28040353,1.077565888,0.912902992,-0.218515859,0.643767002,0.942106607,0.174583565,0.273318202,-0.129946111,0.537086037,1.139946387,-0.938783655,5.361109704,-5.006057307,0.018628419,-1.288773857,-2.264127614,0.713770543,-0.206940333,-3.966557179,-0.105381038,-0.173963509,-0.188432799,-2.194435395,0.893571459,2.725353033,-0.030366122,0.682335957,0.662114943,0.44250296,0.020302194,1,Intrusion
-1.681964622,0.331008491,0.104318671,-0.208689706,0.333614538,2.022235426,0.271182234,-1.305363391,-0.716294959,-1.241679217,-1.974129084,0.452444172,1.791381862,0.946350804,-0.715315444,0.873411405,1.2336995,-0.844759013,-0.05170614,1.309379289,-0.667417107,2.130425913,0.653025726,-1.737180175,-0.549191582,-1.932055448,1.488656307,-0.257577326,-4.146497889,-1.801982704,-1.149285439,-0.083307435,1.325875954,-1.22437816,3.488927384,-0.754663321,-1.153420857,-1.166369241,1.025646799,-0.875823602,0,Normal
-2.263632774,0.25092893,-0.691036626,-0.031990977,0.906632708,-0.530794705,-0.014541039,1.034477858,-1.821676801,-0.865580524,-0.792689127,0.950447415,1.848135192,1.297616825,1.512654819,0.104058995,0.712894263,0.919083033,-0.339182739,0.160405334,-1.606626373,-1.408680529,3.419104397,1.574054492,0.010007286,2.21327502,1.933729366,0.6764619,1.431881291,3.594443183,0.645077082,-4.580417911,0.148017167,-0.497797427,-1.094128148,1.061512007,0.050170351,-1.241696338,-0.941869519,-1.605258019,0,Normal
-1.432217619,0.209955702,2.700059254,1.91109001,-0.085193644,-0.521291962,-0.640115418,-1.555882525,-2.01882995,-4.323370927,-1.589372602,2.250884584,0.462354994,-0.828137533,-0.833965356,0.954680797,1.229228434,-1.568323454,1.571383803,-0.0944412,-2.852193951,2.135027461,-1.915467105,-0.476589752,-0.974671647,3.165813592,-0.075429578,-0.214473303,-0.400955556,0.954040575,0.850424126,-0.604446672,0.923054919,-0.525786495,-1.425624219,1.750260205,-0.377481565,-0.312976247,1.120019341,0.494153513,0,Normal
-3.145220047,1.162314454,0.774405734,0.895282651,-2.455782458,-0.44738454,1.332969268,1.088677424,-3.138530759,-2.603983345,-0.291105811,-1.815309192,-0.164891301,0.001074299,-0.358698515,0.287580241,-1.305048073,-2.198279187,1.44558226,-0.573220788,0.159234099,-0.789112218,0.81665618,-0.950980205,0.862849575,3.175961967,-0.45609162,1.175674712,-1.848584924,2.395192924,-1.64315931,-4.413268319,-0.80408808,0.516776161,2.707433716,0.075287322,0.990418341,1.488453293,0.634399373,0.3136597,1,Intrusion
-1.408389183,1.183058128,-1.447404027,1.13314718,0.499934208,0.422465371,0.268917789,-0.293042732,-2.537240501,1.396905564,2.046915247,0.705291515,0.33558854,-0.588778193,0.112104433,0.855440448,-0.841795497,-0.203397114,-0.160128836,-1.369720689,1.557700834,0.785707909,1.35341452,0.066674554,0.721490949,1.638413306,-1.492521775,-2.013387543,-1.754748532,1.234103802,-0.013840706,-1.652325091,5.214393703,-1.15469532,0.448798849,-0.660989501,0.878365904,0.867385142,-1.466754463,-0.71090332,0,Normal
2.597664974,-0.172915501,-1.222408122,-0.807909805,0.972445868,1.200606314,0.995925543,-1.399980195,-1.436903999,0.180883867,0.995477369,0.549613269,-1.922432461,-1.035689377,0.84431202,0.094222536,-0.830919164,-1.310813054,1.18611166,-1.233705865,-0.228421794,2.408436248,-1.640954917,-0.277813284,0.450851842,0.991968206,-1.118140564,1.373112166,-3.95459502,-2.930483761,-0.845106795,2.858815556,2.270951967,-0.2654228,0.549534394,-0.514022998,-2.062822639,-0.429776688,-1.548683489,-0.51302352,0,Normal
1.12927938,1.083591079,-0.376753032,-0.199406266,-1.874793915,1.959735676,-0.76698995,-0.397731676,-2.494455552,-0.966202101,-0.040552501,-0.75983611,-0.632034355,1.527107321,2.756727807,0.051844683,-0.478566962,0.007261581,-2.329268412,0.241165338,0.074493216,1.443303198,-2.230945327,0.410212555,-0.30182466,0.905518893,0.446736033,0.691691101,-2.273766142,-2.514362402,-0.939778054,2.591298982,3.671373827,-3.320238559,0.815810249,0.024601214,0.600791019,-0.777307937,-0.078518972,0.99004776,0,Normal
-2.258561142,-0.061416482,-0.958016129,-0.758769208,0.730400066,0.006033089,0.953011167,1.410250277,-2.357196582,-2.906740375,1.072676535,0.454917418,0.537632676,0.608520284,1.034724615,1.738012873,-0.468398877,-0.396184147,1.007854127,-0.737601341,0.641594568,4.147480696,1.958048371,-0.366156835,0.837979013,1.76614171,-1.294249661,0.177954926,-6.484116607,-0.543534399,0.382274093,-1.425322122,1.894676282,-0.470509628,1.854195155,1.293744231,-0.979150984,-0.771717346,1.191620756,1.23657855,0,Normal
0.892205331,1.518584626,-1.086740753,0.691363607,-0.514410165,0.019994575,-0.490028268,-0.318173568,-1.435490426,-0.965517468,-0.485525164,-0.030665453,-0.178168386,0.095633762,-0.728223161,-2.146828658,-0.610357463,0.531553192,-0.42774938,1.932293146,1.737853662,2.26479978,-2.993436148,0.28922342,0.801625339,0.290177761,-0.233086692,-2.298091074,-2.846231812,-1.970486898,1.133107887,1.574416332,2.304515166,-0.828263246,1.618003046,-0.389526053,0.22800679,-0.328642329,-0.436419988,-1.141572791,0,Normal
0.169815829,0.066391404,0.563185617,-0.886475095,-0.669346712,-2.285786559,0.206081956,-1.39841256,-1.946857653,-3.289852992,0.619838272,0.208939776,-0.769887924,1.008402276,-0.123336368,0.096404969,0.751955063,0.196436879,1.405078385,-0.861651572,-0.705897957,2.947742316,-0.776610989,0.041844294,0.178127074,2.878531452,-0.551649032,0.625477263,-2.843916645,-0.85494679,0.548712526,0.904101559,1.018429975,0.918461965,-1.159772068,1.29515376,0.331669644,-0.46111518,0.344354619,-1.53730317,0,Normal
-3.224410927,-0.292182726,0.275529281,-1.354486569,-0.831064669,0.250086703,-1.634920433,-1.130331423,0.660158362,-1.332139172,-3.3730393,-0.109354578,2.059725496,0.795379539,-1.354895432,-0.637829102,0.182812372,0.221991313,-0.216995207,0.594852406,-0.079666232,0.807389201,0.401776851,-0.319518028,0.562325062,-2.313372655,0.578925304,-0.014307913,-1.842174323,0.111353105,0.243235818,-1.735747497,-0.916931096,2.05409295,3.566976899,-0.174939677,-0.142612586,-0.081408962,-0.56393214,-0.825039883,0,Normal
-2.487699408,-0.066834721,0.442696553,-0.247768154,0.290888121,-1.219834088,-0.786325845,0.297122028,-3.107109352,-2.98861237,-0.191973087,-1.752008332,0.720603777,-0.622525499,-2.589685429,0.422546532,0.521838577,1.853819632,0.268356156,-0.783349827,0.402006259,1.180575143,3.395810984,-0.579783228,0.128931066,2.597839117,-0.241032934,0.075352543,-3.439290125,0.75993913,-0.121022626,-2.558899634,0.906231146,1.495239393,0.776241046,-0.001682187,-1.435620019,-2.043254972,0.341417183,-0.518369584,0,Normal
-3.942498139,-0.423971448,0.130279186,-0.968483744,-1.203816427,-0.637739128,0.488777745,1.356174039,4.702853605,1.261605515,-1.845258825,-0.495255834,3.172254914,0.255009907,-0.425663484,0.576469866,-0.270310496,-2.105098655,0.13167484,-0.394803944,0.290342053,1.881522973,1.877783513,0.820501613,0.448132341,-5.170089212,0.010132097,-1.713534241,0.388591437,1.03679936,-1.046789122,-0.831799043,-0.353677798,0.403901295,0.861482023,-0.62285797,-1.930504523,-0.506033367,-0.064492325,0.930175896,0,Normal
-1.478833501,1.479780751,0.090371432,0.665599695,0.094227971,0.593019044,-1.796447256,-0.180435433,-0.640170448,-2.828163186,-0.248576359,-1.569670951,2.300272365,-0.683457955,-1.791382544,1.188495485,-1.073545046,0.696869339,0.314751409,0.012091255,-0.03849131,3.234017648,1.823789992,1.825375216,-0.539361909,-0.012287308,1.317458417,-0.996636636,-3.563307009,-0.286083912,0.359714661,-1.292079637,0.117770612,-1.167807136,0.503493183,0.750596583,-0.038889993,0.811235385,-0.461553674,0.071750255,0,Normal
3.403592303,1.269477548,-0.50482654,2.655023081,-1.367578318,0.056462105,0.88220601,1.292410336,-1.728666198,-0.545284075,1.095482548,-0.212676467,-4.834244047,0.007544601,2.491062273,1.040560093,-1.62854163,-0.161034644,-1.060116446,0.715813993,0.186799574,0.525612658,-0.719084097,1.765725218,0.616866898,5.940513016,-1.046907576,0.859875252,-0.366113669,0.37388911,-0.738420826,1.358169922,-0.585202527,-0.199024175,-4.371416518,-1.150034588,1.655432521,1.257576117,0.494031907,-0.463178896,0,Normal
0.06446174,0.15153012,-0.723043151,-1.773356936,-0.405587552,1.210701074,-0.506543986,0.573419733,-0.01285496,-1.007918155,0.049136167,-0.857088128,-0.049126445,0.270439042,-1.353302499,-1.881733712,0.398485513,-0.226089541,0.206877016,0.171951661,-1.510243301,3.496859086,-2.543489129,0.96239937,1.189628598,-0.08958851,0.565449871,-0.984084786,-3.580112268,-1.220487539,0.324499299,0.76330906,1.103331449,0.175736253,1.525548836,-0.267718998,1.164985317,-0.276258349,0.843719367,0.156640625,0,Normal
1.754571221,-0.936184105,-1.740407244,-0.019946828,0.443889082,1.750512324,0.71840151,0.444041333,-1.420886812,-1.531604029,-0.335954132,0.126737616,-2.224197773,-0.290974563,0.428333184,0.748700177,-0.28922294,-0.467773811,0.447962357,0.241047747,-0.370854979,1.726656082,-2.881068491,-0.131611607,-0.15798066,2.900599088,-0.979478387,1.053423943,-1.770662405,-0.800573032,-1.96979565,1.262670713,0.243946705,-0.166258776,-0.678264627,0.220046714,0.499741681,0.124776591,-0.173098303,-0.721859139,0,Normal
-2.604439963,-0.702220271,0.414752183,0.105968004,0.314920193,0.215857682,-2.532213843,0.563954727,3.758200196,-0.860086704,0.803080949,-0.280684934,3.240244378,0.251396687,0.362019276,-0.509441473,-0.387104927,-0.331503226,0.30341017,1.512864744,0.756232749,4.49026909,1.835446293,1.251844919,2.257514594,-2.725464413,-0.539043943,-0.315643385,-1.653765047,1.206665922,-0.790657388,-1.401623449,-0.936988981,1.64160897,-1.004877075,-0.752652337,0.650051104,-0.36815272,-0.306356329,-1.022586996,0,Normal
-0.342436541,-0.960799201,-1.78857676,-2.33624265,1.429199477,1.555695008,0.527472487,-0.435101631,-9.641476422,-5.686054762,0.09131589,-0.894924615,-3.046821726,-0.025156659,-0.223201085,-0.551852749,-0.676580602,0.689169855,1.305943416,0.057055263,0.433118348,-2.352422782,-0.991227558,-1.305997038,0.013533542,10.59504928,-0.080873901,-0.111616549,-2.890976415,2.791742311,-1.125230333,-5.723562377,-0.33691091,-2.162360785,1.993560268,-0.583846464,1.152497879,0.13299201,-0.32488119,-0.235387342,1,Intrusion
2.506779753,0.29197769,1.061157042,-0.551757832,-0.471412756,-1.085121775,0.07429276,0.139596274,-1.661938724,-0.047362638,0.544263912,0.096295111,0.737782922,-0.764330097,0.038578707,0.221831229,0.140178386,0.496802653,0.355262511,-1.136718435,-0.806378519,0.198234249,-3.41373873,-1.257995319,0.424482292,0.039836816,-0.821815749,0.256466582,0.467408734,-1.624572136,0.684706008,1.759935994,2.586595042,-1.114985425,0.108019696,0.232903025,0.937273789,0.028911615,-1.422388705,0.020671575,0,Normal
2.044531818,-0.665655576,1.074262374,-0.52735144,-0.776857427,-1.573963888,0.683655676,-0.684427901,-3.049179147,-1.595871606,-0.831858717,0.70551022,-2.54020383,1.209108946,0.307446307,0.904426057,-0.961978728,1.059076216,0.575652169,-0.112693576,0.452917934,2.275588371,0.300181716,-0.704126862,-1.100668512,2.820943681,-1.126354648,-0.234447511,-4.637288316,-3.151858081,0.27762563,3.037801318,2.454863312,-0.337085836,-0.433201093,0.827198189,-1.090004369,1.161692225,-0.098629775,-1.991789899,0,Normal
-1.595366078,2.313765525,-0.47917024,-1.078207256,-1.387234919,-1.395617439,1.383935908,-0.20794084,-2.510874589,-2.525795431,-1.209309907,-1.76560462,1.230882486,-1.214432052,0.596964597,0.010550313,0.403293931,0.989010831,0.719635713,0.631914873,-0.911514612,3.035703909,3.03831468,0.452096069,0.28143764,1.004058266,0.1690359,-0.747233732,-5.765518473,-1.023806961,-2.27545667,-1.268586781,1.623146165,0.782059789,1.783466832,1.105138697,2.533148327,-0.110804459,-0.678081978,0.909404517,0,Normal
2.332851387,-0.13713054,0.505836333,0.105526774,0.766287901,-0.199354153,-0.702919531,0.79775444,0.258885209,0.53416276,-1.760656948,0.444835528,-1.993027252,0.555619943,0.770737018,-0.294576,-0.248155024,-0.124624609,1.294340089,-0.747544913,0.630763359,1.383805902,-2.495371031,1.005242617,1.892117453,1.412958991,-0.46314493,-1.697567473,0.019561191,-0.762030723,0.39094545,2.329681225,1.00348416,1.622953513,-2.103756181,-0.053274849,0.773211992,2.641326361,0.274386981,0.313177118,0,Normal
-0.942759215,0.765300958,-1.419503548,-1.00032655,1.772433725,1.221113313,0.950427244,-1.310217342,-3.400595468,-3.796294221,-1.454717104,1.045033757,1.595992472,0.035812028,-1.092912355,-0.963657066,-2.201252658,0.041261516,0.104800516,0.157531528,1.650365642,3.146790727,3.688692865,1.116551039,0.964759195,1.800401871,0.051759992,0.174067241,-6.233798598,-1.3343579,-0.660063501,-1.485641562,0.915825805,0.72186223,1.302351418,-1.05071525,1.757686187,-0.390563024,-2.505334594,0.638922205,0,Normal
-0.292861336,-0.697125576,1.362086822,-0.30237362,0.624884408,1.036966576,-1.533266182,0.74514469,-2.219417318,-1.190371951,-2.638622854,-2.201565855,1.909083589,-0.493059806,0.255454563,0.576443608,2.958499221,-1.09300843,-1.059785542,0.049176016,-0.161674473,1.470073885,2.178533379,-0.036653768,-1.285723474,1.335737249,-1.839290907,0.868356788,-1.840575499,0.412120814,1.131925953,-1.544297987,2.293777628,0.520879211,-0.701604276,1.274933837,0.730320104,-1.805287097,0.447328343,-1.811220718,0,Normal
0.946285109,-1.734709876,-0.327677133,0.685583038,-0.055535091,1.307226941,-0.695604369,-0.920415036,-3.696048865,-2.773939909,0.093609222,0.657782868,-2.441940594,-0.190659286,-0.157322134,-0.394061587,-0.681985024,1.801941308,-1.821146367,1.89137367,-0.017174625,2.578214898,1.383267512,0.424936826,-0.177493267,4.989665422,0.131008888,0.576825466,-3.772528912,-1.212858133,-0.686014051,1.565712723,2.683735496,1.446943095,-2.53438811,1.313935056,0.383247283,0.322941048,0.275351077,-0.052141878,0,Normal
-1.437383748,-0.442418105,0.800515292,-0.32268466,0.835663188,-1.392297051,0.911027647,0.039001478,-1.908899943,-2.865124632,2.425989944,2.869862534,0.743332297,-0.252991095,0.803607841,1.11758342,0.160341633,0.681732166,0.213898318,-0.933172247,-0.6008954,1.772032817,-2.058798997,0.310135457,0.706755503,2.140627697,1.427084901,0.159571681,0.092317993,0.61341868,0.563750122,0.07325642,2.803006641,1.652784357,-1.118881428,1.017682874,0.450815667,0.197363505,-0.021133694,0.505926282,0,Normal
1.281710958,0.065149993,-0.662158394,0.422374762,-0.327435132,0.327397888,0.47582553,1.245018432,-1.893368268,-1.704901319,-0.842600385,-0.002714516,0.406811814,-0.410658666,-2.043284455,0.287973418,-1.63171061,0.151817913,-0.537911037,-1.355857902,0.519023462,0.58033198,-1.390505257,-0.015495877,-0.723952403,2.682532192,0.011619965,0.102842123,1.354023228,0.604074888,-0.044401096,0.152232221,1.606549674,0.331715082,-2.817934654,-0.131578088,-0.342824877,0.864886341,-0.979035382,1.751385193,0,Normal
1.045665378,-0.507696012,-0.540974913,-0.883822984,-0.061156148,-0.645763342,-1.399630098,2.01362823,2.990970358,-1.397012189,-1.393281017,1.368177661,-0.734447136,-1.091238418,-0.750356991,-0.342084929,0.675306757,-0.68909467,0.763259795,-0.012667335,-0.217491599,3.517366847,-4.568059523,-0.024652768,0.304257794,-0.553434729,0.29397758,-0.327612406,-1.828024605,-0.293158458,-0.812280983,0.409637963,-3.934552296,-1.055058807,0.635166443,-0.690171224,-0.622443596,2.024737566,-0.250403353,0.181160467,1,Intrusion
0.445314321,0.403839586,-0.930070889,-0.321623746,-0.359282012,-1.421269718,-1.580224464,-0.547080696,-4.587045021,-1.791502006,1.07477349,0.144514084,0.087580221,-1.573957049,0.503012614,0.117316259,0.86207172,-0.301182934,0.507067582,0.887614139,1.543693433,-0.413223358,2.339365574,-0.802138213,0.154836912,2.898375737,1.019230984,-0.065741812,-2.814904582,-0.715990828,0.053405648,-1.159658097,1.860631525,-0.489874839,0.842292667,0.816296254,0.614396114,0.66260955,-0.127446566,-0.13039727,1,Intrusion
1.072609878,1.102829838,-0.029664226,-0.55093652,0.154520713,-0.512468651,1.484278855,-0.218736089,-1.73996617,-1.352471979,-1.621577648,2.384865535,-0.294996873,1.332915186,0.014017501,-0.257825433,-1.459160941,0.506758635,0.633516425,1.206860555,-1.95874217,1.219769209,-1.01372611,-0.257165358,1.823529559,1.567461866,0.543954298,0.575727557,-0.342957808,-1.269508804,-0.265493817,2.144740065,2.739527213,-1.174768994,-1.796889789,-0.350733326,0.128690117,0.736156937,0.286681215,-1.235135072,0,Normal
-0.998367432,-0.709439652,-1.554536498,-1.03811236,-2.294064193,0.394566302,-1.104105647,-0.513355654,-4.453664418,-2.594632549,-1.015196323,-0.655950232,0.899875079,-0.875555487,-0.736350373,-0.223656755,-0.353742659,-0.122449332,-0.318314219,1.91826699,-0.760592455,0.894761008,2.563360582,-0.010260101,-0.186109864,1.320350689,-1.393281148,0.540933581,-5.083400461,-1.978673897,1.844284833,-0.666330918,2.462340212,1.261292769,2.961010769,-1.383847289,-0.805385078,0.007868947,1.563211674,-0.050079673,0,Normal
-0.661237662,-0.853893486,1.620664206,0.783779088,-0.067160819,-1.666700795,0.989756913,0.21517593,-1.036073161,-1.751436766,-0.454642746,-0.918533985,0.258144332,0.547428003,0.016956679,-0.605024548,-1.581076222,1.255607307,1.494545062,1.731409131,-0.335391132,3.117943431,1.902109683,1.051812066,-0.235487235,1.800715407,1.228101837,1.223953449,-4.535875134,0.427952536,0.751712041,-2.040921019,-0.380935099,-0.033680445,0.416279802,-0.388303567,0.397621524,-0.837139332,-0.268980088,-1.83167507,1,Intrusion
1.483526118,1.807405362,-0.67830265,0.099179964,0.214541847,-0.811944433,0.738210332,-0.047042543,-3.089224615,-1.759396047,-0.535264079,-1.033569953,-1.403449148,-0.475520981,-0.838514323,0.88974905,0.248505098,1.54968375,-0.073680946,0.476665114,1.445868463,0.417134636,-0.697188609,-0.196013658,1.139878474,4.087348403,0.861444123,0.867415389,-0.200634579,-0.024080023,0.154436339,0.671759422,1.967551213,-0.631677835,-2.433350302,1.477898459,-0.632190252,-0.700878004,1.021956129,0.73080405,0,Normal
0.59815642,-0.562399902,-1.048198059,0.118071792,1.104012211,0.317583087,1.029154446,1.254729416,-1.584616906,-1.593717007,-0.199394173,-1.066653462,-0.482696198,0.274239432,0.316026262,1.598742914,-0.661648628,0.554621706,-0.35187728,-0.518789194,0.370480206,2.762413417,-1.43479861,0.14661256,0.104893977,0.871758966,1.118893101,0.445935918,-3.377931267,-2.170163931,0.483461163,2.019656854,2.427896671,-1.072508103,0.528771845,-0.680428755,1.147614345,0.854371382,0.363529509,-0.722901034,0,Normal
-3.699533198,-1.467295898,0.004332016,-0.123855945,-0.750322829,-1.629686507,0.14481879,-1.647518318,0.181056256,0.172628558,0.428856155,-0.431491068,-0.42115105,1.404532352,-0.090700828,-0.910221651,-2.232847794,1.590310805,-0.492106343,0.876923879,-0.462387609,3.301999786,-3.129269363,0.497671624,-0.164317928,-1.905977205,0.174984784,0.118670433,-5.065174325,-1.145143799,-1.506063424,0.352438329,3.325404237,-1.770224689,5.702291147,0.347246058,0.473586655,-0.655938898,-0.044428132,-0.146002531,0,Normal
1.133812654,-2.040373044,-1.020947247,0.376723057,0.476370268,1.306588829,-3.289654298,-1.280364802,-4.449363906,-1.366372742,-1.368788602,-0.135445086,2.041982564,-0.853505258,1.408561278,-0.725438013,-0.538542059,1.548661487,0.092239659,0.485007372,0.147552128,0.658840979,4.50777067,-0.153366364,0.540644671,3.221926963,-1.132393083,0.401933711,-1.949004507,0.387319014,-0.118756679,-1.994816258,3.273081206,-0.233406352,-2.274843659,0.752516419,-1.278555597,0.080660465,1.585518351,0.526563956,0,Normal
-1.131165134,-0.576660316,-0.705142186,1.654568737,-0.692144348,0.155025892,-0.406539677,0.024451525,0.038368598,-2.523809408,-0.202642108,-0.491383415,3.164915415,-1.70007954,0.525594024,1.506459233,1.16162353,0.206940068,1.920958325,-1.700615751,1.600970801,2.760209842,3.426567196,0.010896815,0.668509338,-0.718422914,-0.762002483,0.378202088,-2.538086666,-0.139307299,-0.608929807,-1.379136479,-0.552106953,-0.535585548,-0.659504293,-0.598113886,1.058888838,1.759339793,1.578720999,-1.146233164,0,Normal
-0.248498865,-0.773120566,1.059115452,1.315504168,0.107641639,0.363201027,-1.556681186,2.313232967,-3.989909513,-4.209532486,0.323640031,1.050711106,-1.914569386,0.343273305,0.719878092,0.829875852,0.77971667,-0.582011842,0.889553862,-0.82698993,-2.158204305,2.123198231,0.791215259,-0.162981512,0.50170245,4.280615319,-1.318582985,-1.946575306,-3.187591012,-1.931841439,0.282456785,2.411710143,2.868836415,-0.228959529,-1.76780056,-0.438053136,-1.190113476,0.831243152,1.286625351,1.391674063,0,Normal
-1.272254291,1.206784356,-0.164852238,1.009362617,-0.836832626,1.04554311,1.067025945,1.086180334,-4.090440361,-0.22517262,-0.342526156,-1.31116898,-0.167897033,1.82316858,-0.202022968,0.109412746,-0.429016398,-1.11770857,-0.008022753,-0.330987519,-0.73339734,0.364844585,-0.378905407,1.425075027,0.500355413,1.105443771,0.03065052,-0.03325695,-3.959076008,-1.188710498,-0.341565156,-0.517418359,4.614510645,-0.595511682,4.001597601,-0.441561567,-1.596871839,-0.100861236,0.81020632,-2.307501073,0,Normal
0.657816104,0.764186336,1.191078435,0.771648523,-1.858432242,1.496211356,-2.014249015,1.480770204,-0.572992742,-1.370237704,1.218820958,-0.399104729,0.574621136,-1.063322722,1.70810136,-0.600361358,0.197624625,0.839358863,0.570457568,0.782002971,-1.244478029,1.914119637,-5.008272217,0.914523972,0.796950182,-0.18974061,0.387643694,0.791003875,-0.838387518,-1.121464908,2.223708755,1.147460382,1.406095582,-1.82190989,1.446875514,-0.857291674,-0.237295658,1.081101572,-0.925618563,-0.70525131,0,Normal
0.342743391,-1.064135005,-0.381033213,-0.292166125,0.973756558,1.23344983,0.858658818,-0.258765176,-2.579949345,-1.09907285,-2.174523307,0.518753283,-1.905086018,2.206423235,-0.348620799,-1.09102182,0.286027473,1.153806124,1.042911566,-0.9038273,-0.078242791,2.910763215,-2.469138521,1.13714825,1.106552775,5.457730352,1.325695389,0.660905928,-4.137866479,2.828057277,0.213529622,-4.235070512,-0.04076822,-1.352105162,0.839810072,-0.218208858,-0.505407253,0.150194847,2.48887136,1.277072471,1,Intrusion
-1.600475772,-0.737786179,0.264625299,-2.136403259,0.311749493,-0.336637147,-0.341087447,-0.329130103,0.17136033,-3.690732637,-0.3603611,-1.198871051,-0.070394072,-1.000920586,-1.564877034,0.060533977,0.29602512,-0.792293122,-0.319200274,-0.357146909,-1.117174387,2.658457368,-1.209431874,-0.311848303,0.628563574,3.365621196,0.209740426,-0.215210752,0.980374009,2.450062653,0.065422481,-0.961743751,-0.646937796,2.169216685,-3.799006341,0.155328875,-0.394513442,1.179974692,1.158952148,-1.026674746,0,Normal
-2.539415389,2.376762853,0.832406632,0.402204097,-1.683895674,-1.640866565,-2.543485009,0.777627517,0.454188249,-0.134764426,-1.295259732,0.187625849,1.965286691,0.763667732,-0.211830634,-0.12550236,1.266593944,0.185764218,-0.503458711,1.532643019,-0.35792195,-0.222087641,-0.419930347,0.184175193,-0.212591977,-2.019176252,0.161067627,1.148770276,0.157222778,0.680304478,-0.816294247,-1.508435533,0.382986902,-0.047672759,2.564069951,0.021308844,-0.320589157,-0.853624076,-1.788471466,0.258915816,0,Normal
1.04881437,0.052961053,0.238582737,0.271625092,-0.339636869,-1.113774004,-1.367028079,0.179889223,-0.085750224,-1.64777341,-0.828096782,-0.347448282,-2.903632201,0.343921912,0.199517136,-0.05873736,1.869481374,0.622438441,-0.641636761,-0.010652989,1.537497716,0.725705734,-1.529627824,-0.097645429,-0.981283266,3.34624531,-0.840220464,1.347124799,-1.007958136,0.898637896,0.557684352,-0.703676776,-3.526482671,0.249870076,-0.908015854,1.182718294,1.0511982,0.233036034,0.203287495,0.634229154,1,Intrusion
2.954540719,1.144994442,0.581968738,0.011037639,-1.958095372,-0.079294269,0.73563132,-1.81779995,-2.49005246,-1.70513447,0.10796921,-0.156951835,-4.211105223,-0.486167388,0.3635591,-0.453676978,0.186213228,0.553656456,-0.660208991,0.560548275,0.188732125,0.486875933,1.256368348,0.475157513,-1.272363646,6.266316889,0.972931586,0.414858576,-0.764327301,0.11376365,1.440677791,1.238538089,-0.611193267,1.036029104,-4.916137669,-1.429179452,-0.753635837,-0.088456406,-0.546323359,2.126202139,0,Normal
-0.774726388,0.411307152,0.238315667,-0.2179681,-1.454055414,1.259561621,-1.288506793,-0.62181865,-6.946299221,-3.45234638,0.527646603,0.089152931,-0.066398893,-1.142466602,-0.592360832,0.544874159,2.429567485,-0.298019343,-0.809461352,-0.671668165,-0.417955565,0.821295975,3.431340574,1.769299101,-1.792609234,3.685237594,0.966577266,-0.373301224,-6.726401249,-2.119009185,-0.37982502,-1.133188222,3.512120242,0.193689739,3.111619017,0.598468147,-0.964728499,-1.402779982,1.090070891,1.427733552,0,Normal
1.216763355,-0.379177569,-1.279329556,0.626539494,-0.429805224,-0.336526758,0.858513328,-0.618884117,-6.774987625,-5.797471635,1.091352327,0.11656442,1.973049299,-0.553042124,-0.647558418,0.102051839,0.819784679,0.867965085,-0.638337467,-1.102020493,1.417925077,1.405159735,5.208908259,0.457582882,-1.259706741,4.976826153,0.340075883,0.134683494,-4.945145962,-1.245188418,-0.271212834,-2.062042355,0.835788372,1.690253214,-1.140884595,-0.771502053,-0.909428444,-0.444923497,0.547331582,-0.220844604,0,Normal
1.078181581,-1.038391414,0.563828541,-0.217681352,1.432350171,-0.855917259,0.433833862,-0.347342281,-5.045289716,-2.900497893,-1.26268955,1.143900954,2.182588988,1.921718027,0.387110731,0.787077156,-1.308260632,-0.311843237,-0.380492418,-0.970643897,0.203004539,-0.29130583,1.664048819,-0.860916326,0.46305073,1.617352076,-0.328120271,-0.805432281,-2.986236602,-1.688959033,-0.86765765,-1.244110846,1.507883009,0.320341887,1.888658482,0.109430852,-1.140094614,-1.40119903,-0.007670225,-0.670202456,0,Normal
1.338341338,-1.750160104,0.197956361,0.690083227,-0.127547126,-0.799825632,1.711978254,-0.122643985,-5.831437215,-0.875926188,-0.90070993,-0.547001241,0.445498523,-0.630347613,0.668939118,0.320394689,-0.520740023,-0.269537238,0.387756656,1.438508279,0.968719754,0.819983219,0.088412442,0.374833355,0.442464556,2.384424737,0.185943588,-0.060212752,-4.372975218,-2.188318253,1.433809872,0.174243853,5.595279902,1.166972289,2.225802355,-0.248155856,-0.083982247,-0.21379593,0.407553889,0.330367792,0,Normal
2.943396467,-1.685741629,0.295490024,0.105372963,-0.609023525,0.112338329,1.33080632,0.600664349,-1.224885415,-1.166565698,0.225987278,0.284737277,-4.797319134,-1.085333993,-1.465663066,0.125206073,1.49782898,0.363774552,-0.347568051,0.845078871,-0.82054169,-0.168312287,-1.272825942,0.47325783,-0.67358384,6.438006737,-0.195245763,-0.106547319,2.191976032,1.353531957,-1.853473102,1.51181448,-0.973876153,0.703604333,-6.139710592,-1.587509395,-0.565965514,1.504477927,0.233283777,0.399614736,0,Normal
-3.231740853,-0.878188194,2.101673707,-0.101852929,-0.945179486,0.057470953,-1.000060761,-1.675993257,0.711219363,-0.671406653,0.418890758,-0.910534814,0.388137971,0.734715192,1.358915649,-0.293987518,-1.181505933,-1.276599637,-0.366927827,-1.617723108,-0.642047914,4.795655402,-0.885843209,-1.250119989,-0.132604533,-2.412000652,1.548867766,0.563156141,-6.598828369,-2.044781586,-0.09670759,0.833072248,2.541082982,1.423470955,4.641476057,-2.281920885,0.751762646,2.387616645,-0.489684128,2.403878776,0,Normal
-2.592015788,-0.33665326,-0.590841585,0.785541951,1.47248396,0.672922662,2.109656616,-1.588811116,-1.086295633,-0.575237221,-0.472251538,-1.183185003,0.368968601,-1.326172235,-1.252335064,0.218914852,0.908794851,0.597689576,1.146068468,0.045296564,-1.418418662,3.326794297,1.62601321,-0.902077344,1.100757048,0.969029086,-0.189684886,-0.06774952,-4.35946641,0.566619905,0.750382486,-1.42169805,3.063148611,-0.635250096,1.111890769,1.085314751,-1.671807266,1.465531165,1.458741745,-0.94879915,0,Normal
0.529374037,0.519396938,1.033506459,-1.024787379,-1.679621352,0.279156139,0.11259159,-0.15186534,-4.310548507,-1.005038884,-0.195246394,-0.548823544,1.249895237,-1.187766254,0.442042582,0.018862959,-0.270469589,0.260166528,-0.567308965,-0.082310999,0.555335338,0.138861576,-0.054335558,-0.923751813,-0.888925463,1.618891032,0.122873707,-0.70109027,-2.683274422,-0.741825771,-0.013222006,-1.336700896,3.194885057,0.935699098,2.210277923,0.782574382,1.51063596,-0.02741232,1.119280293,-0.845158441,0,Normal
-0.595426699,-0.425231726,-0.7101388,1.047692289,1.470982171,1.473635284,0.278810515,-0.068877024,-3.769603778,-3.279800918,0.588281325,0.17489022,1.540259644,0.208558177,0.633467572,-1.648553478,-0.397139904,-1.504477461,-0.222828596,-0.841780892,-1.045438166,0.897250124,1.526643056,1.040270695,0.892151261,1.594104406,2.256953557,1.135245413,-3.785861014,-0.93101484,0.712595654,-1.693335879,0.643553462,-1.155738111,2.189216258,-0.591750175,-0.382341069,-0.211837603,0.01793959,-0.922079099,0,Normal
2.549401632,0.364096288,-0.77337064,0.703566638,0.257682657,-2.212198801,-0.412974227,-0.91138061,-1.039798327,-0.558332847,0.22061481,-0.767783831,-2.612888736,-0.264585364,1.137964612,-1.203248734,-0.303981647,2.1441479,-1.212266154,-0.491038864,2.328746536,1.704264534,-1.358518519,0.774216542,1.003164782,2.622950052,0.376007,0.199402349,-1.773513335,-1.402301994,2.143947814,2.312643222,0.736708022,0.199848382,-1.876315019,0.333325474,-0.682796175,1.272712612,-0.65323671,1.200953497,0,Normal
4.053973628,0.633334913,-2.706896115,-1.106434245,-1.336753054,-1.387484899,1.297848334,0.230434848,-6.0727858,-2.593910946,-0.044361567,0.533304539,-3.361010264,-0.18186297,0.863371298,-0.54377831,-1.452375149,1.75203597,-0.218455595,0.666812305,0.222098091,3.341798865,0.545541893,-0.241415059,1.013103918,5.868209613,-1.370591724,-1.572836415,-9.892089944,-3.075714077,0.298220312,-0.299659833,0.421856046,0.67269107,2.354077556,-2.231085741,0.122032844,-0.631635968,-0.544869512,-1.357736747,1,Intrusion
1.251233306,-1.664037315,0.384833318,1.345003043,0.704831634,0.147487801,-1.035781312,-0.316473687,-3.044027744,-2.660588818,1.60772378,-0.312037425,-2.242120045,-0.38810728,0.989581372,1.262927466,-0.643951469,-0.612453407,-0.55350742,1.596066631,-0.09246585,2.006556274,-2.937505459,-1.496262696,-0.510422894,3.118332437,2.844818049,0.091311154,-3.857229039,-1.978176991,-0.788379854,1.475742109,1.058746658,0.89318246,1.266125462,0.136065509,-0.974042592,-0.226585689,0.820283959,-2.614395535,0,Normal
0.058724705,-0.001148455,0.703459035,1.088437816,-0.359019652,-1.455386914,-1.929446254,0.76915863,-1.479963579,-1.427353444,-0.584175915,0.316293584,3.545859351,-0.362753353,1.033141369,0.527455483,-1.632482875,0.078599959,0.5450902,1.03879777,0.890448661,-0.341024506,4.222069514,0.165165437,-0.911633574,-0.195952901,0.102963473,-0.649931309,0.108898246,0.352151785,-0.438142325,-1.979384161,0.02821077,0.169998568,-1.232749678,-1.051687775,-1.852193456,-0.71047987,-0.775769729,0.784817963,0,Normal
2.180150726,-1.892079342,-0.581908017,0.380349284,-0.513716735,-1.999255786,-2.385446087,-0.66127541,-1.306558856,-1.058636205,-2.186096308,-0.371150854,-1.458026286,-0.36393047,0.38129918,-0.613908131,0.319054777,-1.990764699,-0.943351804,0.112237112,0.667029786,1.325864392,-1.03996645,-0.801298562,0.518647027,2.100311606,-0.017608058,1.546172258,-1.224007955,-1.365065385,-0.268038974,1.946402019,0.835031282,1.300587124,-1.686396566,0.825126587,-0.897431126,-0.301626527,0.964117009,-1.531951281,0,Normal
1.364542999,0.237421434,-2.118164777,-0.503886224,0.005403707,-1.229480978,1.854210598,-0.451715059,-1.632129022,-2.180609099,1.033864221,-0.488667827,-4.300635823,-1.034319997,0.167301241,1.082628427,0.513559526,0.788334117,1.326027631,-1.443281897,1.334014184,2.556621372,-1.03885006,-0.62957329,-0.76839757,5.118327079,0.318538121,0.945200505,-2.544894804,-0.549258259,0.36603416,2.057935883,0.395455771,1.464383917,-2.978123403,-1.02524518,-0.695138382,-0.055918944,-1.798091744,0.620262603,0,Normal
-1.617512043,0.999936476,-2.155342399,-0.917395288,0.224540123,-0.272163255,-0.165521806,1.462262953,-2.148893577,-3.476436177,0.107613539,-1.550860112,-0.058506699,-0.055911209,0.587577862,0.414875936,-0.7908267,0.170058143,-0.230264395,-0.471635827,0.862595958,3.581763623,0.060245595,0.379198255,0.286887445,2.108320901,-0.805414013,-0.568669928,-3.995772528,-0.973641093,0.213264772,0.65043716,2.413587215,1.443227208,0.027140353,-0.254537663,-0.678652686,-0.411798825,1.023984057,-0.975567799,0,Normal
2.330758389,1.259247575,0.019767347,0.129485975,0.022420312,-1.235558387,1.261239388,-0.57424027,-3.335204556,-1.213842999,-1.033189245,-0.90227629,1.085963863,-0.511363679,-0.997007399,0.122688346,0.374811116,1.355560942,-1.915369651,-0.013507864,-3.533253901,-0.8574696,-1.16468459,-0.236839088,-0.484060487,2.382982997,0.578358806,-0.281541034,2.679151882,-0.443148285,-0.511544795,1.39921655,3.805917012,-1.066697732,-3.259700181,-0.948353485,0.951900996,-0.02998871,0.14458192,1.100702662,0,Normal
1.866635403,1.299964104,0.849919457,-0.876369237,0.236083143,0.459901765,0.582982923,1.32749034,-0.812189912,-0.667940816,-0.923616587,0.494260488,-0.788180252,0.106009851,-2.154460084,-1.569595633,0.331479535,0.126733669,0.091366656,-0.991459055,1.361246977,1.596034643,-1.057056131,-0.092184966,-0.652335672,1.333817518,1.491218178,0.051050164,-0.083156639,-1.494515168,1.077092415,2.969130819,2.493641566,0.238414818,-2.792578042,-0.552385745,-1.202494632,-1.392266781,0.015161838,-0.981633114,0,Normal
2.966347586,2.503216344,-0.714822259,-0.284281719,-0.300532072,-0.707093297,0.193412288,0.760102385,-2.238441066,0.18697335,0.067998727,-0.944150695,-0.681144577,-0.497530677,0.093447583,-0.267237544,-0.583279441,0.619967565,1.127188148,1.798341142,-0.00921048,-0.355594353,-1.562294065,1.13936266,2.074222401,2.589648706,0.076395708,-1.89545074,1.539591027,-0.303737242,-0.688652737,1.392673439,2.690521825,0.189745063,-2.861675704,-0.238956505,1.952530657,0.177567959,0.190188454,-1.712574255,0,Normal
3.598645296,1.668057083,2.032680016,0.287588199,-0.170441633,-0.013695893,0.040019089,2.372152765,-3.336988869,-0.689357851,-0.30911719,-1.954903585,-3.509815622,-0.216670643,0.497309719,-0.820121143,-0.688043593,0.062143442,1.237728336,0.233544183,-0.139082117,0.557284028,-0.040641691,-2.359362633,0.444354718,4.150879133,0.339048437,-0.275295436,-1.867927847,-2.442178635,1.029903072,3.483560694,2.517769795,-1.79376565,-2.727722776,-0.805687493,0.687143844,-0.04781327,0.819399901,-0.83499851,0,Normal
-1.303583485,-0.431354082,0.641822446,0.387846118,0.538815416,0.442801214,0.475274727,-0.390076844,-2.627786553,-2.360520904,1.09556813,1.017900267,1.909849157,0.811992843,-0.708715721,0.338651115,-0.874803823,-0.088486539,-1.21697224,0.124092004,-0.344505248,-0.191567359,1.04934783,-0.358919673,-2.326744632,0.303679213,0.719075001,-0.917877885,-2.213491307,-0.282466686,0.294449244,-2.136503536,-0.015144423,0.097285532,2.839807185,1.483098228,-0.985230934,-1.298375392,-0.803770831,1.097662279,0,Normal
-1.213517768,-0.664157612,-1.65000494,-1.624334313,1.680543272,-0.51502956,2.43871939,-1.751310711,-2.258123015,-3.335964953,0.459523612,1.187413577,1.737716706,0.098452918,1.03737011,-0.164444677,-0.104008637,-0.287170986,-0.701701554,-0.792218233,-1.320782069,3.456763652,3.487245448,0.665853418,0.504621851,1.982812724,0.334324709,-1.372176651,-4.476967212,-0.091424759,-0.720811326,-1.605108463,1.13260807,0.085599307,-0.664129699,-0.122800935,0.827208799,-1.11387937,1.057218889,-2.799146714,0,Normal
0.123101896,0.868926658,-0.8307429,-2.059062059,0.919119153,-0.978658146,0.530593279,2.109599921,-2.45667857,-2.375496359,-1.182272145,-2.087411315,2.340716009,-0.010975109,0.952616149,1.509688961,-0.468583779,0.531593777,-0.391642483,-0.60824877,0.573401424,2.152404651,1.962604889,-0.146159569,1.445371836,0.968659007,1.442016331,-1.768680075,-3.250984465,-0.631705563,-0.282935168,-1.310341288,1.288141883,0.320433311,0.223122683,0.827915299,1.7512581,0.283481227,1.282923516,0.299423834,0,Normal
1.36897048,0.624316192,0.86590691,-0.349624503,0.139706856,-0.202398289,0.690745656,-0.728608765,-2.270666194,-0.869166442,-0.367460639,0.112256321,-1.701275133,-2.394466241,-1.821331434,-0.090841672,0.746575699,-0.632036575,0.151476017,0.223157794,-0.022009712,2.065914074,-1.222367069,0.21242975,0.285480697,1.364121993,1.346726274,-0.360157689,-3.321951587,-2.993924425,-0.851345093,3.350114546,3.522234261,0.079132948,0.171166498,0.783652694,-0.403690416,-1.246994547,-0.22815654,-0.558240453,0,Normal
-4.218235686,-2.236583393,-0.927393861,-0.608236907,-0.308566116,-0.870954295,0.701029209,-1.754954305,4.512230779,-1.405008711,-0.43401776,-1.637623599,3.09562505,-0.64662646,-0.791576,-1.569264288,-1.16647703,-0.718574162,0.65068802,0.065131735,-1.192210426,4.709204058,3.553909676,-1.732943232,-0.526994767,-3.80168884,0.713909831,0.302852512,-2.752172391,0.574042423,-1.233105251,-0.971472398,-1.726594451,1.069997179,-0.124958646,0.258636935,0.087639491,0.664739144,-0.163946572,1.273943901,0,Normal
2.650996545,-2.888718354,-1.940777114,0.321151142,-0.655673144,-0.189560995,0.35047596,-0.150017913,1.108313739,0.721353419,-1.410217324,0.356459685,-1.779457284,0.795419203,1.404960462,0.741863916,0.256054033,1.353956801,0.885934609,-0.228433828,0.816814378,0.705641578,-3.016013453,1.075510042,-0.004337453,2.273029037,1.152745985,0.534356447,2.153304716,1.392561415,0.134461444,0.432597015,-0.989327244,-0.949884616,-3.462079294,2.424739793,-0.378457063,-0.930677154,2.172794613,-0.550569011,0,Normal
1.724790126,0.156696903,-0.398255186,1.230835216,1.07630804,1.367277804,0.96763541,-0.403883721,-4.497215791,-1.508974448,0.026641651,0.453873376,-1.483542792,-1.163270398,1.032726373,0.713296646,-0.347480633,-1.137359607,0.216646946,0.348877035,-2.90203953,0.95495629,2.039313938,1.509486388,0.901537183,3.358998543,1.587655381,-1.778354788,-2.859130289,-2.671387766,-0.561152414,2.875277386,4.687637151,0.86312306,-1.894032928,1.568255014,-0.368966651,-0.048056716,0.150710233,-0.238352519,0,Normal
2.669175837,-0.481481677,1.789546056,0.33116474,-0.159935395,-1.176962502,-0.452934025,0.160123961,-2.170455769,-0.806583223,2.680866589,0.12774782,-3.395924073,-0.970204162,1.410646062,-1.693825818,-0.472073706,-1.572429062,-0.131942604,-0.33069427,-0.682911881,2.408382942,-1.280701243,0.420774128,1.291206729,3.186340746,1.166783557,-0.546392496,-4.31119738,-2.352383392,1.36691533,2.483596928,1.322541546,-2.722302795,-0.395089891,0.634078224,-0.451339903,-2.149296224,1.65170202,-1.905943215,0,Normal
3.121332098,1.130168401,2.071595926,-0.127761412,0.168642593,-1.095083197,0.951034234,-2.458453717,-3.420154423,-0.578828972,0.523165244,1.429924478,-1.424482505,-2.111557529,-0.516631253,-0.084791179,-0.30869632,-1.647219775,1.980614335,-0.81074174,0.272397087,0.501520187,-2.481339189,-0.374740706,0.191046992,2.744994937,-0.02520254,-0.809810672,-1.069500329,-1.99127967,0.478442623,2.395319937,3.429729385,-0.024351981,-0.900517737,-0.7558544,-0.980657295,1.021152829,0.490425228,-2.008586447,0,Normal
2.829808436,-0.234507653,-1.075226556,1.022484387,0.531079062,1.515578286,2.08012076,-1.324012066,-0.239310301,1.049865067,-0.472777436,-0.931815114,-0.686176495,-2.850889148,-0.433108472,0.01513042,-1.626164483,2.344507955,-0.537227101,1.060329918,0.592950744,2.869301575,-3.110011782,0.000563663,0.614544947,-1.529768922,0.151704884,-2.714592108,-3.909993926,-3.910304986,-1.310033445,3.698238045,2.74487264,1.236909632,1.895096568,-1.884002846,-0.121457365,-0.045638567,0.043396191,-0.074521795,0,Normal
2.717632876,-0.149978533,0.82261913,0.024419611,-0.513691031,-1.218222468,1.377377568,0.856845694,-0.533864835,0.342290159,0.422409666,1.16211911,-1.430854668,-1.389626381,0.949235684,0.392135062,1.108045089,-0.292507939,0.336827707,0.624538481,0.039465685,0.540294492,-2.766669411,0.67324923,1.74385426,2.08954807,2.61850008,-0.917055767,1.181433138,-0.062169221,-0.010352605,1.477327866,1.07622626,-0.64641288,-2.521432534,-0.333906774,0.872040958,0.042337023,0.626329948,0.36651183,0,Normal
-0.899256994,-0.002909611,-0.438821059,0.191940851,0.0437169,0.729218025,0.471725958,-0.235523857,-2.311085642,-0.2205488,-0.665058957,0.912038449,0.722404262,1.96581654,-0.432436041,-0.841213568,0.982383262,1.073531615,-0.372267012,1.993000412,-0.096523812,1.470280575,-0.543676694,0.902869832,0.381824624,-0.402845206,0.484794635,-0.331413089,-3.531900534,-1.646295553,-0.047474759,0.422425549,3.969532687,-0.899998507,3.019818307,2.219400183,1.060537877,-1.273799122,-0.225367148,0.525280479,0,Normal
2.546414428,0.459598022,-0.181379648,0.686876935,-1.266352174,-1.088501209,0.909029468,-0.766809871,-2.770395154,-0.076758555,0.40015143,1.41817488,-0.97245104,-1.753504488,0.03646515,0.60721617,0.326736599,1.383402699,-0.581543388,-0.94306549,-0.210760892,1.872002546,0.514876183,0.225136551,-3.318567469,0.621903096,0.040230548,0.255489955,-3.8776414,-4.106717386,-1.663196626,4.009129351,4.485301473,-0.347939322,-0.108995423,-0.15801306,0.011704834,-0.365004952,-0.924132755,-0.961271263,0,Normal
-2.039727282,1.130893067,0.784765983,1.306863535,0.032902623,0.477410306,-0.847940412,-0.589545258,0.540354805,-0.681802482,-1.052464347,-0.91645366,-1.987632079,1.042999302,0.919987134,1.188407363,0.665576314,-0.838175832,0.566797348,-0.319810133,-1.055872245,2.475218905,-4.556270692,-0.8767501,-0.754707605,1.426080266,-0.177437581,1.503804222,-2.998128207,1.591270014,-0.950924529,-2.05746912,-1.06362799,-1.469657443,3.37941952,0.422663444,0.894357611,1.13094425,-1.190733656,-0.964996905,1,Intrusion
-1.065370388,0.063147849,0.134296293,1.3194297,0.817383529,-0.306524693,-1.241638354,0.924986077,-0.316651266,-1.883736495,1.30694048,0.15056071,0.58600656,0.319125802,-0.484187597,0.916546689,-0.724470494,1.031292022,-1.068909077,-1.603884137,-0.202033798,3.421485845,-4.775848472,2.168676558,1.052144384,-0.664571626,0.760723356,0.897277353,-3.432498177,-1.195552437,-0.236905271,0.414519114,1.341252719,-0.956678757,3.448411526,1.272463243,-0.988695089,-0.648963144,-0.290896728,-0.912542415,0,Normal
0.710705109,0.129599255,-0.43290426,-0.956120182,-1.914991636,1.478572802,-1.00103897,-0.068452702,-5.035089206,-3.772417416,0.38253162,0.273561503,-0.513624299,1.141047411,-0.567291948,0.959149576,-0.744805612,1.060091633,-0.929612578,-0.228332564,-1.437270895,0.864254099,1.881254786,0.164489412,1.355946563,4.333859629,0.162912855,-0.113700761,-3.869547655,-1.04538741,0.024254861,-0.74982169,0.985379798,0.56585509,0.026261447,0.47690762,0.29628008,0.486279402,-1.215452717,-1.80445612,1,Intrusion
-1.73571406,0.67041884,0.626702885,-0.478447534,0.110427178,-1.127036868,-0.915053732,0.188944181,-2.100225869,-3.641811369,-0.582503587,-0.539286684,1.086189795,0.295992263,0.554356798,-0.429442702,1.427713258,-0.871373622,1.716443624,1.596405301,-0.383448986,1.137198645,-1.473779977,0.403033077,0.418956104,2.442984145,0.127002627,-0.079992105,0.772549201,1.041251164,0.758572112,-0.537742866,1.823337034,-0.464950477,-1.406760755,-1.049233575,0.431118368,0.277979195,-1.034679068,-0.380377015,0,Normal
-3.798005916,0.258517147,-0.783140892,-0.628564748,-0.601682208,1.717009995,0.649106418,-0.328454487,3.422403773,1.955847205,1.746520234,1.051448452,1.311124941,0.419180147,-1.568154733,-0.555464311,-0.644462612,1.051045909,0.331053641,0.951462426,1.89428137,4.026810497,2.599568235,0.659473672,0.889813595,-2.121053363,0.3286093,-0.375423496,-1.421816829,1.76097041,0.046749613,-0.506219726,3.137939669,-0.072082593,-1.441421609,-0.058443531,0.035058501,1.254611465,2.730128797,1.534107787,0,Normal
-3.665782062,-0.507392198,1.344464303,-1.11688845,0.915345471,-1.443681179,0.180560008,-1.011378152,3.122353324,1.683385111,0.19632713,0.197992833,1.211781382,-0.381716278,-0.235537596,1.210620207,-0.821284227,2.177671021,1.766329113,0.569151113,-0.550527156,3.688711192,1.396348571,-1.622435443,0.208012607,-2.426866356,0.925577696,-0.381952775,-1.696345097,1.243436231,0.55698816,-0.370313338,2.767411549,0.009920139,-0.109221293,0.247675469,2.20515953,0.349932122,-0.352590077,-1.456573534,0,Normal
-2.14550877,0.762872162,-0.763705984,1.540561893,0.232501499,2.244141339,1.438883357,0.348232689,1.62969168,-1.049618101,-0.513700761,-0.325976755,2.767709335,0.433821115,-0.136175272,0.835849639,1.387857928,1.421383952,-0.525871035,0.508682886,1.700614358,2.48726118,0.859459632,-0.48109403,0.758316101,-1.774377928,1.684924487,0.952316257,-1.428282515,1.01072961,0.654828173,-2.022417544,-0.781130561,0.552114383,0.769811065,0.726368441,1.445442925,-1.293865118,-0.116430887,0.716876116,0,Normal
0.545299033,-0.515732511,-0.275812343,1.098677885,-0.862019346,-0.822875429,0.397882914,1.339523876,-4.778820989,-3.905053499,-1.032525653,0.420758697,2.205292219,-0.331314862,0.063364256,-1.646792168,0.423329645,-0.362593552,-1.192946455,-0.095079291,0.552411645,0.65749316,1.376064346,0.500177022,-1.076734023,2.357409245,0.394553352,0.07547959,-3.888398829,-0.781176966,-1.16765392,-2.657015893,-0.039325886,-0.074838731,2.158219593,1.392508018,1.488004498,0.512061864,-0.297909165,1.093294426,0,Normal
-1.167990505,0.184497884,-0.710776425,-0.817233344,-0.455473068,1.030005026,-0.169820992,1.198685333,3.057582032,0.117247003,-1.203069307,-1.137532344,-2.257661904,-1.064081866,-0.500976098,-0.453686397,0.563177825,-1.10122709,1.100869292,1.394366982,-0.121972689,2.323920064,-3.970113358,2.765102475,-0.261735996,0.087223698,0.581393863,0.278174073,-1.533361152,1.422220544,-1.578931171,-0.986005076,-3.297193738,0.68227517,1.738557296,-0.922207853,-1.357316878,-0.738382568,-0.808587848,-1.066599415,1,Intrusion
-0.535895998,-0.560180274,0.127475747,-1.406311833,0.36797261,0.102546597,0.808675478,0.628969587,-3.644766709,-4.158945571,-1.335964699,1.360582803,-0.839566043,0.052173277,1.316766688,0.068898332,0.021367616,1.254577998,-1.416395376,0.803257723,-1.541084654,1.952338151,-0.0447712,1.595111643,-0.213829528,4.320626962,-0.484612933,0.727933854,-2.258118907,-0.322115429,0.849224263,0.335711058,1.929750049,-1.353684439,-1.492572579,-0.143768102,-0.285231584,0.580787515,-0.741420355,-0.415146299,0,Normal
-0.786689718,-0.892972735,0.113421995,0.430564467,-0.346932871,-1.293838528,1.297866739,-0.678263021,1.426219815,2.615654962,-1.070003336,0.535237746,1.895799537,-0.218400996,1.891328149,0.407938794,0.864783326,-0.236315137,0.403229755,-1.33572191,0.415624223,-0.493102402,-0.52451746,-2.134950021,0.320018438,-3.722993821,0.006826281,-1.970359596,0.514092509,-0.356014243,0.11192167,-0.051368924,1.653017506,-0.415004393,2.429273547,-0.431563935,0.247591629,-0.032537995,-0.473938061,0.964845791,1,Intrusion
-3.768919455,1.117546463,0.897281693,0.462836036,1.177331035,2.125973684,0.415944072,-0.122253779,5.088931103,-1.749536168,-0.959890273,0.323833366,3.694848304,0.8626079,-0.59834324,2.051892151,0.520462895,-0.190276715,2.225300647,-0.858083277,-0.512888721,3.983642681,1.087287171,0.732479714,-1.117669591,-4.688806066,-2.577327537,1.649919605,-1.478187414,0.626477989,1.501161093,-1.258381638,-3.322514027,-0.611792054,0.990612493,1.297836284,0.757366434,-1.7953446,-1.008843817,1.106546272,0,Normal
0.842588903,-0.373915015,0.050823849,-0.149407558,-1.675650964,-2.269385689,-0.793646546,0.09896985,-9.124507174,-2.942265492,0.462596311,0.163686255,-4.473805526,2.169358027,1.251388667,-0.550834864,0.529463709,-1.684183812,0.690253351,-0.649052,0.009199619,-0.443520004,2.011100415,-1.062386081,-1.083317176,9.690514748,-0.622560949,-0.973049529,-6.724977445,0.697605609,-0.570904738,-3.642450738,1.980230109,-0.090047867,1.897308257,-0.519955873,-1.615230546,1.437634665,1.354699853,0.47310353,1,Intrusion
1.476443782,-0.913065416,0.225079184,0.972582967,-0.413468512,-0.691303113,0.651637775,0.195193208,-0.656892177,-0.948830482,-0.673954257,-1.540366271,-1.331331063,-1.026976981,1.355564226,0.704614539,-0.477229681,0.332575044,0.246288957,0.568932236,0.272827136,2.11832659,-3.53245851,-0.742845764,-0.319208515,1.356580937,-2.043837244,-0.274266009,-1.941495689,-1.079501818,-0.487848977,1.309938104,0.577452095,-0.822882213,0.35502046,0.259713797,-0.833486191,0.575623132,0.000687159,0.530173996,0,Normal
-0.55695312,0.496580847,0.543391427,-0.471930999,-0.36372209,-0.330315403,-1.256482889,-0.575151291,-3.926446774,-3.843911477,-0.04334106,1.390239201,0.771726638,1.515822206,-0.613142086,0.770370586,-0.282070005,-0.607879757,-0.945137142,1.540467154,-1.864577116,0.873622923,-3.337630488,1.303790752,0.181722739,2.901626591,1.258162993,-0.09097684,-0.196301068,-0.25722332,0.419610585,0.200753468,3.1394701,-2.386344059,0.116357655,1.175501029,1.052919947,-0.359407089,1.604709819,1.385034569,0,Normal
1.818119581,1.251562176,0.149127279,-0.508599523,0.957529301,2.114487734,1.850182689,2.216774418,-3.157571798,-1.344929398,0.711924912,-0.753676386,-2.006415628,-0.297230229,0.323398653,-0.412727545,0.657655065,-0.317784933,-1.16463592,-0.173401637,1.119096928,1.863815182,-1.54379585,1.159104689,-1.293327767,2.324096488,0.277483002,-0.330282309,-4.188082574,-2.7709354,-0.108259309,2.2891228,2.569988628,-1.655803579,1.035181576,0.148118469,-0.062844581,-0.126839942,1.244739024,1.599768225,0,Normal
-1.176962289,0.993109322,0.572523855,0.883386426,1.124994726,1.458566689,-0.635642006,2.263868728,-4.763716194,-3.107017812,-0.587291537,-0.486131901,-0.461002325,-1.152578479,0.035179576,-0.652841474,-1.141623142,0.513522471,-0.067936868,-0.280289342,-1.218708339,4.951308978,0.66838172,0.680132083,0.558616667,2.14748008,0.346859312,0.135129165,-10.34575898,-3.077295661,0.139428677,-0.17672923,3.834290582,-0.438462538,4.898697821,-2.253626181,-0.612963635,1.110723953,0.593046205,-0.460472391,0,Normal
0.113216665,-1.286665115,0.427071749,-0.174103857,0.58052105,0.836594446,0.025516826,0.841920001,-2.581178337,-2.435582799,-0.602663822,0.372507173,0.048085796,0.83923143,-2.226539377,-0.254996906,1.28217829,1.035958586,0.272370518,-0.108512312,0.857775326,2.545013027,-1.000572641,-0.555122709,1.357852769,1.258506954,-2.555097501,-0.432115511,-3.510475026,-2.172444237,1.075929737,1.652867677,2.922891086,1.413742163,0.763200438,0.351942588,0.47751979,-0.900294399,0.255645043,-0.196188384,0,Normal
1.662760352,-0.76254353,-0.786542387,-0.64840862,-0.037291609,-1.311601233,0.665560523,-0.019749207,-3.299013048,-1.296088191,0.7007675,-0.804997604,1.342353047,0.558868887,0.02393695,-1.131911617,-0.064629043,0.879691062,-0.590731072,-1.187604569,0.777244262,0.511872142,-0.930338708,0.019560899,-2.335890188,0.351587316,0.510521955,0.909674827,-0.657563261,-2.763824365,0.527799884,2.71240459,4.690309454,-0.849822831,-0.374141131,-0.592291289,-1.048236079,1.091756281,-1.70602793,1.679833161,0,Normal
0.324869937,0.726430819,-0.755775704,-2.065025826,0.546541229,-1.921221203,0.365491235,0.432151556,-5.034848389,-3.077528472,0.214634904,-0.940973191,1.278191351,1.288063128,0.859918281,-0.278616934,0.986053273,1.710139315,1.495814635,-0.519909958,-0.406664911,2.971768962,5.238472189,-1.341130363,0.139213139,2.86614114,-0.076934001,0.071212049,-6.508174241,-2.092559014,0.56806496,-0.414307711,3.540493251,1.487816769,-0.216789446,-1.319609625,0.134131685,0.7474594,-1.173316799,-1.674899473,0,Normal
-0.723594661,-1.379184464,1.862246919,0.639694429,-0.758355407,0.44984893,1.522162736,2.322473928,-2.287530833,-3.251698337,0.252830799,2.046538108,-1.230667022,-1.033414896,0.160094848,0.905761988,0.775963658,0.334979634,0.332234153,0.320293298,1.260951467,1.553887375,-2.140751503,-0.036921809,-0.178033698,4.30214813,-1.433553938,0.275095923,-2.668330592,1.89640775,1.075525426,-3.243132848,-1.965542725,0.095501891,1.197196008,-0.13222853,-0.008740116,1.196352348,-0.159836939,1.191725835,1,Intrusion
-1.696346915,1.558877331,0.673924915,0.76545413,0.245530495,1.014216032,-1.020453172,0.348996018,-0.155254793,-2.336294315,-0.271131246,-0.289814747,2.404238043,2.292317942,1.416645363,-2.420766406,-0.603663314,-0.105140486,-1.33689581,-0.62763208,-1.148100727,1.962187233,1.137369266,0.251199003,1.046867247,-1.643056221,1.143826767,-1.18478772,-2.83165811,-1.085312941,-0.687958231,-0.593471403,-0.353730491,-0.099401553,2.052931942,-0.709027818,0.42351444,-0.010425855,-0.94827646,0.163352384,0,Normal
-2.019372818,-0.094871767,0.309102984,1.271376075,-1.451404265,-0.01351137,1.298240346,0.595069399,-2.823123414,-0.644688866,0.87602209,0.86431459,0.178896405,0.825595204,0.683652532,-0.563578437,0.494579748,-1.889310769,0.092991094,1.318310512,-0.309874858,1.278876952,0.376782284,0.1914481,1.692974249,1.192990134,-1.084642237,0.596814983,-3.762299962,-0.046333836,-0.752523853,-1.442109992,3.31816022,0.431229703,2.898161588,-0.296599884,-1.988880842,-0.567957923,1.138164506,-0.681727929,0,Normal
-0.912136431,-0.337754563,-0.319210174,-0.311067669,-2.07150741,1.417857847,-0.189549761,0.554341352,-3.187869703,-0.646839271,-1.681279669,1.158918248,1.49522044,-1.001715259,-1.504889116,1.320624077,1.796592895,-0.834963227,0.69304814,0.802983684,-1.404918172,-1.121084877,1.337333016,-0.867989196,1.581156621,1.377294956,-0.60218073,-1.106911104,-0.420887366,0.911488007,0.689317107,-2.380749046,2.167954606,-0.274753688,1.155933545,-1.034558138,-0.54887385,1.120381299,0.212637516,0.197855494,0,Normal
-0.470664614,1.417790129,-0.052708434,-0.416100606,0.921272487,-1.49894819,1.231257451,-1.261487111,-2.19527206,-2.785727385,0.769346229,-0.608927962,2.316599588,0.606246235,0.108861683,1.472703395,-1.12712937,1.551393657,-0.352098772,0.544417971,-0.536131839,0.999399726,-1.437147866,-2.577005052,0.850761643,0.930800983,-0.724836865,-0.317678666,0.604857552,-0.121431684,-0.854157863,0.078465705,2.609692869,-1.061444473,-0.826035255,0.420968085,-0.230669571,0.522343009,-0.104548866,0.040496078,0,Normal
0.435423076,0.284257969,-1.839688444,0.364082843,-1.634854169,0.768766631,-1.071555518,-1.242261579,-1.645312642,-0.993224112,0.647806122,1.947353885,0.439963036,-0.488498858,1.568317675,-0.54900397,1.899046911,-0.401945291,0.001000209,-0.404495376,3.177507011,2.92084554,1.441137941,0.333524736,-0.326709893,-0.647418926,1.871347908,-0.098020949,-4.285364407,-3.601545957,0.547445491,3.23653227,4.0090802,-0.538098035,0.343580263,1.139006805,-1.106440138,0.366984565,0.734912332,-0.028773641,0,Normal
-0.299663932,-0.717074769,-0.7238593,0.622248679,0.046094564,1.257348332,1.828688033,0.595496473,-3.393895816,-2.180505627,0.0006434,-0.325729021,2.03850503,0.220103654,1.335890285,0.598399041,0.554069302,-1.703351043,-2.116699479,0.512805283,-1.472640502,0.440691097,3.777625423,0.43960307,-0.385407427,2.081427023,1.118913613,-0.531267306,-1.789461848,0.275134264,0.012021911,-1.947728722,1.653273583,-0.446355064,-0.865206423,0.489607711,-2.692459482,0.641029506,1.39602914,1.91257358,0,Normal
1.19882973,-0.369273883,0.228914272,-0.415442976,-1.26183203,0.011000785,-0.19416236,1.748531027,-3.68765916,-3.301819729,-0.269477833,-0.815534491,-2.168545213,0.479831126,1.816666501,2.22979851,1.649700772,1.236458782,-0.667875851,-0.336476231,-0.894802727,-0.999839695,-2.178408315,-0.905034267,1.026059441,6.786511095,0.461170277,0.346906248,2.840883693,2.253355241,-1.703363368,-0.719237691,0.350472849,-0.452665063,-4.321430874,0.556186488,-2.186247579,0.087498087,-0.334775533,0.645652606,0,Normal
-2.046921724,-1.163969975,-1.050803748,0.067337409,-1.623078378,-0.980643699,0.789816278,-0.675546311,-2.783642213,-1.823920452,0.542011961,0.125843911,1.073173698,0.619317657,-0.396770123,-0.645115302,0.130592969,1.358461087,-2.043758482,0.571448224,-1.063953607,0.746951053,2.973215085,0.737065135,-1.403606237,0.534496445,-0.22155316,0.734933261,-3.51829151,-0.893434429,-0.186280402,-0.892890311,2.121112479,-1.327755982,2.022239789,0.007198709,0.059074464,0.430031926,2.341337458,0.130444907,0,Normal
0.309570554,-0.865847182,-0.547434075,0.507700457,-0.447538848,0.035749628,0.243752702,-0.824712392,-3.385214738,-2.107569824,-1.126428574,0.882000433,-2.850042952,0.86523328,-0.991149647,1.258223371,0.905753024,0.675152264,1.00800335,-0.640653076,-1.103470128,2.758543265,1.549732184,-2.288340436,0.252529003,4.137570426,0.043942358,0.306837893,-4.948068731,-1.755303431,0.387513555,1.849963631,3.018782661,-1.464672374,-1.090100674,-0.67784226,0.259978922,0.494310302,2.413395967,1.022912715,0,Normal
1.192140804,-0.262702296,0.649378102,-0.138688138,-0.617575299,0.051674235,0.538613989,0.421267082,-4.496566539,-2.098326287,-0.227346271,0.667375336,-2.388725467,-0.85532043,-1.721704247,-1.336723944,-0.002543934,-2.611665304,0.531541923,0.686832119,-0.256975296,1.36200323,1.167010266,0.826377944,-0.067285205,5.285992698,-1.070244333,0.133801342,-5.317127172,-0.132504612,-1.980941718,-1.849732819,0.215908747,0.153783299,0.849911987,0.199015357,-0.041092276,-0.709865851,0.177981017,-1.019780139,1,Intrusion
1.147002269,0.19283737,0.469994279,0.774122561,0.136429221,-0.501121108,0.133838001,-0.37510477,-2.437629592,0.661044291,0.755155974,0.038861805,-0.262429906,-0.596133322,-2.576883381,-0.328995181,-0.194436898,-2.290148712,-1.097316957,0.320319735,-1.25906969,-0.246854444,1.521428396,2.194828428,1.305574049,-0.177743578,-0.414655785,-0.227358325,-3.516049964,-2.329602774,1.166110776,0.551312446,1.73524651,-1.539207057,2.632446418,-0.52952946,1.928303096,-1.524175538,0.251295477,0.01873096,1,Intrusion
-3.022776338,0.696242101,0.031174482,-2.63534018,0.749228824,-0.738811354,0.357627789,-1.54186299,1.643975313,-2.749589153,1.533743863,0.642319778,-1.858044934,-0.612320999,1.869603843,-0.350773918,-0.763204134,-0.892966024,0.043845229,1.067638315,-0.152140922,4.499302419,-3.439882433,-0.520296639,1.233785289,1.366827414,-2.672525092,-2.482595329,-4.662036807,1.297171896,0.15434459,-1.886920708,-3.001836644,-0.829384152,2.796660387,-0.937324275,1.688809099,-1.017579191,1.505400331,-1.192243667,1,Intrusion
0.241707931,0.446232965,0.154280679,-1.110854527,-0.156114989,0.964238124,0.564519205,-0.513705019,-3.762661497,-3.861450942,-1.405288332,-0.315343502,-1.956980655,0.442823647,-0.773037395,-0.316896056,0.233727045,-0.366180967,0.261977533,-0.005470697,-0.082036868,1.542576933,0.059424831,0.489460838,0.838959136,5.602431717,-0.993262411,0.000628447,-1.225096313,0.052901498,1.328478431,0.862621861,2.026010467,0.58684267,-3.281642424,-0.079812305,-0.418725772,0.015159737,-0.326724765,1.455182908,0,Normal
0.89263689,1.313738189,-0.249300646,0.16669951,-0.079764018,0.34308564,1.442999183,0.191304001,-2.466474268,-1.855129285,-1.211025441,-0.801193838,-0.742014223,-0.971951086,-0.525596988,-0.436008337,-0.549629705,-0.683401813,-0.797446918,-0.736655795,-0.204246476,0.354712897,-1.276233875,-0.203505377,-0.587972169,3.600557232,-0.276078475,-0.710706183,0.765528532,0.63411604,1.436706734,0.180149047,1.673240882,-1.160648462,-2.469631862,0.762733036,1.028769663,0.713424436,-0.828940033,0.817150362,0,Normal
-0.864783942,-2.232796141,0.26294962,1.962445756,-0.612345759,-0.021364729,1.037841443,-0.044010389,-2.881115948,-3.3648926,-0.209695104,-2.218384948,1.199157764,-1.78142898,1.28094779,0.049200048,1.110151417,0.304596526,0.577863526,-1.914320576,-1.427956242,1.75805294,-0.970075763,-0.386665734,1.043144705,2.081439928,0.436741776,-1.723933806,-0.641894182,-0.488991167,0.82137878,0.751601697,3.461640128,-0.42164682,-1.185735579,2.76722951,0.046310197,-1.047548814,0.516404465,0.408663447,0,Normal
0.236569821,-2.891262718,-2.075933806,-0.087721711,-1.546956366,0.661237407,-0.801233395,0.538966868,-4.284865237,-1.045552919,0.466403202,1.837364864,0.980252241,-1.875461178,0.199796895,0.066017069,0.296077505,0.732252399,-0.025280357,-2.018615134,0.784491977,1.841051172,1.80964352,0.690976286,0.552379506,2.145770064,-0.660841853,-0.833909364,-4.546372959,-0.930665923,-1.012024734,-1.066560731,4.159487476,0.103423373,1.217535879,-0.125966114,-0.492492678,-0.152427773,1.75139103,0.493285033,0,Normal
4.636387369,-0.247779717,-0.480044089,1.498360543,-0.440985341,0.943679316,0.510728657,1.640749726,-10.14667986,-6.612378027,-0.96309153,0.977699478,-3.256982363,0.804972699,0.897119292,-0.060288398,-1.109005106,-0.732599434,-0.027608932,1.185885897,0.991687194,3.405628751,0.241134266,1.184805151,1.25189633,9.052303771,-0.414832215,1.054487604,-12.0462512,-3.879164159,0.417992064,-1.189728052,-0.00991245,-1.201794782,3.240111128,-0.722113719,-0.323437042,0.692428155,0.490285335,-0.527196563,1,Intrusion
-1.183478761,-0.249179231,-1.312657998,-0.029133124,-0.086661959,0.611576866,-0.317728608,-0.198633482,-1.556280433,-0.250843854,-1.179757227,0.428946839,1.924656964,0.413120602,-0.738633014,-0.079617873,0.139441558,-0.841848969,2.198056479,-1.324877484,1.286593552,-0.119670547,1.882376773,-0.844483996,-0.586698094,1.472363997,0.688730977,-0.681649784,0.642463445,2.413897404,-0.029311063,-3.08393698,1.640335746,-0.019779874,-1.001884035,-0.589363525,0.386493574,-0.233625456,-0.024448775,1.399709847,0,Normal
-4.426776031,-1.404346325,-0.951904834,0.174477673,0.982464628,-2.093955747,1.088734262,-0.007303069,3.492007228,-1.057568418,0.359533346,-0.665586311,2.244736765,0.395573157,-1.016763955,-0.712995286,0.151711255,-0.926502367,-1.370754354,-1.270633858,-1.956988464,4.488783782,-2.850425086,-1.754600469,0.282224113,-3.877708463,0.734934801,-1.294591819,-3.630873527,0.500617127,0.642420136,-1.657676066,-0.978557886,-2.496412224,4.682797804,0.166071544,-1.369647248,-0.554648438,2.034778903,1.120901886,1,Intrusion
-1.253557594,-0.490213103,0.77769584,1.502105622,-0.324375293,0.162620574,-0.68444015,1.584766194,-2.189273383,-0.801347641,-1.302806851,1.25634149,1.766960068,-0.119432808,-0.369197203,0.006800735,-0.457560396,-0.395380499,-0.072191093,-1.334142828,-0.067434099,-0.115974244,2.737100933,0.377435844,-0.766078107,1.515055594,0.064613489,-0.246501959,-0.91892576,1.740383997,-0.347123116,-3.296430125,0.99603186,-1.086759193,0.164223115,-0.865930222,1.333748442,0.059538586,-0.861652626,2.144699115,0,Normal
2.39167891,-0.242076631,-0.760781368,-1.399749701,-0.957548809,0.473460478,0.360584269,0.536824346,-5.378745936,-3.035065981,0.112365477,1.066837261,-1.050869089,-1.223631133,0.227181308,-1.020295387,0.43992781,-0.540830109,-0.922467182,-2.444295014,-0.923702489,-1.481975606,-0.584662382,2.567330561,0.497920582,6.125259282,-0.399597716,0.85073419,2.108148838,0.443149083,0.804709672,0.407442985,2.517585498,3.021784677,-4.137069418,-1.764758067,0.439269564,-0.440541087,1.183065379,-0.742580288,0,Normal
-1.613424267,-0.496431733,0.798154968,0.252741552,-0.394888536,-0.327138362,-0.564601284,-0.728421887,-5.198003434,-2.629852974,0.680207433,0.394818506,-0.40054392,-0.840225823,-0.112022513,-1.710131616,-0.64667133,0.300175269,0.205304763,-1.448017658,0.390990173,2.458035226,2.427921284,-0.115932854,-0.578271502,4.142056719,-0.035776257,0.731162982,-6.480179888,-0.099501032,-1.106390742,-2.346010258,3.362417102,0.939416857,2.071088696,0.754549888,-0.56506592,1.093173922,-0.676093471,0.428780497,0,Normal
0.207859174,0.980360018,-0.881332469,0.352534111,-0.503849401,-0.302509963,-0.745703664,1.789146952,-4.934564831,-3.305070033,-0.856148713,1.271920549,0.910183472,-1.51185826,-1.349531609,-2.074382819,-0.200409614,-0.69908766,0.333284498,-0.319646969,-0.161007529,2.757869285,0.69678534,0.78630757,0.66041949,0.746930195,-1.038227014,-1.434644262,-7.734592986,-4.136719391,-0.633158803,0.874501951,3.122856036,-0.118956134,4.452984177,0.41024565,-1.546254529,-0.120699191,1.230540654,-0.434359368,0,Normal
2.613534573,1.114143351,0.326275548,-1.44059272,1.084060213,-1.486256616,2.219378973,0.074369779,-5.588814245,-3.418820677,0.450560247,1.021172955,-3.126995628,1.709764651,-0.202804218,0.087302389,0.254651145,0.7569776,1.415403819,-0.941243169,-0.19891723,0.037287393,0.806167726,2.616998233,1.115157225,6.612986329,1.290621361,-0.156606152,-1.630500339,-1.462367677,0.516236266,1.99470971,2.216090777,0.832346319,-3.379821127,0.20819933,-0.132349736,1.214061586,-0.751790299,0.313090902,0,Normal
-1.932247243,0.550372481,1.49966517,1.624312063,1.969892736,-0.334172074,0.542558126,-0.159716773,-0.768773476,-0.956610579,-0.998017774,0.340701054,1.783568939,-0.191048247,0.325218504,-0.210258253,-0.229186863,1.165364703,0.331701278,0.677187526,0.47403113,2.217306886,3.13960477,-0.194346262,0.956212161,-0.271474933,-0.784317778,1.923948941,-3.192203405,0.000639435,-0.690107668,-1.292741518,1.674035662,-1.023899052,0.626450127,0.475121917,-0.547437714,-0.381992118,0.776402675,0.083793005,0,Normal
-0.766275023,-2.041710128,-0.067191746,0.424500504,-0.773801219,-1.088143459,0.246941301,0.041133119,-5.456097658,-3.555887296,-0.277281862,-0.605455971,-0.134604287,-1.226995661,-1.074428403,2.179349826,-0.421833954,0.272942519,0.820892479,-0.193005436,0.495014734,3.346068226,0.213379983,-0.198080252,-0.795632491,2.729051929,-0.730580415,0.767941688,-8.456283906,-2.499944356,0.729492178,-0.773298945,3.1379769,0.597366061,4.527615568,1.234164058,1.836402262,-0.106941493,0.544814214,-0.837020786,0,Normal
-8.027937946,1.341816789,1.687711837,0.800661601,-1.835617564,-0.60496319,1.20554282,1.658301523,9.015912383,0.071011438,-1.213427359,-0.452206059,-0.273879234,0.289914292,-0.553225334,2.031373248,0.773399164,0.752944143,2.150592689,-1.215471058,-0.801925245,6.195541328,-1.132829268,-0.799185091,1.275422313,-6.211467127,-1.06293891,-0.401308202,-2.936868348,0.777090516,0.23136823,1.177512374,-2.350295797,0.93860181,2.699314603,-2.181655579,-1.468146771,0.572723176,1.701564119,0.200681705,1,Intrusion
0.767924606,-0.813550397,0.910103655,-1.05183743,0.60100002,-1.132909095,0.39841898,-0.645488548,-5.206081575,-4.663942635,0.738502346,-0.96056648,2.31224475,-0.481834345,0.2147785,0.690555862,0.603627755,-1.300361218,-1.484487437,0.143502731,0.237446077,1.498420861,5.125023249,-3.669958734,0.557992498,4.22366764,0.676144001,-1.561356649,-3.592273131,-0.140254855,-1.616697829,-2.487135948,0.715930772,0.028792599,-1.975424529,1.432301078,-0.185560475,0.936714859,-0.320892018,-0.406776427,0,Normal
1.022436724,-0.541337601,-0.37737475,1.665695105,-0.471231912,0.938867076,0.963048209,1.348968763,-0.152603567,2.097637461,0.533218197,-0.944852861,0.861566143,-1.365911617,-0.485835489,-0.326282388,-0.374011085,-0.232591307,-0.448844491,1.602685515,0.885821666,4.487804737,2.190275481,-1.826304876,0.459044931,0.261965039,0.975869757,-0.283827626,-5.560370653,0.091539168,-1.834244292,-1.566453716,2.847642203,-1.469613079,0.122812872,-0.255249365,0.653659917,-0.874336532,1.164578268,-0.039085084,1,Intrusion
-1.880713782,0.625286881,-1.209008163,-0.716646607,0.903502897,1.922451231,-0.339264119,-0.291907809,2.562821101,-1.897297843,0.751247454,-2.078930855,3.413673078,-0.089817459,0.085165559,-0.018491508,0.19146488,0.587204638,0.981130899,0.574205564,1.07371315,4.56117948,2.333072165,-0.546671691,2.29119374,-2.552311809,-2.075790167,-0.016043114,-3.018302272,-0.125725885,-0.847773214,-0.877373436,-1.072080228,1.218403604,-0.340954566,-0.992314649,2.160225734,-0.769462447,-0.01017264,1.226167502,0,Normal
0.40118397,-0.470426562,1.355975082,0.863303941,-0.381652461,-0.994432496,1.394808366,-0.540148465,-3.075136277,-3.926741284,-0.576467946,-0.641431474,-1.812567297,-1.02486664,0.716637652,-0.326975466,-3.002453184,-0.826288207,0.871763656,-1.322563122,-1.05306507,1.775621461,-0.184775487,1.284369883,-0.139387986,5.31795291,1.134785945,0.446038616,-1.066181218,0.231001453,-1.609642807,0.679846749,1.077317754,0.47525499,-3.421957473,-0.617700584,-1.27894678,0.283587935,-0.296981999,1.3877393,0,Normal
-0.285798612,-1.854870621,-0.097065327,1.024990926,-0.785298403,1.677489547,0.016791547,-0.498597711,-5.424315597,-2.53659802,-1.27801951,-0.369175588,0.867709212,1.318510867,-1.382670504,1.447467935,2.852942322,-0.112215297,-0.734117946,1.156970546,0.310270953,0.496600262,3.381507972,0.541497741,-1.079180315,4.391243431,-0.129316588,-0.190567071,-3.011099423,0.696268962,0.892340854,-2.682231727,2.859159778,-0.275078172,-0.455545998,-2.925900146,0.672810895,0.521072646,-0.377829975,-0.05254238,0,Normal
-1.25609345,-0.545816917,0.122521371,0.125042409,1.731302648,0.312988372,-0.298223133,-1.026087742,-0.316690708,-1.987710793,2.265756144,0.379409187,2.693476919,1.773213706,-0.057676952,-0.655221425,0.617215692,-0.120760064,1.187188214,0.349453981,-0.724590869,2.479106124,2.530822808,-1.026215512,-0.918654773,-0.490793536,0.316817564,0.664832173,-2.672142771,0.059518973,2.323443421,-1.633315395,0.004282767,1.825525593,0.193582378,-0.01578583,-1.487301831,0.481225357,0.36474923,-0.95120955,0,Normal
1.048393137,0.769925104,-2.62354637,-0.52153337,-0.95391877,-0.004876947,0.746783125,-0.118993401,-8.776751247,-4.611864429,0.331485933,-0.420479082,0.455841813,0.854029815,-0.30089046,-1.062773644,-0.567500154,0.571572332,1.925906995,0.744594336,-0.273874128,1.058079669,5.460958851,0.984276391,1.556423243,6.595897141,-0.214807699,-1.698785613,-6.309818371,-1.202356919,-0.428034112,-2.1813345,3.634111581,-0.486734273,-0.314340752,-1.268481582,0.379717898,0.924870609,0.444776318,0.389234406,0,Normal
0.845291471,-0.16168648,-0.737367747,-0.713790133,1.288141127,0.401226001,-1.639099265,-0.175447654,-2.620718893,-3.091701482,-0.884371493,0.427902239,-2.900454859,2.150565841,1.906146313,-0.007387284,-0.810024005,-0.128962112,0.386381399,0.819059042,-0.032715863,2.475545939,-0.443747827,-1.615610955,0.293866563,5.012503432,1.044668584,1.714277647,-3.195919523,-0.394274301,0.106671992,0.739648439,0.34660479,1.046908068,-1.909848222,-0.145124184,-0.128039782,-1.615296877,0.886473183,-0.227987194,0,Normal
0.091081159,2.029483517,2.406073503,-2.156349156,1.700774004,0.017397635,0.357672683,-1.866246506,-2.637938115,-3.609053697,0.712867952,-0.560290477,-1.177893367,-0.394804465,-0.119053559,-1.356025804,-0.348396956,0.855191189,1.208205581,-0.980341904,-0.542160432,1.954598574,-0.671839238,0.868333446,0.896857164,4.300609589,-0.978869098,0.968427726,-0.800934642,0.003255894,0.255232039,1.020284138,1.737893647,0.502364769,-3.034749595,0.894323277,0.637196007,0.765371662,0.473123876,-0.305254886,0,Normal
-0.979104536,-0.496597394,1.210867739,0.643940651,-0.012502477,-0.751481679,1.151181112,0.608140771,-2.650317577,-3.587422324,0.62445472,0.614160471,1.931364336,0.016075818,0.907659958,-1.102724385,1.308447367,-1.359986603,-0.751782866,1.450957193,0.605909151,2.826368887,3.358645184,0.395068342,1.059255307,0.793060281,-0.39648074,1.301607256,-5.383032955,-1.60446034,-0.962656059,-0.923111042,0.64070578,1.371223868,1.306611271,-0.836055443,0.679073049,0.345474327,-0.731868014,0.157070402,0,Normal
-0.023553711,-0.471856459,0.155536669,-0.751308312,0.646671194,0.191866772,-0.213559496,-0.608802478,-7.694431594,-3.081205184,2.839860043,-0.450172889,0.229313402,-0.42265817,0.286353803,-1.633221343,0.891464508,0.105499466,0.745790761,0.114876272,0.509081914,-0.701806731,1.916788198,0.072592306,0.288529311,4.20364071,-0.137782162,1.773245172,-5.415780587,-1.171758389,1.087999909,-2.64006684,2.789548394,1.582515455,3.942845918,-0.3281217,0.210637339,1.383420278,0.780537481,0.357902464,0,Normal
0.486806563,1.508496234,1.758404586,-0.516399995,-1.434328911,-0.366455692,1.719923066,0.286456017,1.131461808,1.539647868,-0.949612363,-1.391664897,-0.139325173,-0.972903466,0.746003939,-2.037069065,-0.172535801,-2.483974074,-2.369722303,-0.035988179,-0.119919557,1.178739459,-0.458459794,1.285022721,-0.875676828,-0.938709984,-0.084410206,-1.123714513,-1.385257115,-0.094515182,0.07805015,-0.16908689,0.059992227,-0.96991259,0.812185181,-0.564532121,-1.234118381,0.648521904,0.201496289,0.232453118,1,Intrusion
-0.290229861,-2.018928277,-1.032742689,-1.231404554,1.221033638,-1.764740054,0.44258312,-0.145582624,-1.377909313,-2.378065852,1.040868846,-1.757725105,2.749769646,0.079602992,0.266572829,-1.969969572,-0.527060987,-0.319747875,-0.109358417,2.204830959,-0.837411106,1.83625091,0.973245289,0.785055484,-0.61104789,-0.497998204,1.766061914,-0.098126023,-2.699733419,-0.886262569,-0.338778188,-1.117789972,0.182261461,-1.449917068,1.302563891,-1.126995592,0.446334124,-1.332003264,0.932534567,0.648452692,0,Normal
2.284063799,-0.415635829,0.998672336,0.063817735,1.455247219,-0.535921396,-0.385264319,-1.387266987,1.30751419,0.258329782,0.111310444,-1.229897847,-2.143469148,-1.087172684,-0.539590543,-1.277426264,-0.207072862,-0.488469071,-1.05881879,-1.552568549,-1.218634212,1.972498217,-3.086964569,-0.102940587,1.356115166,1.308465893,-0.12201145,-0.793974588,-0.567425495,-0.177186505,-0.572934618,1.309065785,-1.225503729,0.305344843,-1.519639817,-0.403797416,-1.450374853,-0.183176689,-0.273986204,-0.083881549,0,Normal
-0.885102364,1.282458244,0.40722677,2.282383904,0.997678574,-1.023140398,-0.863826078,0.364968656,-1.638242358,-3.131597418,-0.058509903,0.24038137,2.555916287,-0.304280588,-1.564200251,1.718442098,-0.991937637,-0.262864677,0.545699521,-0.055322867,0.662511559,2.089805764,2.66931181,0.693173773,-1.62838099,-0.445164263,0.667687317,-0.961225447,-3.857011844,-1.489543384,-1.437787391,-0.808756124,-0.105553683,1.137384868,1.400594687,0.523474305,-0.796845433,-0.422532381,-0.745931049,2.177186993,0,Normal
-2.523612827,-0.074006111,1.928226898,0.95534818,-0.462346177,-0.001065555,-1.161455128,0.562338122,-0.593715838,-1.669193454,-0.53085007,1.644477175,1.638292549,1.295904137,1.668942167,-0.997403425,0.355657813,0.646293427,-1.182104378,1.287816652,-0.747092707,2.110951558,2.131343888,0.339386014,1.616025643,-0.896044099,-1.169851538,0.273018838,-3.771379477,-0.513939259,1.309205851,-1.210264103,0.620172149,0.758771037,2.317761311,1.120520219,-1.032819493,0.323051489,1.299679488,1.475163319,0,Normal
1.663153997,0.678343766,-0.346852412,0.534844888,0.20361302,-0.049426715,0.595157669,0.002328463,-1.320653177,-1.369546754,0.461376405,-0.14041672,-0.351855054,1.150931131,0.918581885,1.194308876,1.652469921,-1.057938008,-0.719407691,-0.002091505,0.609212316,-0.480161245,-4.800002025,-1.663711329,0.056305063,3.46543053,0.335971568,-1.956732524,3.089463161,2.362981136,-2.079259143,-1.550965526,-0.591612003,-0.550581085,-1.932361223,-0.019392075,0.456695208,0.329126085,3.517967371,1.834085396,0,Normal
0.483022197,2.332651986,-1.384161563,-2.510871084,1.013187528,-0.114579844,1.219287499,-0.14337119,-1.889188507,-3.088847632,0.929487411,-0.023940462,-0.677775538,-0.076649783,1.940075304,0.224804681,0.45067891,0.670078463,-0.645050167,0.826095132,0.42965401,0.960551799,-1.15454719,-0.475798427,-0.26037103,3.304811578,1.479057302,-0.7398448,0.993772669,0.015768268,-0.808486035,1.380379952,1.245341756,0.406587515,-3.347411466,0.788182128,1.720826223,0.948411798,0.535970872,-0.411858151,0,Normal
-4.362349104,1.144941779,0.372092473,-0.143559973,1.138270056,-1.099831364,0.7304666,-1.468289753,2.669773458,-1.682696347,1.933520543,0.909907608,1.940458653,-0.811978602,0.101061254,-0.426882063,-0.928222103,0.723640728,-0.235398888,0.053128815,-0.750089427,3.784738614,0.679755097,-1.448711599,-1.921331288,-2.643466288,-0.170219284,1.189402548,-3.635286664,0.588510303,-2.104808761,-1.797813709,-1.465986342,0.851738624,2.848896789,-0.047882869,1.041359863,0.278025422,-1.659556712,1.282727738,1,Intrusion
5.935065938,0.417963696,1.972043609,-1.010442618,2.372576786,-0.283846418,0.014385155,0.802700377,-2.134686055,1.649379274,0.317662138,0.403730851,-4.729962832,1.03330261,0.855460978,0.387927505,0.0441226,0.214241045,-2.348858086,1.529500211,0.551804016,1.113613647,-1.9370007,0.263803678,-0.678745296,1.996454435,-0.39149711,0.545216702,-4.319752093,-4.81972471,-0.275425914,5.172595107,1.786283561,0.451058232,0.033247396,-0.156087452,-1.133428744,0.407262818,0.306576705,0.344601731,0,Normal
1.324450761,-0.560161732,0.882621802,-1.042556904,1.265907461,-0.466477098,0.692125686,-1.316924393,-2.448049109,-3.037929416,-0.978461759,0.398562148,-4.192773407,-0.611180106,0.171666641,-0.658818853,-0.962756412,0.3292869,-0.093564696,-0.720549148,0.933805717,3.751177171,1.137279253,-1.088637886,-2.101900679,3.85786905,0.173694922,-0.532006985,-6.365046985,-3.524529541,-1.169016384,3.843420629,1.048777875,0.533230487,-1.158761342,1.164680604,0.928513301,1.618320604,0.534106106,0.216622348,0,Normal
0.437860051,-0.890867495,0.481508509,0.903202637,-0.177853336,-0.323674611,0.304581655,-0.306398372,0.17493415,0.091980178,-0.454218703,0.272384174,-1.38048241,1.441760485,0.48315898,0.721707717,1.212435866,-0.840715857,-1.721243495,0.897511044,-0.614762869,3.301533848,1.722747828,-0.302498781,1.233000698,2.352200207,-0.02510489,0.296434228,-4.059575203,0.989388135,0.313949971,-1.584023197,-0.627716623,0.063935776,-1.044728988,-0.007151762,-0.870294216,0.929190805,-1.238121282,-0.794897512,1,Intrusion
1.050414651,2.199448436,-0.79059519,-0.428210045,-0.295622976,-1.391463757,0.898348683,1.500340889,-1.698632306,-1.099203901,-0.771103368,0.693226318,-1.578463172,-0.628203366,2.142497292,-0.028148383,-0.90580457,-0.996289319,0.554495709,-1.426707858,-0.409251379,0.688904982,-0.915508286,-1.495906421,0.06220857,3.076426707,0.440836229,-0.994126965,0.30820702,-0.041173023,-0.601481763,1.349670359,1.863274382,-0.075969861,-2.66695267,0.710734176,-1.172733173,-0.3763894,1.104085042,-0.515424697,0,Normal
-0.920161989,1.34974069,0.441797003,-0.469918621,-0.346049879,2.474214088,1.544645732,-0.84350022,-3.572138425,-1.201635966,1.847811075,-0.541190626,1.006288669,-0.035170719,-0.083851329,-0.310589459,-1.172994595,-0.659239941,0.076101806,0.41243934,-0.937212197,0.009706523,-0.151597414,-0.602748757,1.254627632,1.510966127,0.548340456,0.623940072,-2.516207356,0.21688633,0.979721547,-2.309883925,2.110341441,-1.500724053,2.901936016,0.633332302,1.238021244,0.232836524,0.670783892,1.957072305,0,Normal
-1.88582852,-0.842474037,-1.192805889,0.67976987,-0.607988477,0.411692184,-0.053102271,0.831838602,-5.123852116,-2.312565366,1.827965278,-0.238159319,-0.112070576,-0.403482875,-0.716812064,0.025652983,-0.138609021,-1.224020681,-0.644566896,0.990954491,-0.733108499,-0.087902367,1.634417708,0.682029155,-0.845672204,1.951058367,1.018814031,1.539568308,-4.820426916,-1.500288752,1.782821872,-1.042187293,2.955541154,-0.485764066,4.144266187,0.44016284,0.322383802,0.967297012,1.235087474,-1.195829131,0,Normal
-0.942736172,0.842208564,-1.012911212,-0.814075743,0.121512422,-1.280390167,0.198209317,1.744892455,0.556308289,-1.751660299,0.646565016,-1.258582604,1.137623097,0.419593318,0.531378685,0.323104295,-1.444847997,0.36390038,-0.160446091,0.525574562,-0.525061905,3.51814492,-2.575342106,0.463135426,0.61816717,-0.21288201,0.137895061,1.179091034,-2.050915003,0.002756585,-0.355891618,-0.178192394,0.693625286,-0.37520438,0.641934487,1.139738662,0.383026302,1.275418389,-0.792780447,-0.458298918,0,Normal
-0.748903571,0.191585719,1.705199869,1.236972287,-0.485564737,1.011297063,-0.470400259,-0.848722636,-5.0741078,-5.269693665,-1.613060619,2.503502019,-4.990787951,2.121897592,1.123225861,0.302071428,-0.783603633,-1.180164167,-0.985924221,1.060498589,-0.144096442,1.445334806,-4.281692531,0.679289447,0.090019996,8.805736156,0.615123732,0.670797376,-4.117086388,1.993904738,1.097030904,-2.902972294,-1.840976126,0.277771082,1.462152856,0.7450784,0.820099929,-0.017453165,0.145233392,0.885782167,1,Intrusion
-4.278750811,0.226779463,-0.608931189,-0.779054561,-1.270426876,-1.206553158,-1.954037701,-1.031188477,4.516207527,0.74697306,0.1937365,-0.236700435,3.050913102,0.03713422,0.885290658,-1.774213274,0.93114492,0.456900449,-0.157788189,1.425934027,-1.260709747,2.319644505,4.046847767,-1.261506121,1.147439858,-3.282427321,1.981779606,1.012036445,0.365339675,2.731577036,0.838952554,-2.521700772,-1.133237936,0.894792437,-1.162204631,0.525527326,-1.881048527,0.417198124,-1.222469979,-0.365085697,0,Normal
1.767763167,-0.279928357,-0.34416628,-1.127282957,-0.618925492,0.369722236,-0.037896257,1.790638118,-3.26215674,-2.257476752,0.261959558,-0.022311105,-3.285415499,1.829935145,-0.179945704,0.082206253,0.311236182,-0.625713551,0.31904756,0.033513395,-0.115550635,1.589948621,-0.037756462,-1.158193549,0.163461956,5.037034863,-0.328342147,-1.410561312,-2.909081457,-1.053517493,-0.132125392,1.501653354,1.208789146,-0.265884815,-2.057719624,-0.844741179,-0.499502309,1.2414327,0.655320829,-2.327191759,0,Normal
1.521549053,0.275636207,0.334875643,0.990444568,0.037059084,1.109260251,-0.520642277,-1.098665835,-1.091043743,-0.879596978,-1.380057334,-0.361352663,-0.674913742,0.243321888,0.900503881,-0.874637165,0.746141449,1.612212043,-1.613459639,0.133038617,-0.108261677,1.451811884,-3.528765118,1.338521363,0.924865562,0.911855691,-0.402470579,-1.389657809,-1.827460443,-1.153837213,-0.546876421,0.782725913,0.501896933,-1.628851453,1.259354834,0.058749197,-0.518645388,-0.53290802,-0.451433909,-1.311895617,0,Normal
-1.411145699,-0.859179978,-1.823841017,0.44142603,2.944214582,-0.595521556,-1.554356722,1.668570304,-0.922394793,-1.163964047,2.602244525,-0.363686427,1.491334955,-1.157318994,-0.140232785,-0.021777199,1.070613587,0.195110414,-0.211378242,0.640319294,0.071557984,2.964626554,0.148804017,0.327551523,1.103201962,-0.284430309,-0.607323023,0.953309521,-3.651022528,-0.510590559,0.933270167,-0.706896063,2.182228439,-0.494882448,1.697469222,0.493405589,0.98908218,-2.145414538,-1.027112846,-0.141207962,0,Normal
-2.275868299,-0.599165568,-1.434930375,-0.293304873,1.215538602,-0.129514535,-1.513159086,-0.122080279,-3.746161733,-2.066901347,-0.531648516,0.876005062,-0.348097963,0.041087431,-0.383547853,-0.555368093,0.205446534,0.646803893,0.903485133,1.152778491,0.474476251,2.001732254,-0.043070223,-0.24143392,-1.476962157,1.767861869,0.558428133,0.741082356,-6.168418243,-0.8414495,2.235801269,-1.677788734,2.447075437,-1.046063121,4.710849881,0.244104659,-1.876986222,-0.622951858,1.663122148,0.839640821,0,Normal
-1.096814312,0.252124654,-1.173520476,-1.562894579,1.010821593,-2.205784004,-0.509108519,-0.958810027,-2.798054398,-1.706000739,-0.341255328,-2.519627698,2.088254267,0.172154189,-0.803815633,1.296959585,0.924275095,0.738841244,1.728629653,0.023762934,-0.524527494,-0.573963217,1.661398522,-0.882939505,0.541591425,0.494877671,1.100839582,-0.544554324,-1.997594472,0.251588999,-0.946482159,-2.873834309,0.12195756,-0.239295684,2.675426322,-0.063760797,-1.978233977,-1.117251839,0.109429734,-1.503170196,0,Normal
1.590980094,-0.7935302,0.244409879,0.339816004,0.77147419,-0.385120355,0.716842212,-0.566535615,-3.29291541,-1.778757636,-1.016342759,0.117604023,-0.641589792,-2.361937576,0.965554563,0.110738285,0.318687335,-0.852807421,0.472245795,-0.199117459,0.124376313,0.159621402,0.307596184,0.044838412,1.494491232,3.612882374,-1.649341808,-0.395750404,0.533282797,-0.490746856,-0.486636335,1.438161887,3.00760686,-0.397166764,-3.373795769,1.073186833,-2.894327868,-0.773235301,-0.690433849,-0.409702008,0,Normal
0.658323978,0.066655952,1.540330065,-0.918591506,0.099230269,0.595957563,-0.115341434,-0.406990911,-0.181025728,-1.270388508,0.232707778,-0.299126628,-0.525973576,0.34896733,-2.061666129,-0.523841501,-0.617239985,0.363481124,-1.637603985,-1.02047807,-0.478230159,2.684518351,-3.456897,0.229444729,2.701626354,-0.190992979,0.473848679,-0.40437456,-2.002459811,-2.186827652,-0.93283169,2.777884551,1.805099031,-1.117693415,0.58868525,0.379422746,-1.4068688,0.021191019,1.916364702,-0.39075021,0,Normal
1.844143311,0.386104915,1.407998288,2.325892748,1.789373494,0.865790546,-0.376629865,-2.112744235,-1.917318169,-0.66438238,-1.075700783,-0.662588626,-0.908830816,2.823978445,-1.024072838,1.615182883,0.667041407,1.339985396,-0.237023769,0.60183407,0.052681261,1.753352963,-0.202508272,0.603441574,0.554380035,1.202544253,0.561044561,-0.613249148,-2.427634722,-2.493601269,-0.813751022,2.792102663,2.922114557,-0.70375197,-0.894374749,-0.453638719,-1.79367677,0.254194137,-0.107487137,-1.598706057,0,Normal
-2.294054483,-0.581744298,0.91584673,1.18136228,1.883034075,1.101244106,-1.036980263,0.955537032,-1.839860081,-1.245250159,0.209923419,-1.275393846,0.04794656,-0.244238747,1.482858381,0.738570312,0.534946908,-0.124454725,0.479846697,0.022215139,-0.415332682,4.022392264,0.721475627,-1.062171104,1.333620136,0.914604037,-1.208742884,-0.415546277,-6.299980413,-0.704490445,0.105449903,-0.819035816,3.233115262,-0.264343068,2.702743372,1.144984985,0.875464334,1.212302329,-0.37512297,1.331097559,0,Normal
-3.565436689,-0.359368582,0.654338962,-0.26726444,0.533795987,0.1634441,-0.21807248,1.810580164,1.959604922,-0.857862332,0.409619694,0.192667598,-2.423106887,-0.938693794,1.374000506,-0.172537678,-0.748359768,-2.144069745,0.835290436,0.901621154,-0.140868878,3.113757923,-3.860711489,-0.889320129,-0.50396558,1.170794927,-1.055879964,-0.108135329,-3.170343233,2.363257966,0.408916269,-2.442000879,-2.161839699,-1.801713603,3.178828962,-0.85677098,0.087022614,0.707438964,-0.333022039,-1.102520859,1,Intrusion
4.123887997,0.319533233,0.418882058,-1.280447222,-1.939787577,0.355257618,0.822894588,1.249136761,1.003306928,2.912641353,0.176893184,0.005828966,-0.844417946,-0.461166357,0.301569143,-2.105414127,-1.009860728,0.622496102,-0.022104337,0.099342201,-0.702966085,0.991555345,-4.119005631,0.292920181,-1.724663208,-1.217428809,-0.166638926,-0.265489323,-0.359992891,-1.799966462,0.030500112,2.335432369,1.119931014,-1.613364389,0.306312405,1.058673905,-0.52334964,0.855277739,-1.320842832,-0.299316838,0,Normal
2.506991791,0.432242223,0.236692581,-1.597027327,3.362749603,0.618423163,-0.295827225,-1.532429482,-3.924709505,-2.536144702,-1.66390768,0.857029611,-3.168177663,0.426495463,-0.493278297,-0.413841897,2.747990141,-0.496272554,0.47748884,-0.181078236,0.044442208,0.434395839,-2.396177102,1.311382613,1.06882124,5.300094745,-0.99725035,0.055758904,-1.246941724,-1.012933167,-0.40888291,1.635254855,1.215680786,0.078066098,-1.718175957,-0.638741452,0.261086375,-1.006819672,-1.565042997,-1.148476155,0,Normal
1.842436308,-0.549220823,-0.963085826,0.732155538,1.612825801,0.124130122,0.147331483,-0.439562074,0.286039041,1.243389575,-0.528252483,-0.841005323,0.991148294,0.502885922,1.315486691,-1.609914981,-0.068922238,0.116540878,1.480563172,-1.694774064,-0.591136221,0.862185295,-3.178262744,-0.722897065,1.23197823,-1.401660619,1.865182059,1.152686006,0.74260855,-1.151583557,0.762112208,1.771331844,2.49688656,-0.792676548,-0.064462695,-0.145528777,-2.346034302,-0.103808088,-0.829494357,0.486677275,0,Normal
-1.843463299,0.460061089,0.882621334,-0.800126752,0.973317376,-0.425412279,-0.338782334,1.126901081,3.393682535,-0.625543544,0.007132515,-0.444199949,3.450389329,-0.354205877,0.361815436,0.50927483,-0.672432328,-0.168109999,0.135565995,-1.233588832,0.572675957,5.005020662,4.053122225,0.050118273,-0.917413026,-2.167147436,0.040954364,-0.668738184,-1.796961237,0.928734054,-1.437365972,-0.745157318,0.268374459,-0.456070781,-3.184475794,-1.148890787,0.249691988,-0.508584251,-0.516862669,-2.445248569,0,Normal
0.578124653,0.465025092,-0.124693133,0.110367658,-0.097927905,-1.071146765,0.873782982,0.832331601,-1.091675527,-1.368348528,-0.826851565,0.587603255,-0.848612413,0.518626468,1.061720832,0.609903585,1.397324583,0.820944939,-1.714920831,0.185878469,0.380261969,0.801727708,-2.855322901,1.584173242,1.492894294,3.878521017,-0.741966625,-0.221173137,1.96086869,2.389564065,-0.758200645,-1.009164863,0.706391356,-0.879463829,-3.08196711,-0.510962725,-0.503052638,-1.218468404,1.301943272,0.46937596,0,Normal
1.866428556,-0.527483255,-0.006181034,1.046236044,0.301512591,-1.69733077,0.033654254,-0.464691507,-1.379215041,-0.755135102,-0.310818478,1.239523875,-3.317107329,-0.355473623,-1.70212236,1.889552625,-1.325966405,-1.326939573,0.15775544,1.990612053,0.78869059,1.810162324,-0.901788643,-0.69534519,1.691122395,3.705093887,-0.345767879,-0.404991098,-1.941147706,-0.733203233,1.498114246,1.902982875,1.019948164,0.177934559,-2.316830731,0.165635147,0.686660364,1.276715313,-0.697665512,0.021441016,0,Normal
2.95719014,-1.177407645,1.881707374,-1.317291656,1.037751307,-0.630360939,-0.546110741,1.649936815,-3.181982589,-1.305017035,-0.420070558,0.36073952,-2.106210357,1.487359524,1.116911298,-0.151184004,0.961509175,0.592185918,0.741257134,-0.805219432,-0.107366491,0.465887165,1.508471274,-1.451480596,1.978199491,3.104061091,1.307879454,1.356597828,-1.337677694,-2.84052541,-0.372319629,3.840992028,2.853322764,-0.349852263,-3.269341564,1.316665182,-0.073852939,-0.685543019,-0.059221208,-0.732249897,0,Normal
-3.344282901,0.614974079,-0.985497026,0.279255008,-0.750839503,1.266511728,-0.893474377,-0.346051623,-2.824520569,-1.62974343,0.107297094,0.318457219,0.247280551,0.697528382,0.529902893,-0.100250326,1.609124422,-1.978367611,0.483285774,0.404277709,0.341286241,-0.552618112,-0.171798399,0.007929908,0.13092135,0.955867353,-0.915566931,0.847413368,-2.763829781,0.719270412,-1.795915664,-2.91321179,0.819364475,-0.454372228,4.794903811,0.412459459,-0.895392734,-1.644075416,-0.95286444,0.637504823,0,Normal
-2.299785163,1.173448535,0.502965046,1.961208064,-0.199980835,-0.357090985,0.44071813,0.944236181,1.910560643,-2.368588344,-2.180731756,-1.248014796,-1.792454534,-0.57795625,-0.352042798,-0.755946395,1.673697909,0.964185366,-0.241673655,1.41321699,0.554162585,6.040772284,-1.811028687,0.580126219,0.140788788,0.573251707,-1.421396793,0.022957123,-6.52473015,-0.380382692,0.033849102,-0.11154474,-1.706200592,-0.530845622,2.090807616,-1.353269676,0.407860382,0.256721966,-0.046288569,1.603384561,1,Intrusion
5.084409076,-2.628961094,-0.057494273,-1.787224848,0.098379759,-0.145958622,0.949614092,-1.299887251,-2.104995737,1.188515026,-0.677652995,-0.237980746,-4.370549981,0.79986111,1.395689916,-0.370024665,1.902628448,-0.14230433,-1.246424752,1.775886347,-1.463269884,-0.785760847,-2.759565585,0.676717879,-0.225301465,4.813244373,0.230221251,-0.168265543,0.353213866,-0.196525161,0.381214366,1.38120725,-0.015198286,0.068331528,-2.684371009,1.148545717,-1.260864982,-0.072370569,0.860095338,0.173253034,0,Normal
-0.816054811,1.512000804,-0.112679743,-0.533648417,-0.419726523,0.848307188,0.44844255,0.425807232,-5.089066817,-5.240618186,-1.909699953,-2.185914871,1.139381916,-1.948052629,-1.858194922,1.222800873,-0.267733053,-0.105323538,-0.403467836,-1.925767661,1.37042774,3.508452917,5.138126567,0.0199001,1.042725594,2.810712666,-1.807466766,-0.995873827,-8.107481187,-2.682279815,-1.842567429,-0.633491973,1.499654439,0.907693453,1.369455786,1.497522099,-0.596762379,-0.863427812,0.138708211,0.079186327,0,Normal
1.25335502,1.847327137,0.296372342,0.949243008,-0.379975845,-0.614185846,0.807868767,-1.33221022,-1.526736313,-1.92918695,-0.934177258,1.248244016,-2.258049006,1.37141702,-0.753476391,-1.021131311,-1.340642307,0.3087165,-0.153056979,1.408252226,-0.200303821,2.245884101,-0.480569508,0.544429235,1.292778436,3.155455667,0.659711262,1.301104706,-2.400009935,-1.12053697,0.902568858,1.819973644,0.815149921,0.181740782,-1.922656656,-0.584161161,-1.423371165,1.817434916,-1.882977993,-0.599418731,0,Normal
-2.228801695,-0.764746029,0.447724542,1.313818717,-0.072962603,-0.013966656,-0.456264245,-1.172076755,2.861295149,-1.42426115,0.606465493,-0.407242463,3.732142193,1.926572971,-1.256184671,0.304261497,-0.260488909,-0.369924148,-0.627084839,0.167747845,-0.112303164,2.453719973,2.512077976,0.084853322,-0.456016481,-1.78883714,-0.127635961,-1.229745019,0.430272824,2.198775048,-1.107731851,-2.651313207,-2.164127247,-1.370541679,-1.777612166,1.853296908,-0.57832766,-1.423010253,-0.353667186,-0.447087896,0,Normal
2.479633846,0.170699865,-0.639302569,-0.231051151,-0.061030942,1.615250455,-0.583116523,0.645997036,-1.551517818,-0.332239591,-1.140848533,1.039454994,1.260747467,2.292650557,0.752033364,1.426258138,0.855210103,-2.0014575,-1.768326501,-1.392050355,-0.174533967,0.341502126,-4.127174706,-0.203328852,-1.321278085,-0.299311654,-0.328673584,-0.65928098,0.965724049,-1.703561577,-0.820302456,1.997030242,2.856256277,-0.626554057,0.017238647,-0.381438182,-2.861962342,-1.284284901,-1.465298741,0.307925444,0,Normal
-0.354926171,0.356778872,-1.497525834,-0.65147442,-0.255578175,-0.26944985,-1.253905179,-1.038427362,1.923828328,-1.856000933,-0.925233332,1.725058197,4.001283352,-0.740189167,-1.105678986,-0.311052585,1.50958765,-0.722043735,1.188972406,-0.006183197,0.343794898,4.326348484,2.131527885,-0.906390688,1.007036217,-2.475842102,-1.746895094,0.230398582,-2.590404664,-0.697192183,-1.989172098,-0.436660453,-0.657180933,-0.008560011,-0.996452319,-0.183653143,-0.037768311,0.767307819,1.793559384,1.259285056,0,Normal
1.390827507,0.619924881,0.030350398,-0.505686874,1.169065369,-0.172163009,-0.604992104,-0.752810694,-3.392513784,-2.328915191,-0.245162349,-1.201944914,-1.134516532,-1.164887716,1.546293619,-1.295748592,0.558205027,-0.805363721,-0.016355992,-0.489126221,1.208477434,0.172036424,-2.864604348,-1.368750702,0.523307691,4.483497898,-0.098366023,0.248156615,0.468752677,0.673592515,0.893068517,-0.231921766,1.476866091,-1.488776044,-1.63344033,-0.297838741,-0.999446225,1.389277654,0.662548187,-0.940808225,0,Normal
-2.501475467,-1.437838536,-0.172286392,-0.766668352,1.083001678,-0.544450614,0.639388159,0.417110479,-1.707602208,2.200288736,0.612011879,0.413660907,0.489799491,-0.687917119,0.039741357,0.055960562,-2.860385187,0.521549807,1.780479402,0.499188019,0.304198957,-0.118391638,3.232932113,0.771363845,-1.223604318,1.645017321,0.962783721,-0.620390669,-0.820979658,2.98830083,-0.780791928,-3.530590608,3.98605525,0.896675975,0.084024204,1.289801562,0.189782125,-0.580730488,-0.311682292,-0.128839034,1,Intrusion
-3.352486668,-1.251114391,-1.832158445,0.356374697,0.206316849,0.410209734,0.757443958,0.852215662,2.876921794,-1.745600883,0.024265703,-0.598180868,-2.52919563,-1.288775067,-0.130410252,-0.316665335,-0.226654485,0.298994586,-1.397093136,-1.37780365,0.205080952,4.126487958,-3.386607294,-1.336164499,1.264661872,0.678102808,-0.973793223,0.288703258,-3.242425422,1.285438413,-1.581093487,-0.59692673,-2.50888693,-1.18367411,1.752832911,0.270635937,1.907846519,-0.636771578,0.44460707,0.984411536,1,Intrusion
-4.248419294,1.279531602,-0.244343897,0.454903272,0.55703393,0.326366825,0.152956019,-0.189763992,0.692452687,-2.643659992,0.757078457,-0.371719727,2.1202354,1.309113742,-0.095018122,-0.223778979,-0.855974743,-0.297547349,0.69079559,-1.210981359,-0.819996748,1.369092096,3.677035108,-0.119209831,0.634563501,0.069509859,-0.535213978,0.887099667,-1.311628321,2.425259147,0.07019691,-3.722367651,-2.180128866,-0.449297837,0.314377234,1.096049997,0.727972426,-0.42407206,1.410447588,-0.216580592,0,Normal
-0.252695027,0.874070392,-0.873992839,-0.165537975,-0.457752434,0.352141341,-0.30203265,1.000129168,-2.335792083,-1.289023973,-0.669373999,1.045227179,1.624241921,-1.216979386,0.394660298,-0.038549651,-0.767841661,0.743969003,1.13240743,0.176302543,1.037230415,1.298888492,-0.433644717,-0.670059813,1.251576677,-1.340195921,0.628430193,-0.580904437,-3.825206039,-2.783032289,-1.238685509,0.834808213,2.57801125,0.664783758,3.645053753,-1.389409603,-0.313340788,0.84231645,1.79825232,-0.048594067,0,Normal
1.783925623,-0.174247986,0.745513465,0.082695213,-0.126109492,0.224436919,-0.521358745,0.127292111,-1.305968249,-0.611416566,-0.538065171,0.992179709,-1.091923582,-0.37009384,-0.547268742,-1.153673987,-0.350261411,1.140583084,0.621181086,-0.317252544,-0.627977016,1.510534178,-2.978183267,1.625002181,0.061791914,2.959359719,0.041661798,0.37195674,-0.243263671,0.629174178,0.417755416,0.040671665,1.232023954,-0.975763583,-1.643314667,-0.935826181,0.114645234,0.338854241,-1.985439598,0.074385561,0,Normal
0.135496755,-0.44551201,-0.218383127,1.055986844,-1.256606379,0.982572931,-0.247620938,0.875723364,-0.842821978,-2.252658182,0.526672552,-1.681226825,-1.515230565,-1.063854556,0.206410407,0.018866854,1.112994796,-0.204247832,-1.133920927,-0.65701978,0.181172398,4.023586083,-3.126677196,-1.630679103,-0.032694266,0.789007054,-0.132218404,-1.56358473,-5.569923361,-2.43434327,0.802363816,1.676923016,0.53780941,-0.001988345,2.609698683,-0.550641905,1.518619985,-0.035419335,0.466808726,-0.395899772,0,Normal
-2.884041522,0.735987955,-0.598659791,-1.186523092,-1.549760232,0.585384576,0.198575348,-0.686719321,-2.385363528,-1.643030482,-1.601365475,-1.176958371,0.653061658,0.459490111,-1.31619252,-3.093202585,0.725413621,-0.982846816,0.409934072,1.152956347,-0.241769513,0.665962747,2.725891378,-1.152847894,2.423121847,2.035979118,-0.623345005,-0.328616834,-2.58102467,1.584497231,-1.05721629,-3.146519743,1.136764971,-0.540159455,1.264727329,-0.412622687,2.370388731,0.505104062,-0.098430264,-1.552530885,0,Normal
-0.378343232,2.831054331,-1.328520885,0.997744849,-0.042783042,0.079600286,-1.099304503,-1.137735786,-2.694868904,-3.278096297,0.128621373,-0.102461604,-2.958595729,0.244737207,0.834436272,0.700874775,-0.860588625,2.08947187,0.71325468,0.965987774,1.222345551,3.546211208,2.727939572,-0.526505343,-1.319206632,3.714198633,0.777934359,-0.352541485,-5.384163253,-2.585923845,2.02979102,3.142325472,2.510343439,1.510938846,-1.929890103,1.400735348,-1.325328579,-0.486177495,-0.827566987,-0.329503351,0,Normal
-2.903370298,0.274574589,0.573677897,-0.424118074,1.106157354,-0.733713565,1.380576985,-0.984665247,0.248056591,-1.393499002,-1.082391993,-0.161733016,2.197118262,0.615768724,-0.818482377,-0.303137723,1.032219997,0.401172607,-0.523546417,2.247357325,-1.480624913,0.183924453,1.527268907,-2.16409985,-1.372457805,0.682567671,-0.776180572,-1.099633359,0.863791018,3.416776955,0.11276347,-4.309272932,-1.431268133,1.422825062,-0.167625582,0.5649485,0.292854154,-0.819372043,1.056061598,-0.880044274,0,Normal
-4.00934932,-0.795816906,-0.824278055,-0.106301931,0.225273743,1.070747658,0.724092743,1.848745642,3.960331615,0.819215756,1.564895514,0.92794989,1.059015579,-0.534161682,0.675765305,-0.200841466,-0.55470949,-1.22124185,0.029589324,-1.336407254,-0.603126587,5.346555147,-1.201465618,-2.318012146,0.426424427,-2.987945439,0.010202131,1.288944761,-3.353460435,0.880076406,-0.292843899,-0.444581679,1.574040613,-3.197462951,1.751781222,0.495390366,0.237441215,0.403224066,1.017632343,0.21720781,0,Normal
-2.027077069,0.648695856,-0.712414354,-0.128825286,0.355398988,-0.194913268,-2.119961001,0.352361516,3.117273341,0.10719137,1.611740775,0.555762183,3.241284314,-0.440441984,0.813398736,0.30571102,-0.433926822,-0.136361832,0.747492838,-0.013395154,0.583581641,2.996617319,2.184660729,1.403565671,1.624350009,-2.962237822,-0.149311326,-0.056380101,-0.232385836,0.805897696,-0.803503687,-0.581926982,0.430034753,1.017519577,-1.429052653,-1.092702221,0.403327988,-0.684679303,-0.47019585,0.402805698,0,Normal
-1.516594917,0.618367427,0.406124105,1.191698524,0.598905705,0.709984445,-1.149422517,-0.429720696,-5.002770835,-2.518104112,-1.914275693,0.206709371,0.071145372,0.884566082,-0.943821692,0.055386637,-0.705927538,0.665702814,-2.662216421,0.832556456,-0.348546528,0.649136845,2.496481201,-0.307048257,-1.246711252,3.907263677,-0.261130616,-0.436064902,-4.062168678,0.582296963,0.769950218,-2.796160634,2.381977562,1.958664038,1.522106639,-0.516044572,1.871270118,-0.452917736,0.259719527,-0.209684848,0,Normal
-1.820287309,0.018727818,0.373330727,0.426571786,0.686616003,1.243481389,-0.205677087,0.412006492,-1.950538769,-0.920897932,0.830817325,1.183728696,1.450918112,1.117667459,1.023557908,-0.605418856,1.476442429,-0.128218797,0.189088426,-0.302029988,-0.111315412,0.05975211,2.607695511,-0.52090043,-0.771071607,1.584924509,-0.168644301,0.968373556,-0.580455945,1.800486854,0.735851797,-2.776252787,1.489356399,0.221745155,-0.271261862,1.522327857,0.372868643,0.227896766,-0.857711698,1.16132921,0,Normal
0.429446936,-1.197726183,0.939791638,-0.532304799,0.084949997,0.687128269,0.208492965,-0.841614203,-6.087682554,-5.761630594,-1.060064576,0.647631329,1.826685303,-2.107878047,0.40491934,0.003369008,0.294593638,-0.099745811,0.419339273,-0.885525443,-2.232736053,1.728449886,4.126176888,0.680773211,0.619391529,3.170972131,0.940092841,-1.551485725,-6.450450492,-2.516174337,0.833389188,-1.356063852,0.347899772,1.33583718,1.605934964,-1.057687992,0.439388623,0.903719837,-0.076802039,-1.130725924,0,Normal
0.372904353,0.473676475,1.005780939,-0.59337674,-0.145087101,-1.210988151,-1.125120313,1.027392419,-1.002965171,-0.639265162,-0.361347704,2.044449409,2.021625334,0.130081118,0.552896838,-0.115024008,-0.619012653,-0.653677916,2.228869291,0.883243491,-0.236540444,0.342372119,-1.891331904,0.811291369,1.371692495,-0.976148889,1.868068741,0.351184323,-0.886553177,-0.497601218,-1.963613947,-1.004721814,0.417762898,0.363832299,2.374494219,-1.514698501,-0.437661372,-0.098559245,0.021310063,1.251476748,1,Intrusion
0.985286991,1.448467775,-1.577619042,1.489781437,-0.552762287,0.245243316,0.151001048,-0.762223598,-3.549045787,-3.55316926,-0.541775744,-1.214662332,-2.344287367,0.49567111,0.283031992,-0.939514521,-0.7848852,-0.013711349,0.108923563,0.2419648,-0.409620378,-0.05483231,-1.522777769,-0.554102879,-0.921764713,6.916888113,1.688353177,-0.845957834,1.815023681,2.000416383,-0.529702957,-0.435062644,0.566542491,0.321150316,-4.616622697,-0.011531385,0.968692531,0.853165569,-0.903875922,-0.633088711,0,Normal
0.350204603,-0.23229399,-1.105721477,0.393347314,0.068043249,0.761549041,-0.368932329,-1.155981052,-6.31526143,-2.479387714,0.721847976,-0.909454328,0.638291916,0.062032783,1.080333263,0.233134181,0.908787237,0.939108529,0.537685079,-0.233251003,1.962359105,0.246404974,2.679032485,-0.595018603,-0.255233943,3.36674834,-0.321191194,1.625617901,-4.249736906,-1.545028981,-0.160427136,-0.837089892,4.029132208,-0.33769304,1.326990546,0.330269095,0.134660705,1.57382527,1.078412646,-0.008114815,0,Normal
2.476658465,1.512625435,0.096164472,-1.384376462,0.08287587,0.531366815,0.689502059,-1.746304794,-3.955729402,-2.384546928,-0.327428446,0.695070846,-4.719623895,1.527432029,-0.633962693,1.71063527,1.200751281,1.159746183,-0.83008276,-0.131867027,-0.047701676,1.59228838,0.584313339,1.161986212,-0.398865106,7.141015981,0.757783469,-0.578471737,-2.661876503,-0.647075404,0.389042593,1.866029828,1.538358401,0.105565295,-4.074303462,1.508115457,0.644884417,0.240156927,-0.094389111,-0.215146592,0,Normal
0.709784002,-1.068844714,-0.199577869,-0.777052031,-0.306024034,1.787319851,1.283266809,0.778446513,-2.837702819,-2.379699569,0.154848467,0.88901915,-0.381482969,-1.753316472,1.107672196,-0.517630878,0.092569323,0.286360739,-1.084944105,1.159470754,1.19950787,1.071211255,-4.101849786,1.121828662,1.685638849,3.215440791,1.114233056,-0.311324552,-0.384749627,0.35427653,-0.751363746,-0.310851587,1.736302739,-1.619111574,-0.055963299,0.426020507,-0.244599287,1.419611808,-0.988073459,-0.221252106,0,Normal
2.25961288,-1.438762113,0.028971832,0.680083315,0.687733426,0.346983705,0.815389792,-0.548443781,-1.88150638,-0.365565583,-1.218168714,0.66536259,-1.75253009,-1.357846742,-0.540826689,0.297911016,1.345142987,0.061044359,-0.234879578,-0.097889961,-0.847838482,2.770981626,0.61493718,2.420255773,1.265840131,0.9402666,0.54101645,0.306295062,-5.291264687,-3.65992615,-0.1210268,3.150541027,2.427473755,-1.473257278,0.430089436,0.809580898,-0.16801052,0.59119307,-0.169022292,-0.676496443,0,Normal
-0.278277885,-0.969813322,1.231919658,1.296840011,0.449927515,-1.671600988,-0.21493494,1.266861268,-6.723787698,-1.056084055,-0.739221379,1.740759938,-0.744825013,-0.936906362,0.542879396,0.422110333,-0.002834439,0.414904864,0.758135567,1.846385049,-0.048457295,-0.815510074,-1.900702351,1.451077469,1.619523589,2.785807192,0.995418199,0.614012653,-4.622756753,-1.586667124,-0.398994223,-1.153187711,4.794546543,-0.954300086,5.671031898,0.053317746,-0.689564261,0.043107471,-0.722025346,-0.882278235,0,Normal
-2.420796738,0.434929984,-0.983769344,-0.46709242,0.746644578,0.861161407,0.088631854,-0.950587676,10.14538791,0.589596841,0.614447737,-0.806810038,0.472726334,-0.108298446,-0.734117819,0.864148995,0.607100232,-0.10719344,2.042543428,-0.554823409,-0.462069088,5.487012301,-2.619056013,-0.736236862,0.902567959,-7.283551205,-0.155271985,0.35289368,0.390543971,-1.471477697,1.131737249,4.68277302,-3.724248815,0.028521788,-1.229327445,0.856107348,-1.097552696,-0.249391022,1.398612693,-2.153335078,1,Intrusion
3.021047996,0.488755951,-0.677795651,-1.77446803,0.553617452,0.581899587,0.465800071,-0.687877525,-8.82603722,-5.414681829,-0.366666363,-0.436095019,2.555946296,0.507346114,-0.049549364,0.601178926,0.322572063,1.834009195,1.038275576,-0.915690256,-1.061434364,-1.387298782,2.669359694,-1.06989072,0.311238564,3.573741626,0.08496617,0.464271874,-4.50402983,-3.41273442,-0.944896792,-1.290286717,1.139985348,0.635862706,2.510725483,0.755179401,-1.980733524,-1.290629162,-0.264497816,1.026319162,0,Normal
-3.626667556,-0.14571843,-0.228537656,0.648027029,0.119586055,-0.064659685,0.731787471,-1.138890203,0.670418086,-0.315496928,-2.596107437,0.730203084,1.809503194,2.224262496,-0.927067258,-0.329170961,-0.240852892,-0.757641433,1.669309963,1.160375042,-1.39221993,0.006251993,0.999638965,0.681905626,0.901122733,-1.436159114,-0.747714119,1.204327552,-0.426157307,1.760855899,-0.795217786,-2.900642838,-0.438359144,-0.187677094,2.512614415,0.618054778,0.536030345,-0.300630169,0.219190436,0.076951204,0,Normal
1.715063159,-0.28511141,0.44448766,-0.255086725,1.011148409,-0.428765455,-1.0110167,0.167609217,-4.490552924,-2.542484541,0.260792213,-0.127573303,-1.873670344,-0.386343408,1.160272421,0.095079522,-0.282087442,-1.038289256,-1.681461571,0.298306098,0.625261961,1.29699732,-0.839351952,-1.21439457,0.70593163,3.726313716,-0.538233873,0.53073416,-3.034045022,-2.565409473,1.337014536,2.590910388,3.528464936,-1.973490654,-0.629051119,-1.233068055,0.091428496,-0.229738404,-1.535514695,-0.479547615,0,Normal
0.111305728,-1.228803492,-0.58053509,-0.918587227,0.233035958,1.25452179,-0.445750934,1.654091927,-1.393808126,-3.576991242,-0.854994756,-2.252112185,3.147978355,-1.868274033,-0.618212084,2.065567177,0.256547844,1.475027212,0.548110125,-1.417768954,-0.055623133,4.834166471,5.132815167,0.423101806,-0.330107834,-0.508511304,0.075117033,-0.839851948,-6.357191724,-2.799660977,-1.269196924,0.436737766,0.836685116,-0.70342422,-0.549647798,0.204795304,0.085103962,1.952796695,0.100924318,0.659483755,0,Normal
-0.360117557,-0.290314991,-1.004900917,0.612850405,0.935880487,-0.139555372,-0.072401538,-1.41087547,-3.957162358,-2.871771644,-1.115411349,1.134951273,1.586798779,-0.840960052,1.123236402,-0.105435279,0.026584563,-0.114931335,0.312253855,0.311799296,0.937763066,1.739629572,2.26073278,0.230933371,0.324980486,0.439450711,0.608471691,0.921572619,-5.513151783,-2.829469974,0.389827593,0.092946034,2.334216949,-0.712196526,2.848374564,0.003607044,0.100844333,-1.160651982,-0.292800689,0.324909986,0,Normal
-1.445726821,-1.844300386,-0.233515182,-0.759985359,-0.547375221,0.267872412,1.802205775,1.644192729,-2.191243206,-1.646889258,0.151841702,-1.581805039,1.468670193,1.310699075,0.006047943,-0.628701109,-0.063647091,-0.907163768,-0.314476729,-1.239088355,-0.704974843,1.14847727,1.601493469,-1.398146574,0.828210471,-0.717242195,-2.163924006,-1.15353638,-3.801904652,-1.820694849,1.182557905,-0.112156927,1.939683376,-0.500531774,2.927375219,-1.428165882,0.221736969,2.012345989,-0.426127869,-0.594350758,0,Normal
-0.891615432,0.276504065,0.316404115,-0.675772746,-0.571277767,-0.318897912,0.014458826,-1.284225488,-5.708984023,-2.098288867,-2.003332846,0.71552301,-0.318998712,-1.260412956,1.614188383,0.202571408,-0.90272915,0.40657543,0.403752625,0.615039748,-1.196181245,1.413880714,0.753553174,0.915137488,-0.547043373,2.911107304,3.899963598,-0.509141022,-6.518296049,-1.462450584,-0.233367026,-1.4757476,3.732317976,-0.444030091,4.219420607,-1.073062024,-0.232186185,-0.356159877,0.58858353,0.348990846,0,Normal
1.270730411,-1.212580427,-0.567834575,0.136407516,0.04163,1.695340556,0.608445473,1.672357262,-1.208012307,2.639148406,2.263591218,0.601610545,-0.860447578,0.136614515,0.472819229,-0.661924131,0.173803525,0.906858757,-0.376437549,0.017463307,0.937016122,2.01651223,3.355733549,0.6207384,-0.400089624,0.239730719,-0.683148131,0.578427656,-5.325872183,-1.390474499,1.621195299,-0.009301366,2.865347242,0.51121361,1.098228357,-0.906930539,0.268739343,3.130888027,-0.455891978,-1.591137792,1,Intrusion
-1.392625933,-0.507115079,0.473566178,2.126865097,-1.097716233,0.157437653,-0.351497875,-1.526903281,-1.370488912,0.281105185,-2.279231496,-0.335195679,0.466006493,0.872619618,0.189671708,1.0781466,-0.130698439,-1.189400282,0.112757287,1.398495387,1.372156847,4.069578924,2.49901728,0.453974303,-0.33386287,1.558716796,0.993375799,0.50128003,-4.194794214,0.434576537,-1.562726866,-0.60729376,5.035130133,-0.053602307,-1.065801932,-1.276947113,0.090568115,-2.11272977,1.454117597,0.47147923,0,Normal
-0.447378358,-0.215023797,-0.589345862,-0.668965782,0.5954377,0.586719205,0.099347535,0.003356814,-2.081597877,-2.204168701,-1.043228468,-1.028988516,2.072618082,-0.233169109,0.077316431,-0.535873306,0.673627567,0.527176421,0.386283366,-2.18477614,2.03406226,1.108282655,-2.976088807,0.452994518,-0.150218202,0.329092597,0.818867636,-0.184411391,0.426077218,-0.579937399,-0.555006362,0.670420926,3.421874635,-0.361792912,0.224591151,-0.653580881,0.810202983,-0.974834439,1.007605861,-0.429001227,0,Normal
0.517067527,0.665543023,-0.43381264,1.065759852,2.050638223,-0.917635439,-2.114723712,-0.38518646,0.36566268,-1.293539095,0.472248667,1.352669838,0.153463919,1.275129894,1.095960244,0.285762627,-1.26759732,1.099747656,2.685517192,-0.36107041,-0.485086622,0.754035573,-6.331319051,-0.013255215,-1.105883368,2.368107969,0.724580688,0.199257413,3.021765003,3.092521201,-0.162462068,-2.106033476,-1.175545518,-0.926907143,-1.201952714,1.070920447,-1.295174335,0.635388668,-0.754262781,1.318527291,0,Normal
0.028072423,0.50518132,1.705202352,-1.33889749,-0.255243374,1.091048972,-1.632133737,0.044344309,0.655989005,0.481902142,-0.051409834,-1.041780562,2.205083308,0.497683253,-0.727604764,0.817795966,0.171894661,0.238744096,2.075627807,-1.355729742,0.05435999,1.857396593,-2.864921672,-0.220568784,0.448084038,-2.127863856,0.007015025,-0.323495284,0.834586039,-0.857000822,-0.895596524,1.775331693,3.773455686,-0.460621507,-0.245033216,1.327456594,-0.596725605,-0.561050793,-0.614789739,-0.501960826,0,Normal
-3.937388795,-0.723708876,-1.520723494,0.689554199,0.658657196,-0.641002749,0.393941645,-0.821845971,2.643091045,1.113326353,1.006806176,1.788712347,1.968852544,1.475365075,-0.812267298,-0.258519375,-0.049098658,-0.315385019,-1.931301191,0.425504374,-0.879833422,0.458305075,0.18303993,1.019718302,-1.606520316,-3.049938157,0.980228405,-0.531084084,0.808539153,1.87556761,-1.372555233,-1.877271473,0.27241677,1.276576405,1.887302438,0.565726101,-1.14702351,0.660868676,-0.604220281,0.925927625,0,Normal
-0.299673781,-1.248598757,-1.170114241,-0.135905544,1.337485799,0.019797134,-0.493451361,-0.594379054,3.917182367,2.3556056,0.372016343,-0.469230802,-0.938730881,-1.595383485,-1.217126048,2.198821865,0.085091153,0.608984009,-0.09421976,-0.405891885,1.483363177,3.871639681,-0.905622829,-1.626237473,1.544006388,-1.651222123,-0.292223485,0.223125156,-3.361059806,0.676148679,0.500181444,-0.702037676,-1.468858831,0.369225316,1.033470574,-0.005022778,-1.877049787,0.184981113,-0.209394586,-0.037230871,1,Intrusion
-3.061169097,1.215590207,0.035949272,0.239796568,1.176631448,0.506617649,-1.552961372,0.097979467,0.210962572,-2.418565959,2.473986369,-0.515435416,1.535616618,-0.227916526,-0.778819209,-0.802595733,0.274145631,-0.56059005,-0.60817342,1.883495145,0.497454341,4.00043667,2.279623364,1.364532671,-1.544703541,-0.879038452,-0.803014522,-1.086723653,-5.117972809,-0.639555123,-0.27861083,-0.894327977,0.367580339,0.173555875,1.855244378,0.352747105,0.500179936,0.114694299,-0.361626017,0.789519916,0,Normal
-0.812368307,0.952961696,0.099422029,-0.869976841,0.950740017,-0.848180452,-0.047687183,-0.10678998,-0.574294818,-0.050127078,-0.277971438,1.244070445,2.898820897,0.10248365,0.352245312,-1.154064688,-0.952310647,0.510848643,1.15251805,-0.706417013,-0.794524535,-0.059283531,2.97977611,-1.400998303,-0.786559382,-0.764702819,1.371764471,-0.27498777,0.285841081,0.852680351,1.121120822,-1.833222236,1.110359707,1.369530987,-0.556176919,0.39400294,0.809389238,-0.390336519,0.023242784,-1.591077016,0,Normal
-1.192949214,0.090543193,0.918641507,-0.027964377,-1.000296297,0.825688529,0.300653286,1.176877125,-3.653729218,-3.577453287,0.225215485,-0.807553945,0.109104385,0.350182899,-2.590022783,0.408633282,1.03903646,-2.625430527,0.236635332,-0.448128664,0.805432376,2.165234218,-0.033948331,-0.059778358,-1.006461346,2.931394854,0.337378809,-0.047763367,-4.970288597,-0.224584015,1.069583258,-2.099908815,0.556907025,-0.367604213,2.53606127,-0.624728309,-0.917339888,-0.622534615,-0.417135618,0.218609557,1,Intrusion
-0.640614031,-0.845337633,1.586036163,0.922142148,0.993869847,1.83816287,-0.329096141,0.463310834,-3.807494704,-4.284873302,0.969859951,-0.402483316,1.390610624,-2.003724468,2.041993816,0.41342134,0.823737959,0.280020968,0.170179792,-0.344821491,0.462380435,1.182590194,1.181243738,-0.599240694,-1.985148691,3.134086759,0.60951858,0.251980288,-0.393876958,-0.371155668,0.773225169,0.439613157,3.019935432,-0.030239352,-2.529493786,1.695433978,-0.712238088,2.046139391,-1.304348826,-1.485365421,0,Normal
-2.150835684,0.461979552,0.83996199,0.559141637,-0.020803753,-0.694130509,0.212345134,0.092439996,-3.745999823,-2.571901511,0.727357144,0.486318827,-0.351328806,1.059790608,1.537019645,0.923956395,-0.793877369,1.180637634,1.737051868,-1.97791733,0.691490272,3.233693923,0.946774578,0.333600017,0.911274392,2.425845753,-0.683799011,0.321535318,-6.747224128,-0.924606616,-0.247963752,-1.190846719,3.069321275,-0.061714109,3.116980927,1.185381491,-0.532696779,0.295048014,-0.003351785,0.161716636,0,Normal
-0.035307182,-0.174843327,0.508030003,-0.396636197,0.445022413,-0.389323376,-0.108646336,-0.811699561,-6.676463469,-3.336669345,-1.55675354,-1.119155463,-3.022478089,-0.876531485,-0.267333377,-0.171601084,1.069678173,1.372727126,0.173750629,-0.522844525,-1.693116887,-0.686945979,-3.285941797,-0.681415253,0.787386794,7.770827277,-0.08243966,-0.955419438,-3.290991561,2.185656221,-0.584820776,-4.42184756,0.065801955,0.688228141,2.950028392,0.54999482,0.309925845,0.021784086,0.245359011,-0.267742042,1,Intrusion
0.336761883,0.90195016,-0.078071057,0.286022852,-1.811327602,1.375275342,-2.009316105,0.382449066,1.293694454,-0.146557033,-0.294732588,-0.662058887,0.091619813,-1.655575491,0.487655976,-0.456394082,-0.483625435,2.760141305,-0.252876786,-0.701700845,0.440641551,2.876904176,-0.781910935,-0.171149795,2.13431879,-0.226413802,-0.149588938,-0.156403692,-1.111924243,-0.384622816,0.304188034,1.220981092,0.907807275,1.260124169,-1.494975346,-0.542181019,-0.047301322,-0.188250257,-1.435687109,1.742738197,0,Normal
-0.187197549,0.183175318,0.532791317,-0.622326565,-0.512832272,0.426475488,1.578411238,-0.320808302,-2.766576032,-0.295645716,0.723478914,-1.726281764,1.073148521,0.980331888,-0.514216261,0.628040699,0.114386719,0.102216111,-0.146184135,2.821212415,1.602174397,1.065821651,-0.593528421,0.562397157,-0.644087235,-0.139785748,-0.001998135,1.612136021,-3.1224577,-1.601759396,1.862329782,0.155193894,3.815499199,0.451124664,2.761620372,0.585297926,0.746149554,-1.266838757,0.17347956,-0.414374061,0,Normal
2.478159832,-0.091102246,0.026346157,-0.528788628,-0.983409267,0.08083114,-0.084276177,-0.048651562,-3.205588594,-0.890754384,0.953857113,1.601570416,-0.251241482,0.633734664,0.479798358,1.505106272,-0.110011632,1.35893334,0.858316233,-0.042604902,0.162552295,-0.443743461,-1.415609384,-0.356736352,0.610755349,2.740536647,-1.041627008,-0.572803488,1.01515403,-0.735192372,-1.395652275,1.343812191,2.983884811,0.983235517,-2.161269803,0.940875494,-0.546151381,-1.358443341,0.575063826,0.268334414,0,Normal
1.742146594,-1.173110542,-1.383664428,0.9653253,-1.743947559,-0.737472296,1.444266803,0.619253973,-1.895906842,-0.687586989,-1.198190544,-1.421083699,-0.076795567,-0.325128526,0.922493001,-0.247344774,-0.79889679,-0.606759589,0.442165254,-0.315602045,2.036841522,-0.145244408,-0.275129177,-1.291636901,-0.380633049,1.97018487,0.194617992,0.763365579,-1.843870499,0.465072492,0.215321939,-2.387251275,-1.798214333,-0.318201404,1.201676681,0.726171363,-0.450628668,0.060713682,1.516488404,-0.651951876,1,Intrusion
-0.007246592,0.350755438,0.103907777,0.202508427,0.367146401,1.200626403,-1.095245755,-0.468560509,-3.21137137,-2.205302019,0.724370629,-0.374809069,-0.342294774,-0.627411618,-1.688603783,0.249482915,1.539511923,0.554497476,-0.492132904,0.07854232,0.765968507,1.689339289,-0.249481623,-0.675784593,-0.327321921,2.466287437,0.206715114,0.27651775,-2.563922461,-1.172830376,0.940648185,0.919135504,3.210574616,0.435901917,-0.184081656,1.706679457,-1.875318417,-0.581617824,-2.348605115,0.012363064,0,Normal
0.318661687,1.648604516,-0.688169077,1.796532766,-0.00443933,1.083559839,-0.219904121,-0.844865475,-7.341281876,-2.481795212,0.441164592,0.342175996,-0.288714718,0.816942762,0.555418785,0.331455501,-0.763862318,0.267113549,0.803391049,-0.206918917,-0.618333517,0.856964291,2.09705452,1.663481359,-0.849337673,5.145104128,0.18940946,0.721609294,-5.408331911,-0.779571868,0.152972806,-1.807599757,4.701654746,0.400588151,1.552062817,0.811354875,0.271144889,-1.240212769,-0.494111569,0.552683923,0,Normal
-2.277414447,-0.26220598,0.856111919,-0.582742504,-1.171524396,-0.484458463,-0.032673762,-1.130573882,-0.86519145,-2.253230423,0.831970123,0.512348551,2.204384592,-0.368394649,-1.941585664,0.272742797,0.157455631,-0.464525985,2.405417911,1.749044473,-0.401746421,0.96025089,2.763035781,-0.133168801,-0.040902822,0.191360933,1.116879184,0.288837506,-1.636126391,0.921841091,-0.456887525,-2.494847366,-0.524109133,1.392939418,0.63262072,-0.500775209,-0.822526582,-0.009876135,1.223594749,1.092197268,0,Normal
2.842114612,-2.24654297,0.165336745,0.67250038,0.42463619,0.732330094,-1.209303425,-0.984134599,-0.456588401,0.759784826,1.122957835,-0.238563349,-2.397375219,-0.735007425,-0.943278724,-0.469829093,1.238484682,-1.706400305,-0.954861119,1.86337243,-1.217686606,1.32384131,-2.130808905,-0.789867003,-1.608678862,2.491287897,0.204867395,0.126505637,-0.504158014,-0.311289094,1.385305118,1.53701136,1.001816108,1.022805308,-2.240348772,-1.147966365,0.348148539,-0.66060298,0.460948508,0.415971504,0,Normal
0.078261552,1.893516397,0.195293341,-1.14616379,1.83943515,1.875130589,1.058397637,0.07053785,-2.681483015,-3.745417885,-1.440485963,-1.536092275,-3.357439265,-0.407329578,1.729775315,1.866661516,0.926725885,-0.121330508,-0.046861838,1.303297688,-0.490632991,2.560769603,-0.714772342,1.002929075,0.633565888,4.999621605,-0.050052151,-0.487275787,-3.198507101,-0.870475277,-0.837686609,1.679501276,0.776470402,-1.985357358,-1.824499712,2.593829904,0.151735419,0.157789183,-0.872034772,-0.290973375,0,Normal
-0.761975664,0.843467498,-0.363222195,0.356914866,0.526491354,-0.35879549,0.055138889,-0.079001706,-1.773067558,-1.607025409,-0.149630841,0.089597074,-3.172146305,0.41384267,0.52987701,1.584518163,0.942666652,-0.003674837,-0.225781281,-0.013064956,-1.480343676,2.575000948,-4.895225398,0.439085966,1.243574328,4.00578864,-0.530554489,-0.421749811,-4.442199448,1.301465374,-1.912629093,-2.292998159,-0.685278325,-0.036798012,3.295624512,-0.657674558,-0.077485318,-0.031223751,-1.191914545,1.119181476,1,Intrusion
-0.422028736,-0.396651484,-0.898724512,-0.360658492,-1.347148529,0.545641443,1.219919289,0.800110913,0.324156832,-0.425629495,1.727831154,1.887032838,-0.978956798,-1.585505243,1.140378807,1.449744481,1.563788135,0.525992767,1.496530396,0.261181832,-0.61600494,3.47441563,-1.807889324,-1.729796498,-0.09902594,2.42534769,-0.421365475,0.659143383,-3.365556335,2.184967174,0.50542547,-2.928053537,-0.990213618,-0.631411587,0.570704186,-0.543630578,-0.540401359,-0.520194904,0.001135429,-0.121352243,1,Intrusion
0.581782495,-2.062463632,1.790279724,-0.101480471,-2.539303048,-0.129293102,0.297639593,0.558250107,0.229834726,-1.197459661,-0.838895284,-1.932433995,-0.72355409,-0.293575109,0.683479148,-0.574574047,-1.477844531,0.404827216,0.251600509,0.095810802,0.277201833,3.640533078,-3.91180923,-1.545150084,0.013108951,-0.319810596,-0.468461442,-0.411933679,-4.087485995,-1.966120851,2.470741187,1.467665949,0.324920382,0.121340227,2.369807854,0.491667106,-0.233764574,-0.376623214,-1.605219051,-1.507347893,0,Normal
0.956900787,0.830897581,1.107860016,-0.542298968,-0.870853721,0.016901589,0.718164019,-0.276339638,-4.536368726,-1.550541921,-2.200605005,-1.16037295,0.212174281,0.504461646,0.113560671,-1.410861783,0.82409925,-1.91238606,0.599330069,-1.832064497,1.269234288,3.488498617,2.606762954,0.219865766,-0.048322902,3.900571882,-1.410885541,0.225898954,-7.104958369,-0.320822181,0.895933575,-2.554815373,2.642068678,-0.213274554,0.975569837,-0.554055112,-0.059805515,-1.882820266,-0.404432139,0.261941914,1,Intrusion
-0.617045708,-0.650023965,-1.274718545,-1.88328195,1.198139876,-1.353910193,1.407815506,0.999782336,-3.737108589,-0.321358014,3.12486096,0.768588258,0.184174249,-0.449250049,0.694617108,-1.135733611,-2.608322054,-0.947681752,0.258880587,1.509701531,0.125708791,0.580304334,-1.932485806,-0.827811337,-0.122426103,0.816996161,0.656019812,0.60204103,-3.750052333,-1.134101986,0.714387022,-0.779039307,3.834348837,-1.375858436,4.427303835,-0.474055385,-1.796819465,1.488140812,1.997313509,-0.036889099,0,Normal
-1.58548958,-1.186903212,-1.805140388,-0.360554859,-0.206152492,1.39348402,1.425973652,-0.190476282,2.203524478,-0.249996295,-0.915929442,0.431840658,2.787377838,-0.548577694,-0.59622698,0.41127332,1.469117431,2.063619505,0.720672811,-0.115533878,1.852207888,4.094640354,2.081106512,0.365845401,0.99398837,-2.782269757,1.782058012,-2.001886736,-2.647286964,-0.592787102,0.917207784,0.269975315,1.367885529,1.241134248,-0.394841718,1.666263092,1.182725614,-1.512225696,-1.94741109,-1.412321385,0,Normal
-0.133089453,-0.977398245,1.127163515,-0.79673847,-0.787905502,1.933079524,-0.726286179,-0.511979985,-1.092617429,-2.87074754,-1.359925077,-0.304443795,-0.956690964,-0.043851501,0.528878326,1.241977908,0.310938896,0.105146844,0.467416316,-0.83463988,-0.552457869,3.156357497,-0.633044633,-0.031574861,0.336547883,1.32945575,0.225494552,0.24246844,-2.931905505,-2.243212715,0.271716085,2.919658512,1.82311411,-1.89888139,-0.976001002,-1.363732811,-1.314482017,1.944835737,2.636605196,-2.094118057,0,Normal
0.963948199,-1.052581178,0.609471311,-1.065352355,-1.405172502,0.002578132,-0.646949047,-1.5492607,-0.212836507,-1.722655853,-1.524856129,0.961960427,-2.169070012,-0.305118717,1.1102907,1.112456961,0.18220383,-0.773429247,1.525123148,0.989268739,-1.128479194,2.24515738,-2.25592198,0.419267806,-2.130344783,3.112175674,-1.675399065,1.078762518,-1.021360112,0.404135949,-0.662790407,0.615528363,-0.707883965,-0.007334413,-2.019161841,-0.84549076,0.13823947,-1.114569357,0.728450545,1.57090841,0,Normal
0.226732601,-0.572411554,-1.110788438,-0.625179595,0.099883375,1.322103081,1.347813605,1.049950534,-2.541833903,-2.788083304,0.575738458,0.153887733,-0.461639863,-0.15433992,-1.00615594,-0.05221068,0.944408574,0.04338029,1.079437347,-1.893578811,0.781307348,2.638446994,-1.177543523,-0.221070664,1.086363816,2.105558432,1.10142124,-0.973997989,-3.615578791,-1.595750757,0.898875816,1.012627424,1.869606153,3.075086297,0.518967047,1.507239174,0.172676855,0.721300789,0.573196428,-0.378458313,0,Normal
-4.182659825,1.079466253,1.917661443,0.816008238,0.173828946,0.997180939,-0.32742807,-1.035328839,1.381707984,0.594065657,1.832059031,-1.290461212,0.629706354,0.476600448,-0.142148966,1.16236707,-0.205879372,-0.366555826,-0.482498946,0.604140349,-0.407078539,0.647389331,1.822870353,-0.047465011,-0.477270062,1.081282232,-0.680469888,0.599255471,1.191781252,4.675488022,-1.205806432,-4.181335849,0.223720762,0.142307098,-1.069117064,1.193831105,0.457274761,-1.482212066,-0.132449267,0.429100115,1,Intrusion
0.685630701,-0.086195281,2.08083072,-1.082637389,0.504715799,-2.232041883,1.953061656,0.029076117,-5.217744955,-2.532030636,-0.400102557,0.659363765,-0.846647999,-0.921393665,0.38994122,0.094489562,0.483305445,-0.399055807,-0.435883595,0.993514615,0.635715893,-1.5228619,-2.188613353,0.13293095,-1.129395124,5.194266954,-0.291326679,-0.523368386,-1.155454551,1.717106386,-0.450253305,-3.833050157,-0.405481044,-0.098997611,2.00747201,1.567921185,-1.052089838,-1.72138327,0.269228063,-0.480350764,1,Intrusion
-2.391031989,0.021875595,1.109871257,0.77086169,0.272904679,0.589687621,0.224205983,1.460815295,-1.831880444,0.435716263,0.563204124,-1.893854252,0.099725912,0.52304027,-0.041013868,-0.433312455,-0.590005236,1.570570469,0.716263759,-0.277170763,-1.352305244,0.171872588,-1.043125584,-1.66496869,-0.733521926,0.574277582,-0.097227091,1.149216647,-1.516952808,0.920981329,0.418430043,-1.651862028,3.199103129,-1.051537054,2.881646508,0.329998076,0.908869761,0.896242125,2.733587413,-1.209636392,0,Normal
-0.035157983,0.861178475,-1.493774295,0.090793172,1.500070711,-0.43044332,0.537398673,1.193091648,-0.889911709,-0.367058727,0.770374391,-1.138144744,2.44906552,-1.05774634,0.436887388,-0.870331679,-0.581056927,0.650297103,-0.512408163,0.097322303,-1.654175351,1.611569221,1.787305069,-1.762948811,0.998938,1.102335447,-0.098359653,-0.467120426,-0.15093509,1.706838439,0.540220253,-2.19109299,1.857452864,-0.336259781,-2.166718283,-2.086805856,-0.328837625,0.476925197,0.788091849,1.897407926,0,Normal
1.62038822,1.411835053,0.010457588,-1.137394021,-0.746307444,0.181728,0.015666961,-0.371535941,-2.956742631,-2.264280452,-0.221801103,0.641165709,-3.321387305,0.073435246,-0.108065752,1.041317275,0.652487206,1.164297735,-0.923038453,2.347170221,0.516602741,2.113213902,2.342064436,-0.527108116,1.855158071,5.373733053,1.50822506,0.637237407,-2.898442239,-1.004417552,0.71960398,2.028052519,1.687996166,1.552633607,-4.105141654,-0.685154642,-0.71919586,-0.289390675,0.791872968,-0.505262745,0,Normal
-0.404161385,1.118600233,-1.259157966,-0.04311159,-0.123460438,-0.690866814,-0.267448623,-0.400103303,0.356184221,-1.077544357,-1.504517938,1.302025618,1.41456966,1.785066809,0.222063919,0.416443722,0.753680656,-0.422704485,-0.393626065,-0.804376101,-0.000981271,2.805381733,-3.861336704,1.381026086,-0.408254872,-1.170714359,-1.049051515,-1.771439646,-1.682593125,-0.695868153,0.531128473,0.331805781,1.266867818,-0.017020317,1.862310742,-2.732606816,-0.466271412,-0.735885988,0.361379566,0.823184154,0,Normal
0.174176287,0.498923965,0.244562241,0.283902156,-1.18690728,0.373692961,1.14076301,-0.93250808,-3.243049794,-3.539147549,-0.061059119,0.019785364,-0.696393398,-0.490596022,1.239852676,-0.821796001,0.098752952,0.741120467,-0.758758892,-0.060687792,-0.648855738,3.359577284,3.54335077,-2.352182886,0.598297747,1.884706816,0.774128538,-0.80855939,-4.942993326,-4.147856267,0.36289398,4.347934708,4.156132347,0.281624122,-1.98176203,0.736931092,1.750452845,-1.656397626,0.778950342,-0.631716951,0,Normal
2.133832624,-1.487680723,0.146565661,-1.053016242,0.236223217,-0.784108906,-0.014585355,0.593640758,0.993913263,1.130248811,2.670960326,2.471992036,-0.375606427,-0.972026945,1.593229563,0.355346716,-0.589017542,-1.44652051,-1.178525868,1.276657073,-1.274329868,2.40709299,-4.369108038,0.948955829,0.418025136,-1.364255737,0.289807966,0.69957831,-1.814353694,-1.852655763,1.813180952,2.061823167,1.157930727,0.928822012,1.377695343,-0.16511617,1.403759322,-1.277459438,0.254903367,0.079830195,0,Normal
1.033925968,0.49249616,-0.461135158,-0.757989748,1.134567669,1.086721484,1.811017204,0.136631472,-4.282391258,-2.017411496,-0.191853631,-2.203947198,2.547490678,0.03808847,0.604868192,0.074526558,-0.778955583,-0.514392492,-0.357487136,0.251861685,-0.032440175,-0.189181237,3.976998693,-0.948520082,0.371325665,1.010525221,-1.272544505,0.949199313,-2.480563168,-1.687026284,0.897771583,-0.690330608,2.197899423,1.820004419,0.216932071,-0.309191288,-0.01951059,-0.641542655,-1.358655242,-1.505832748,0,Normal
-1.848321712,-1.271876751,0.070875498,0.523115992,-0.56582146,-1.253353684,1.145699927,0.044699569,-3.55190392,-1.800913054,0.170167016,0.944858826,0.843069088,0.946621283,-0.294639906,0.11920597,-0.095629155,0.535762934,-0.351917173,0.689283158,0.018334705,-0.656691164,0.73236061,-0.517699391,-0.743229646,2.531137642,-0.592955964,0.163115536,-1.604606738,1.673543703,-1.869349341,-3.721047469,0.856690865,2.299236974,2.226778795,-0.790603276,-0.661601864,-1.590082047,2.961447627,-1.244279159,0,Normal
-2.708933878,1.406544876,0.231396112,-0.055973601,-0.388745657,0.522861814,-1.398236471,-0.789057729,-1.578683203,-3.302152138,-0.729544939,-0.435454598,1.518154674,0.473212815,-0.004076325,0.285389374,0.087376059,0.568279808,0.997719826,0.069798469,0.134377555,2.042486225,2.48210344,0.245615568,0.553089895,0.90745837,-0.435291045,-0.167464698,-3.893419186,0.358037302,1.514068807,-2.506396689,-0.62539036,-0.257580883,1.798423708,-0.491159896,-0.751261516,0.73752373,-0.230239578,-0.555412272,0,Normal
-2.015454867,0.167222985,-0.078548585,2.174450643,-0.018265578,-0.491340557,-1.547758679,0.809170112,-1.371485394,-0.549005585,0.012257279,-0.132715737,0.613146944,0.192492318,-1.265755819,-0.643729404,0.470363599,-0.740807639,0.235338067,-1.209817869,-2.083706133,2.317898134,-1.409933408,-0.837553876,-0.338891942,-1.745140325,-0.229973259,-0.359552257,-5.188898124,-2.275630587,-1.539656954,0.491236369,2.984763951,1.151722277,5.31349475,-1.459150023,0.452781827,0.42900602,-0.187948378,0.487225206,0,Normal
-2.73372076,0.93309259,-0.469042609,-1.308165441,-0.631134259,0.761728108,0.460533049,0.045618751,-0.998938128,0.43982925,0.476824409,0.828091377,-0.434983945,-1.49165615,0.590628644,0.972291344,-0.062595319,-0.563029285,0.015438944,-0.517808147,-0.730221912,3.016177047,-1.379499115,-0.059676261,0.750983359,-1.042617016,0.187463698,-0.09566237,-5.068337806,-1.568985755,-0.656719886,0.909684347,4.759729026,0.885499503,4.217687632,-0.11439358,-1.489759019,0.183359991,1.329437073,-0.963229903,0,Normal
-1.890342226,0.157825921,0.823441929,0.955176286,-1.146473918,0.264315308,-0.689952252,-0.226086036,2.048773121,1.778810251,-1.687544255,-0.791697696,2.365279626,1.799800699,1.487975001,0.540103737,-0.027078088,1.501133276,1.426038631,0.340679932,0.993095241,1.292570245,0.606852645,-0.644452134,-0.942733841,-2.447136464,-2.852061246,0.613479123,0.89123406,1.330155001,-0.532484352,-0.856624645,2.202144449,1.309490114,-0.341820583,-0.917237716,-0.369480579,-0.434930912,1.232814718,0.611836952,0,Normal
1.559182654,0.935529985,-0.828108298,0.745155187,0.167037233,0.806661425,1.351313372,-0.926335829,-1.705783207,-0.853631837,0.672898118,-0.165072115,-0.585577748,2.038918451,-1.492254238,0.491383991,-0.541471757,1.162244298,1.215725628,-2.361970128,-0.261571449,0.696166042,-2.811155956,-0.43728601,0.940209497,2.216905203,-1.494161846,0.951852658,0.370802974,-0.102108056,1.158520497,0.773984284,1.808789591,0.288769378,-1.245705192,-0.695451041,1.662741276,0.332310005,-0.37358759,0.671919351,0,Normal
-0.80321299,1.414263778,-2.353079458,-0.41638079,-0.126516576,-0.150921322,-1.350854751,-1.044037066,-5.477768749,-3.578969552,1.025451054,0.061317104,0.984109479,0.661897941,-1.324346104,0.449776963,0.036122312,-1.219654422,0.743862319,-1.120675176,0.474255026,-0.534434984,2.506378787,-0.653636168,-0.579142234,3.627066871,-1.429906514,0.885765196,-2.965847492,0.158156261,-0.791791272,-2.858552568,1.006580168,-0.279836416,1.540274231,-0.781140221,-0.853577492,-0.063635016,-0.325724113,-0.499078085,0,Normal
-0.305700388,-0.698386944,-0.2006381,1.000060134,-0.814573116,-0.466814938,1.698315664,0.681225202,0.443574565,-1.986660497,-1.933147139,-0.864309884,-0.446906311,0.345429582,1.414314467,-0.884974472,0.015352762,0.437982733,-0.690705063,0.724578082,1.159214985,2.610698874,-3.216561856,-0.717602156,0.853281672,0.861999031,1.470220511,-0.485514672,-1.110936911,-0.092488358,0.779226206,0.641780129,-0.231502544,1.116520038,-0.132932745,0.80378808,1.578020451,1.053386865,0.131773942,0.043442663,0,Normal
1.975618003,0.906784127,-0.139905145,0.632745548,-1.135310382,-0.154217449,-0.360417349,1.317913998,-1.33295138,-1.048561586,1.057995542,-1.639379116,-2.213150559,1.930368545,1.701884314,-1.473421908,-0.845700878,0.36065821,2.689223816,0.31142283,1.550393568,0.49666465,-1.579822616,-1.399442109,1.59702233,2.75885274,0.733371844,1.007648221,-0.947468216,-0.554117227,2.860162848,0.878032307,-0.601846918,0.712434257,-0.969490499,0.212357445,-0.575717733,-1.012557579,-1.030619102,-1.938384593,1,Intrusion
-0.934333261,-0.227972077,-1.411344534,1.763119711,0.749478582,0.708007295,-1.469999452,-0.618680972,-2.509024209,-4.080301344,-0.490465811,0.048913149,0.318343426,-0.07164021,0.512328601,-0.372635322,0.722443392,0.073858512,-1.073670383,0.427683424,-0.590632758,2.318314743,0.173847475,0.870003976,1.83138877,2.436965955,-0.51602791,0.658452869,-1.796979077,-0.979611516,0.456266227,1.216919284,2.136219891,-0.851724802,-1.517169874,0.125293703,-0.873183367,-0.721383848,1.149151283,0.612480614,0,Normal
-0.907276602,1.228707033,-0.063905245,0.763842058,0.235954941,-0.579733951,-0.917560791,-1.007110467,-4.218588681,-1.22891552,1.103647968,-0.471041121,0.828953418,1.159942732,0.43308119,-0.265694611,-1.506086714,0.164292844,-0.725207841,-0.193666562,0.097005808,-1.35216386,0.430503073,-1.775625552,-0.672899734,1.935080512,0.210660079,-0.629626441,-1.268183077,0.327504812,0.292396743,-2.161788637,2.30923669,0.790034712,2.388357284,-0.827490289,-0.902698652,0.43394729,-0.086708826,1.980959573,0,Normal
0.864214381,-1.782767672,0.327774263,0.412463798,-0.35571345,0.176219543,1.199345895,-0.103684704,-2.625275992,-2.662705065,0.779515459,-1.473724991,-2.517442277,0.078565975,0.193175534,-0.706659088,0.549934189,-2.848578162,-2.337300853,1.266201293,1.029027221,4.052002797,-0.456435026,-0.036027817,0.387963423,2.350921778,0.621982878,0.890349836,-7.094982447,-3.543147793,-0.374469962,2.705566191,1.779653992,0.796817703,1.437654466,0.058729756,-0.127692152,-0.519158105,-0.844827852,-1.383287054,0,Normal
-0.705871008,-0.231928488,-0.880707501,0.353766619,0.572449861,0.275224344,-1.029536554,-1.030560132,2.292784763,3.309542007,-0.787100719,-0.818079481,-1.881128241,0.276706446,-2.423610335,0.540925412,-0.323719627,-0.309052208,0.173581379,-0.987084227,0.811986636,3.637738476,-0.534346173,1.093346036,-0.912348427,1.311281354,-1.180026736,0.796066087,-3.17711547,3.09557658,0.975959748,-2.937166638,0.422375225,0.28379452,0.033579196,-2.410300381,-0.935321015,-0.113555543,0.367154231,0.011551919,1,Intrusion
1.800053484,-0.623008807,-0.515501589,1.323174103,-0.627254047,0.931854818,0.785341677,1.162810442,-2.44896778,-1.495079691,0.574763035,-0.351698497,-3.130800742,0.022548313,-0.717529166,-0.087671466,0.646674203,1.654914235,0.216617395,-1.81012079,0.297142189,1.773974755,-0.635171922,-1.218734119,-0.478111706,3.529151385,1.011544712,-0.285089829,-2.770752864,-1.987026923,-0.470508205,2.847203072,2.012719918,0.527759688,-1.629685596,-2.003465443,-0.452713316,0.762026032,-0.310785576,0.843662502,0,Normal
2.854551522,-2.079485279,0.797238595,-0.933562352,-0.583817924,-0.901964308,-0.809730773,1.415001032,-4.084724571,-1.788477533,-0.906525203,-0.426600318,-1.979446905,0.357085956,-0.099570377,-1.185638632,1.095280646,-1.522522349,-1.102764483,-1.379128063,-1.727586456,0.519865173,0.118438285,0.380379928,-1.196893673,3.547440728,-1.175452746,0.285095539,-1.757932556,-2.788116587,-1.551728657,3.357836372,3.309576875,1.0214784,-2.172956081,-1.516085142,-0.943388258,-1.00508072,-0.091448538,1.03605894,0,Normal
0.680565893,-1.102584776,0.872432308,0.771712896,-0.150230925,0.498685859,1.227150884,0.332917071,-1.253329139,-0.954058448,2.048906949,0.003249754,-1.017892996,0.908046165,0.255691401,-0.94723636,1.548119491,1.212532743,-0.856793576,-2.109035104,-0.984072286,2.913937025,0.01977912,-0.973355963,1.093671885,0.596614136,1.898575866,-2.161449198,-4.251583805,-2.632693355,-0.590870936,2.452446732,2.383660061,0.891095177,0.434724475,-0.177884532,-0.656136209,0.582222934,0.410480137,1.291090446,0,Normal
-4.52972378,-1.286249429,-0.125130492,-0.244413193,-1.325663191,0.262400395,2.511114107,1.403747021,-1.335657633,-0.79753792,-0.054870653,-0.401418232,-0.771447197,-0.927177995,2.183713221,1.048886066,0.849839397,-0.295887753,2.420089947,-1.15311141,-0.294988196,2.474674028,0.393438552,-1.100843921,-1.484326209,0.892541924,-0.274620153,0.601209003,-4.905271131,0.764070959,-0.224053106,-1.902233623,2.679990809,-0.386536136,3.832966782,-0.524356487,0.839918784,0.225823378,0.134092485,0.374346613,0,Normal
0.976325105,1.560307401,-1.509263395,-2.633979701,0.14446692,-2.368066124,-0.958885672,0.67103372,-2.200565185,-0.072035146,-1.773576956,-0.237555567,-2.099529504,2.22466991,0.454012553,-0.195568637,0.161983652,0.099599433,0.417885686,0.814028671,0.556444187,1.162112017,-1.884197094,0.544708991,1.259504384,3.052979751,-0.470453916,-0.764016709,-3.681499172,0.467795855,-0.667167114,-1.835418353,0.008694146,0.702071495,2.143246453,-0.104828538,1.799518841,-0.576274975,-3.295003507,2.015647146,1,Intrusion
1.339931853,-2.285720365,-1.648647986,0.80171176,-0.472620067,-0.762138618,-1.927379453,0.986693529,-3.566218465,-1.770443772,-1.189754259,1.292086469,-2.124326942,-0.629813657,-0.587464967,-1.827231938,-0.019113194,0.075988729,0.31196544,-0.649977083,-0.446523653,2.427151202,1.640993837,1.024363503,0.47558694,3.411534855,1.030840135,0.517885925,-4.161711713,-2.648884327,-1.886633946,2.979771366,3.986507013,0.17573824,-1.776211924,1.583643581,-0.1486103,-0.938580698,2.161688117,0.403064262,0,Normal
0.702911487,0.715148335,0.582126777,-0.526820614,-1.828205173,-0.468201973,-0.846000998,1.364441601,-4.00678805,-3.048134057,-1.440218045,-0.118800634,0.310643211,-0.162330392,-2.105236584,-0.791627216,0.301244147,-1.620798243,0.240671765,-0.31400178,1.903979341,0.461462804,-2.823241922,0.659816076,0.219644851,3.498614304,-0.482853706,-0.024863302,0.251873069,-0.106431931,0.576506959,0.242220809,2.985078241,0.565859989,-0.9673529,-0.456852151,0.967234023,-0.650837648,0.56008858,0.253742811,0,Normal
1.762048325,0.606989169,-0.859756724,0.482875164,0.264137384,0.599362732,0.625000601,0.630655442,-2.743830577,-1.199094294,-0.082766066,0.222869599,-1.806558408,0.070864888,-0.252983943,0.260311285,-2.390885707,0.428519301,1.094289422,-0.28921739,-1.341599956,0.957296777,0.241702802,0.136900572,-0.38910079,3.685113876,1.755086125,-0.121236195,-0.870112836,-0.840081703,0.563181067,1.849678835,2.718735746,-0.11335897,-2.97495481,-1.165584003,-0.400822494,-0.519444668,-0.12481584,0.239177177,0,Normal
0.071895317,-0.428534717,1.060206434,-0.846931417,-0.551045909,-0.532490417,0.246141614,-0.296893428,-8.659574504,-3.708734461,-2.374262586,-1.450065439,-0.218142975,-0.932951376,-0.043906619,0.211748419,0.471379673,0.348401176,0.675430281,-0.697102989,-1.189059532,0.458053371,2.516760054,0.687800169,0.366360314,7.421136924,0.685473137,0.456425782,-5.283640268,0.961233545,-0.772203295,-4.240193068,3.565037649,0.827248546,1.126489804,-1.508943451,0.223104367,-0.065048845,-0.317456354,0.279910571,1,Intrusion
-3.004172678,-0.521655194,0.156904113,0.17078737,-0.736375309,0.953866967,0.513054521,0.342989547,-0.107633446,-1.879124837,1.242768753,-1.71180439,1.23300128,0.103171987,-0.075013743,-1.745484838,1.162839823,-0.210602984,0.981095735,-0.18986762,0.586569042,2.618100044,0.036186088,-0.699424255,-0.498279683,-0.826602986,0.97312512,2.140849376,-3.876062289,-0.056240779,-0.103645115,-1.551376621,0.144467036,-0.650203774,3.22349029,0.823230623,1.081400953,0.582340445,-0.390345854,1.772622598,0,Normal
2.327399374,0.248612218,0.430048416,1.422265424,0.614630385,-0.316622653,-1.12567631,0.926572668,-4.96467444,-0.322301888,0.611840606,0.117049104,-0.534569817,-0.155976647,-0.696804347,-0.676650752,0.13775709,-0.463410745,0.981063205,0.578852989,-0.991601316,2.508971424,3.121998082,-0.857572494,0.229143213,3.434009891,-0.25867535,0.529649231,-7.20345574,-1.716854096,-1.118085403,-1.070484507,3.374435195,0.684737431,1.146856183,0.325072232,-0.932564948,1.29048769,-0.207726567,1.143159901,1,Intrusion
-3.321599802,1.348067256,0.978543128,-0.214811779,-1.24023119,-0.625911249,-1.100108029,-1.335054397,-0.347228288,-0.474709873,-0.789019665,1.023755852,0.744647631,-0.3180251,-1.067588479,-0.064634165,0.581504876,0.350895337,0.186840055,-1.155207187,0.306632442,1.479309026,0.981614379,-0.196522073,-0.238151759,-0.694356451,-1.71393318,-0.092115038,-2.59017473,0.32671035,-0.319121177,-1.149880716,1.87887384,0.284989387,2.422966616,-1.142970162,0.121358164,-1.837221274,0.768040015,-0.299501946,0,Normal
-2.188245841,0.313161253,-0.52938159,-0.529694725,1.454538548,0.547164478,0.572715185,-0.185435816,5.073449765,-1.753848467,-0.064935026,-0.229459611,-0.509665049,0.947003494,-0.969466994,-0.282237192,0.234878107,-0.14478049,0.083030969,0.541067122,0.457562789,5.346687416,-2.313850283,-0.816494111,-1.139939911,-2.060427343,-1.406949742,-0.214698795,-3.362253327,0.031107809,0.955733006,0.368685748,-4.149185719,-1.949387627,0.951883128,0.109521953,-0.6215705,-0.365312993,1.437262304,1.076473116,1,Intrusion
-1.080783208,1.029849162,0.196523075,0.769844906,0.583115847,-0.081398083,-0.317480007,-1.316050614,-1.656438889,-0.982302279,0.37527378,-0.13261149,0.450460856,0.107071896,-0.108607891,1.708570293,-0.692569331,-0.233392472,-0.545405469,0.160070041,-0.621288793,5.54977623,1.043321943,0.924961244,-0.268983881,1.139244378,0.213664564,0.973256931,-6.650582681,-1.088320385,-0.534408933,0.087422807,4.538392564,0.65852891,0.755860918,-0.883571127,-0.193910597,0.221559577,-0.048865391,-1.682019014,0,Normal
4.671397533,-0.451230579,-0.50067027,-0.755489004,0.203938255,-0.609909165,-0.916317472,-1.010205083,-0.828025244,1.862841319,-0.695389323,-0.986438485,-2.822055253,0.357159031,-0.567740843,0.650276613,-1.0039504,0.04700656,2.228085609,0.079829959,0.847574018,0.708196632,-1.597701227,1.663712756,-0.36515776,0.963388267,1.768740954,0.836558432,-1.078002471,-3.236097812,0.167854687,4.637409131,2.461166941,-0.412844071,-1.90193382,-0.106505249,-0.301857219,-1.04888104,0.95161232,-0.897763391,0,Normal
-0.105963551,0.515398171,1.136773502,-1.108050295,0.54798922,-1.695292843,-1.242199587,-0.011443065,-3.996081159,-3.698535979,-2.326248919,0.138194191,-2.365967963,0.210638529,0.636141991,-1.350864768,0.043968409,1.760456405,1.84203956,-0.750793351,1.623449025,2.384730442,0.758244092,0.767651569,-0.249226085,5.835012941,0.998264646,-0.284531839,-3.334099166,-0.039464049,1.624422586,0.243288515,2.020722845,0.414567325,-2.222002023,0.798203584,-0.480988893,-1.316865401,-0.620080795,1.165763061,0,Normal
0.794980772,-0.551690839,0.153706894,1.474203504,0.669488078,0.826826266,-0.796196079,-0.301504751,-4.604872635,-2.428178795,-0.655384882,-1.462819849,-1.162416125,0.180407043,1.914450583,-1.557370943,-0.226708599,0.122247872,1.243556874,-0.495062067,1.059920748,0.388891473,-1.123053107,1.409333593,0.481683933,3.969602486,-1.39450222,1.280597557,-1.284992681,-1.067703073,1.156928162,1.250253234,3.791234613,0.668046639,-0.842157571,0.104397468,-0.684487666,1.506348199,0.478723343,0.14983717,0,Normal
1.106348294,0.716133813,1.090859519,1.013642464,-0.838382705,-0.172224836,-1.559111287,-0.13578708,-3.618688613,-2.419440488,1.904460312,0.273190214,-1.574196088,1.27915721,-1.153628092,2.077145552,-0.526981323,0.390187895,0.348491923,1.576210288,0.374501961,1.286227875,-0.706680291,-0.487838877,0.399325819,4.327002899,-0.661536593,0.710836082,-1.814809113,-0.553360458,-0.139877094,0.791349774,2.347638505,-0.813568987,-1.638765633,1.162379223,-2.065695459,-0.772263507,0.139020402,1.696022497,0,Normal
-3.955404818,-0.514338051,-0.203517843,-0.473825084,0.473499643,1.874696613,1.035399436,1.380357721,4.002045296,0.125140293,1.80554379,1.218410097,3.00068428,-1.354607929,-0.062148472,0.239144806,0.538864924,-0.106271033,0.880323608,0.878490037,1.556403434,1.134311379,1.309608546,0.872515148,-1.237984679,-2.810856161,0.886582082,0.604833186,1.987779758,3.196272741,-1.66330246,-2.953851612,-1.911718445,0.2230042,-0.413740067,-0.054862511,1.205197946,0.455804545,-0.091809731,0.299544744,0,Normal
2.301973652,0.724497721,0.854010877,0.379602313,1.511046022,-0.524049381,-1.78486151,-0.048538343,-3.670452322,-2.375867723,-0.122714728,-0.424383712,-3.786775584,-0.588791383,-0.682385969,-0.202919627,-0.329864909,-0.96928786,0.177443951,0.759752763,1.808889802,0.87803793,1.160846288,-0.952262524,0.922197846,6.573488211,0.235826436,1.648145553,-1.240812621,-0.294428206,-1.272185029,1.651566938,1.389345444,0.842228034,-4.698803236,-0.180541058,-0.534587268,-0.302359034,-0.088398923,-0.167610771,0,Normal
-0.816947458,-0.61806784,-1.75301301,-1.355863111,0.782741849,0.497792185,-1.479012068,0.996416328,-7.329891625,-2.466228934,-0.675304444,-0.123139519,-0.733137566,-0.111220295,-1.358622555,-0.098506413,-1.684797373,0.828261619,-1.211819334,1.408850914,1.540777073,-0.196397002,0.960337066,-1.160458421,0.795732083,4.087285922,-1.11927893,1.035102661,-5.635710664,-1.321335297,-1.41582828,-1.679933062,4.215334192,-0.730081792,4.223308222,1.037601296,0.5427854,2.045365682,0.814856483,1.200116655,0,Normal
0.194583101,1.81580975,-0.539470112,-3.214638962,-2.117045865,1.029976099,-0.125292765,0.180796905,-1.626142438,0.036007298,0.614522509,-0.054257683,2.346666738,-1.205024628,-0.664144221,0.165050369,1.213594096,-0.809833987,-1.199415243,-0.645598762,0.220841077,0.702169755,3.025116771,-0.260181684,1.626307014,1.060989869,-1.036976861,1.494622226,0.432183558,1.013905717,-1.427780335,-1.139277428,3.238424186,1.442443719,-2.822053051,-0.962148266,-0.870353453,-0.530311206,0.68125291,-1.519276089,0,Normal
-0.799767854,-0.19567333,-0.047576729,-1.382008815,0.431188603,1.513288611,-0.956923819,0.844826189,-2.934634081,-3.887093747,0.472263273,0.228989946,-0.845002568,2.043368231,-0.972792171,0.454613692,-2.045058897,-0.999013781,1.358790217,-1.123853332,0.838502346,1.89415146,-2.139690548,0.164476027,-1.110311121,3.653073459,1.195362073,-1.055639398,-1.704307188,-0.058945772,2.274397301,0.201617051,1.52883198,0.058761385,-0.444765444,0.013725712,-0.693475682,0.418562023,1.468624505,1.375310259,0,Normal
-1.976566001,-0.130479321,0.424413346,0.707790361,0.336504102,-0.560264574,1.155335478,0.708933422,-0.609297318,-2.173779767,-1.165283003,1.00164726,1.551747236,0.24857967,-0.5118693,-0.402161019,-2.635798098,-0.882167504,1.017868007,-0.41156008,0.657526647,4.086804401,2.866240777,0.483799931,0.388752329,0.265405406,-0.466882705,-1.71515669,-4.862949328,-0.389710708,-0.200014752,-0.957723983,1.31190968,0.929673352,0.334312295,0.301166775,0.632519599,1.254732727,-1.306396176,-1.32180898,0,Normal
1.987370391,-0.154716224,0.175117202,0.491445528,1.306118544,1.606659652,0.334062964,-0.879518055,0.294647201,-1.015198715,-0.997368908,-1.761545914,-2.629254669,0.234862808,1.372426945,-2.137757513,-0.217038062,0.009367236,1.50350632,-0.100199327,0.846141173,1.510360675,-2.829331752,0.333643016,0.309457288,3.300720632,-0.516514514,-0.330070357,0.385341926,0.74460115,-0.3860937,0.806968912,-1.39479681,-1.14084783,-2.953079768,0.319426171,-1.210360177,1.055294211,0.69019721,-1.532429492,0,Normal
1.966545431,-0.647788876,-0.069579862,-0.758076274,0.417717228,1.852078506,0.606822438,0.138830809,-4.049937677,-1.395702295,-0.776418113,0.38081158,0.245869815,-2.008032741,0.06048077,0.126377807,0.344346714,-0.507814284,-0.015213489,-0.325301883,-1.652710037,1.743324093,-2.402160472,0.318768555,-0.700466445,0.473846175,0.689370904,1.079908673,-4.080028922,-4.053138988,-2.139371007,2.920384378,4.783188866,0.95183761,2.448171265,0.567550034,0.069891726,-0.424130694,0.157206755,0.162070099,0,Normal
3.058600608,0.12111248,-0.510744711,1.007608422,-1.228252159,0.5380308,2.111399791,1.060911964,-2.454624065,-0.243137033,1.095885578,0.249688748,-2.135784578,0.922886119,-1.968787474,-0.133964897,-0.195163743,0.691542612,-2.035175735,-0.929430983,-0.217850693,0.257913359,0.052552986,-0.058889594,-0.831540517,4.048688033,-0.618905826,2.180637839,-0.165340143,-0.239948252,-1.240898168,1.137935755,1.572612715,0.106278458,-3.401879295,-1.989808034,1.361513923,-0.816064686,2.221631061,1.179487775,0,Normal
-0.357105699,0.914828593,0.359686388,-0.997723747,-0.7741815,2.618265017,1.520814879,-0.473301997,3.083880733,1.262486929,0.327904053,1.441392415,-0.391503413,-0.050770492,0.082620534,-0.489369999,-0.707162741,0.245898531,2.102315537,0.198060983,-0.04839476,2.568741137,-1.462747902,2.020971221,-2.197945635,-2.159807131,0.57812068,1.834523434,-2.515921074,-0.211691597,1.169687393,-0.10995655,-1.766660477,0.115077144,1.934355971,0.763874985,1.675362181,-0.261801893,0.379873845,-0.876513862,1,Intrusion
-2.037542967,0.632965693,2.902655032,1.130690761,0.245401887,0.047652776,-1.135892953,1.885732171,-1.445542405,-2.451472796,-0.871127705,0.593068233,1.26090471,-0.220643394,-2.179329829,-0.702269092,-0.507346864,0.258065032,0.459637497,0.544942182,1.33829761,2.977341726,-0.630585021,0.82960531,-1.161339091,-0.758159659,-1.108763928,1.150354238,-5.605783968,-1.559803521,-0.510181852,-0.879549095,0.752340579,-1.329854041,4.551795161,-0.801745408,0.80804334,-0.862258637,1.115920347,-1.18780565,0,Normal
-4.354491497,-0.770171023,-1.195677469,-1.215878364,0.449977307,2.330755218,1.366312499,0.506923593,7.718656902,-1.144743383,-1.49782436,-0.036459553,-1.573152962,2.083072432,0.015823318,1.623502835,-0.471597657,-0.200243159,-1.384230735,1.108109642,0.395157742,8.025797435,-2.878086166,1.616409541,0.864047546,-3.702953008,-2.01002823,2.19973561,-4.856242008,-0.534777356,1.090809325,2.372527803,-2.980312417,0.699842237,1.105255567,0.499235626,-0.132756347,0.285373789,-0.45797279,-1.669290251,1,Intrusion
2.351206665,-0.145662654,1.157505179,0.032845546,-0.366496003,1.154785262,-0.04082416,0.213618002,-2.623464738,-1.124456185,-1.709720546,1.87231496,-1.883821034,-1.262888445,-0.359352931,0.266521151,-1.442018162,-0.338405379,0.264584377,-0.018551438,1.418590408,1.025674336,-1.225109625,1.534821475,-0.346415091,4.005023866,2.015601545,0.678750306,-0.922540829,-0.296229506,0.716809282,0.915741827,1.666623308,-0.241132205,-2.347751841,-1.438339609,0.704404037,-1.688145697,2.362865075,-0.806987078,0,Normal
-0.283833254,0.619442224,0.424772949,0.69796708,1.039325932,-0.148810708,-1.990245774,0.267206551,-5.655419224,-5.347247425,0.044001284,0.147423432,-1.164049772,-0.17222325,-0.366224108,-1.360304347,-0.280029806,2.737185734,1.929723247,0.58826769,0.572057269,1.435235779,1.075920837,-0.092115973,1.43789014,6.42131982,-1.380475354,1.835285756,-1.942223465,-0.250308233,1.254275868,0.45761202,3.015784171,0.039798843,-3.011762453,1.004293268,1.319582039,1.630243639,-0.810737551,-0.963518986,0,Normal
0.266622174,-0.639959903,-0.827416795,0.203656525,0.740255733,-0.78654265,-0.392505888,0.510829798,-4.576136793,-4.146129337,0.8838324,0.112872971,-2.614024572,-0.378143072,-0.469734567,-0.23878163,1.651235296,0.169768026,-1.860908461,0.097513726,-1.530683644,1.360852039,0.747069018,-0.540491062,0.8934239,6.239193265,-1.566318143,0.909147834,-1.830227773,-0.472229537,-0.10938864,1.388592117,2.519405062,0.398332141,-3.325876365,1.987247319,0.184002974,1.679359414,1.200783511,0.982626077,0,Normal
-0.534203459,-0.244366449,-0.753628548,0.902575942,-1.247824652,-2.154614563,-1.332899261,-1.335402642,1.729011033,0.737295248,-0.403335366,0.404607301,-1.743809118,-1.521105637,2.311546968,1.834542138,-0.842585009,-0.016915096,-0.95372643,0.523854759,-1.042909223,0.584351626,-5.791749299,-0.169266821,-0.524393892,0.448456465,1.180161972,-0.5166902,0.310401355,1.973779659,-1.188194246,-1.662342214,-2.135836215,-0.178859828,2.384103087,0.908180034,0.937331011,0.027478352,-0.225038513,0.150075045,1,Intrusion
-1.08443193,1.606742529,-0.810908171,0.245425983,-0.626062499,-1.138582063,0.722339101,-0.819437851,-2.218007559,-2.052328962,0.777059223,-0.827196197,1.543913575,1.143054331,-0.491034575,-1.264360786,-0.942527467,0.635044599,0.497942987,-1.473951703,-1.293882536,1.80532023,1.252399881,-1.083462052,0.034143083,0.83079877,1.818928354,1.3432943,-3.464266847,-0.272640761,-0.437484451,-1.625579554,1.200520314,0.949888514,1.610801536,-0.489259024,1.066363944,0.149038827,1.051860612,-1.677428223,0,Normal
1.215286493,-0.128287304,-1.095294712,1.316954447,0.224737102,-0.8860789,-0.22931065,0.762341564,-1.378007708,-0.919531619,-1.934652465,-0.178582524,-1.621991415,-2.03668266,-1.03384068,0.252421924,-0.707791065,-0.214417644,1.728614136,-1.118784574,-0.208228439,0.884077248,-1.337950597,2.143939773,-1.006885134,3.200421125,2.015931045,-0.109403951,0.530752828,0.332252259,1.309066161,1.105731213,1.632256021,0.116045437,-2.925119233,-0.425486852,-1.924155731,0.872590368,-0.798574213,-0.248843115,0,Normal
1.987060719,-1.299781403,-0.165249185,-0.573272346,0.985715032,-1.279383087,0.353713418,0.374549208,-4.10707226,-1.209157045,0.068418383,1.601907771,-0.439026995,-0.382471127,0.438800179,0.729356506,0.146580327,0.067604932,-0.096181381,-0.157737034,-0.086738582,0.951827562,0.13300565,0.931475656,-1.203767478,2.144575672,-0.304999978,-0.955123771,-4.872971759,-2.065401048,1.169884703,-0.32547704,1.493235444,1.540584213,2.446017254,0.147070763,-0.714569922,-0.184587569,0.319148428,-0.030162077,1,Intrusion
0.922967211,0.514755495,0.102574971,1.906008077,2.003510109,-0.793618684,0.495209274,-1.252103245,-2.507079397,-2.728309399,0.173731391,3.002579201,-2.759236116,-0.598079405,-0.655400572,-0.3785488,0.810336478,0.813495678,-0.792431411,0.222384294,-0.284067397,3.514655146,1.702381129,1.085738489,-0.858823334,3.329242425,0.472812081,-0.307416264,-4.948288681,-3.006788338,0.030563231,3.648932786,2.565148367,-0.95631594,-2.118004645,1.563002784,-2.331300063,-0.714216175,-2.581330094,0.208243366,0,Normal
-3.574426997,-0.150971451,-0.451851303,1.07255277,1.179887749,-1.747617117,0.078891876,0.93838132,0.974014419,0.175257101,1.00181285,0.250716463,1.191220268,0.820950007,-0.494214577,-0.184360524,-0.024146865,-0.341108726,1.087304086,0.793085638,1.209984727,1.968555498,1.445135756,0.504738502,1.369634829,-0.984054394,0.193035096,-2.342993904,-1.789578995,1.472016945,1.384304989,-1.886149311,1.399451887,-0.418015875,1.265605085,-0.061237887,-0.370187964,1.549835295,0.391232336,-1.651021537,0,Normal
1.387395972,-0.73649886,1.18422534,0.057802086,-0.581989361,-0.428780537,1.171218856,-1.048273238,-4.743501815,-2.630793395,2.180955148,-0.895314836,1.867384529,0.397997182,0.334895771,1.264529096,-0.118702601,1.736513487,1.140912792,-0.263269534,0.978938824,0.487998689,-1.11300415,0.069313712,0.409116316,0.906293145,1.028115622,0.468927944,-3.998094351,-2.374807507,2.401921268,-0.77680247,1.670137908,-1.655436544,3.788094852,0.504147548,0.629699716,-1.409916996,-0.906088567,0.266454755,0,Normal
3.178789985,-1.690896557,0.229249277,-0.476105994,0.276936851,-0.33827171,1.536114465,-0.70409989,-2.521174823,-0.829258554,1.031517333,-1.392893752,-5.173177095,1.171772042,-0.30067014,-0.137238189,0.153845221,-0.039106311,-0.533940881,-1.032259095,1.823796529,4.464885155,-0.099735735,-0.074754188,-1.389362646,1.993474956,0.323195793,0.475442305,-10.31665217,-6.158689639,1.385896799,4.968379979,1.472263988,0.155173393,2.818548247,-1.460963563,-1.039557899,1.289057388,-1.493434935,-0.358389678,0,Normal
3.26528334,0.022641746,-0.262479215,0.138119962,-0.36929609,-0.629204532,-2.013609255,0.412368269,-0.858335155,0.248987657,0.909647409,0.385826842,-4.239004132,0.672175272,0.460785399,1.11623148,0.25197749,-0.304960713,1.39472944,1.516403625,0.530326796,1.582434985,-0.385705587,0.530252483,1.518815514,4.002120082,0.427818853,-1.036963607,-1.730289656,-0.877060689,1.161273395,2.407834011,0.33104419,-0.236021262,-3.398337062,-1.220043901,-2.454391533,0.168367887,0.503577928,-0.476464771,0,Normal
1.976260264,-0.604775756,0.121914685,-0.291670487,-1.618828304,1.169510645,-0.446944727,-0.609526244,-2.563418956,-0.982960629,-1.021373489,1.252432618,-0.715670066,-1.371422491,-0.464773738,1.353371045,0.660364701,1.115679135,-0.222625539,0.417464929,0.48686442,1.557432355,-2.397292857,0.427809757,0.120934792,1.194688156,-0.892288005,3.191553821,-2.903472998,-2.488605904,0.669334765,1.985454701,2.557041324,-2.35825082,1.141654205,1.084993714,-0.097190777,-0.443105172,0.442570349,-0.32767392,0,Normal
1.547609712,-0.464140205,-1.259316284,-1.199037435,0.562748849,1.076058299,1.20877294,-0.1389121,-1.051793132,-1.396053366,1.558260737,-1.1768798,-2.029957827,-0.94994333,-0.86899144,2.633796799,0.270996082,-0.156156325,-0.082009127,0.10119725,-0.848883146,1.130021454,-1.782717144,1.241033997,-0.110609571,5.115679302,-0.783697424,0.92334672,1.126097154,2.466648267,-0.227244362,-1.09807711,-0.574152872,0.222374229,-4.135456006,-0.106779563,0.332530231,-1.273329775,0.233066077,-0.00934787,0,Normal
-0.055978359,0.156770802,-1.367081,0.733437101,0.210220023,1.170282999,-0.132990848,-1.63532326,-3.073022126,-3.760120097,-0.224308687,-0.398271181,-0.05527438,0.800251319,-0.151811234,1.124397598,-1.058404687,0.241913858,1.608440154,0.545762521,-0.128431268,2.878971373,0.880443544,-0.211408797,-0.827310534,2.158546662,-0.512940497,1.256007992,-3.995545243,-2.410795887,-0.101661344,1.915545158,2.486648178,-0.524206657,-0.522595139,0.685296223,0.504988985,0.391921584,0.369809081,-0.230274346,0,Normal
2.871166684,0.038731503,0.28175404,-2.001466427,-0.13666149,-0.940104184,1.438023463,-1.483155797,-4.931303647,-1.737039972,0.681938812,0.397352862,-4.172176971,0.223088823,-0.099073707,-1.633577393,-0.709523605,1.221705606,0.513797975,0.267097364,-0.95864558,0.885504912,-0.183776338,-1.731666093,-0.009621683,5.788441799,1.547073231,0.304935702,-4.209772121,-1.942710324,0.353753215,1.658456359,1.944220794,-0.695272721,-0.758132879,1.719531563,0.510525564,0.807438884,-0.975513314,-1.651998445,0,Normal
2.366134639,1.65777531,0.275512092,0.272191401,0.582362603,0.80039549,-0.736954978,-0.415581216,-7.746028084,-2.749914787,0.962089888,-1.128953893,-2.366201127,0.90878425,0.229428443,0.924867569,0.566590912,-0.377508209,0.445518779,-0.274521971,-1.584866717,1.20333376,0.571935732,0.868711602,0.052121261,6.97367452,-0.576553138,1.76211372,-7.155689986,-0.998587782,0.603563427,-2.225746161,2.173176505,-0.407505123,2.188690346,-0.775042161,0.013498678,-1.640759361,-0.020944028,-0.981639385,1,Intrusion
3.239033529,0.651751931,-1.357364617,-0.271628193,0.834697471,0.118701295,1.844882779,-0.182925226,-1.860457465,1.314120008,1.715319006,0.601583586,-0.038246391,-0.481184199,2.332353968,-1.098314767,0.797311266,-0.941546078,0.443423651,-0.749624664,-0.345618189,-0.160296246,-3.698673081,1.268122628,0.321528615,-0.010138304,0.460095133,-0.774714703,0.191009369,-2.01541483,0.603169008,2.260999586,3.481479737,-0.354421029,0.510736593,0.043121495,-0.514576796,-0.625463216,0.606705274,-0.442738455,0,Normal
0.342962869,-0.176378737,0.519221501,-1.432619705,0.082317991,-0.173744207,0.188911292,0.480670166,-3.087738685,-2.109425421,-1.178608949,0.964178036,2.275432775,0.260448048,0.863300776,-1.810215604,-0.452531599,-0.443771174,1.949126118,-0.655716755,-0.059925899,0.855360834,1.763567377,0.143772817,1.179044298,0.675222516,1.472506143,-1.185130878,-2.747995827,-1.077034073,-0.297509342,-1.111189579,1.405068264,-1.319565289,1.106208486,-0.247166537,-1.364506041,0.311224016,-1.249043439,-1.610000504,0,Normal
-2.214801197,0.272971143,-1.490998892,1.580161392,0.041737928,-1.212174774,-1.699869163,-0.433521992,-2.984074793,-2.697909896,-0.508615056,-1.633278346,1.668375115,-0.324933324,0.548662233,0.552442485,0.022266448,0.848185061,0.121571548,-0.901574379,-0.68202765,0.128963619,4.84986969,1.667369389,-0.360165736,2.036493854,0.087928614,-0.016651629,-2.535349517,1.073736365,2.374493044,-3.329694837,0.023585123,1.188088658,0.496617613,0.330607625,0.324133514,-0.82626349,-1.723750916,0.534024838,0,Normal
-2.559914502,-0.905370449,-0.919207434,1.114465514,-0.642848226,-1.966227214,-1.162279781,-0.086689848,-0.682769875,-0.597299281,0.106523719,0.63727526,1.349569144,-1.704522013,1.084953786,-0.209903384,0.164026429,1.273889253,2.568936147,0.108889187,-1.148242199,1.67840363,3.856898989,0.452074901,-0.263706692,0.86170102,1.057406736,0.893615787,-1.767140382,1.540278056,1.401463137,-2.095906642,1.906734967,-1.536491276,-0.901869919,-1.137755795,1.81060543,0.444934086,-1.242117522,-2.284380258,0,Normal
-3.553440857,0.636751081,-0.235180895,0.442371725,0.49492064,-1.445948877,0.271030365,-1.578468754,5.226342941,-0.304506153,-1.589690164,0.555464473,0.688378533,1.211616749,-1.006950142,0.379233096,0.019912807,-0.524753022,0.106325165,-0.659285623,-1.209834635,4.549776279,-0.892573972,-1.565274906,1.007870999,-4.555140152,-0.93958031,-0.768936946,-2.185403777,-1.155150348,0.872851155,2.380180192,-0.399763542,-0.643474202,1.077911364,1.097862045,-1.080152442,-0.120536237,0.927400496,-1.654480567,1,Intrusion
0.1595159,-0.909169547,-0.123132494,1.054583112,1.477458336,0.384701671,0.575872936,-0.042163379,-0.498437582,-1.317934916,-0.521995806,-0.481826551,-1.020901247,-0.634504712,-0.778488898,-2.199256075,0.459093366,-1.97268738,-0.440935803,0.484610521,-1.771305894,1.98748668,-3.941528729,0.541198367,-0.978761847,2.006653777,-0.41797902,1.514957783,-0.52049344,0.513679893,0.279101457,0.262000714,0.861894509,0.720184668,-0.375543566,0.817980231,-1.287327536,-0.555686346,-0.126753475,0.064852188,0,Normal
0.76817842,0.480806487,0.852998773,0.219633749,-1.422492676,0.529030401,0.591548492,-0.900336092,-0.222399615,0.035175305,-1.123918152,0.037306055,-1.383156677,-1.724905634,0.701907685,-1.485509824,2.050019777,0.138102991,0.576662611,0.699690533,-0.381308485,2.242705686,0.936384216,0.532939116,-0.061315664,0.901716752,0.658997138,-1.00414745,-4.343099884,-0.852593597,-1.617096286,-0.207667663,-0.681092533,1.238936721,0.993497424,2.171185647,-0.351934516,0.938390466,1.373534598,0.227329032,1,Intrusion
-2.192137531,1.099934941,-1.331489659,-0.497937391,0.003212929,0.809673797,-0.304461127,0.073400857,2.906260713,0.068352695,-0.703041882,-0.207640464,1.149411595,0.716680535,-0.539224439,1.291722663,-2.569283912,-1.611684777,-0.800034404,-0.506716943,1.558280241,2.067247846,0.796089007,1.125550185,1.5363166,-2.645286927,0.415748633,-0.938250004,-1.934075947,0.373686337,-1.012861823,-1.1124799,-2.016201947,-0.483433857,1.776357467,-1.170923074,0.545010522,1.032186608,0.519184773,-0.782566859,1,Intrusion
-1.880436809,0.801575874,-1.610966732,0.083708969,-0.808137148,-0.340571968,-0.677499424,-0.21956141,-1.232934686,-2.878114263,1.427347827,1.184650472,1.990838105,-0.247731982,1.255166195,0.826950525,-0.091267044,0.397357834,0.721741155,-0.528891932,-0.899501889,1.971542461,1.447509986,-1.719215166,-0.440159009,-0.88567907,-0.136449688,-0.014254455,-4.103393213,-1.332367964,-0.261895698,-0.960724141,-0.259357973,0.338640013,2.937344654,2.466243065,0.192870681,-1.080393636,0.904697824,0.402227079,0,Normal
-0.722692859,-0.179397358,0.526895268,-0.552232558,-0.772413532,-0.160782821,-0.203613406,0.273814886,-3.823408807,-2.717505042,-0.116736315,0.57018103,1.385534784,-1.361180232,0.989723336,0.498717986,1.387516718,-0.244430059,-1.269594446,0.04185352,0.178623689,2.085788035,2.698506948,-0.317928932,1.081282486,1.380101961,0.413426757,1.769224077,-5.738786857,-1.505297916,-0.393827299,-1.387467212,1.776580304,-0.075667654,2.466860221,0.493444943,-1.526334235,-0.493111245,-0.044001294,1.22786724,0,Normal
-1.948278405,1.883174463,-0.597788056,2.786776366,1.190509853,-0.034275716,-0.918933698,0.559520807,-1.957163197,-4.078747694,2.710802813,-0.088674117,1.03505441,0.198228387,-0.090301242,-0.439557316,0.680194491,-1.339492421,-0.736915434,1.416842434,-0.652568979,4.376710735,0.719983468,-0.842014252,-0.489697726,0.36803837,0.814547447,-1.200949424,-7.095113619,-2.099149757,0.536146864,-0.377298931,0.533017104,1.477341659,3.298998786,0.446338764,0.445991731,-0.901309836,0.153781444,-0.476755983,0,Normal
0.617403536,-0.815381688,-0.747123722,0.876506523,0.341069125,-0.961932834,-0.098818054,1.362042318,-1.993644196,-2.127537211,-0.158052369,1.649831275,-1.983887273,1.509813367,-0.779859181,-1.233562289,-2.159601049,-1.266520021,-0.598151127,-2.075531859,0.783705725,1.387388076,-2.586883222,-0.107999681,-0.687151506,3.61354107,-1.45715177,-0.809477516,-1.217716093,0.128265149,0.342943877,0.37265642,0.636604879,-1.09512104,-0.817070395,-0.737452357,-0.055019059,-1.702997038,-0.250099861,-0.215147748,0,Normal
-1.29806245,-0.631898684,0.680435833,2.296784855,2.029758065,0.258541741,-1.595057936,0.092598711,-0.842910873,2.181996902,-0.473912305,0.84846003,3.162882915,-0.362326662,-0.488659876,1.98634211,0.076576312,0.125632112,0.315194255,-0.106797866,0.381074991,1.026453253,3.701476698,1.452703713,-1.064219195,-1.30144505,-0.838489084,-1.132012689,-1.268285182,0.966606332,0.196097374,-2.044761285,4.584641648,1.44565692,0.100173869,0.880092873,0.872939754,0.021873214,1.771687176,-0.118250906,1,Intrusion
-1.796138526,-0.810580565,1.521587791,1.1798198,2.393799342,0.643682202,1.007500361,-1.077386232,-0.825125586,-4.601951789,-1.91310741,1.49920051,0.033572001,-0.714515523,2.675100463,-0.356754775,-0.356686895,0.680309562,0.83459724,-0.251526043,0.255149946,0.83058059,-4.070477973,1.843376369,0.684526975,5.360980931,1.426408648,-0.364130453,4.141456792,4.877148506,-0.936065541,-3.140374367,-1.606133398,1.05024315,-4.091382821,-0.186503738,-0.803115005,-1.105564997,0.472619978,0.312137466,0,Normal
3.012612722,-0.024695571,0.429110297,1.444228207,0.246473512,2.161316094,0.450693551,-0.35726711,-1.739800187,-0.803726433,0.89304552,0.015149555,-3.542397982,-0.016130016,2.07998199,0.453286019,-0.580671929,0.165073764,-0.046951885,1.929507996,-1.250407457,3.10369964,1.763557533,-1.564315913,0.982823282,2.206802363,3.633216922,0.285830386,-5.525898689,-4.312467007,0.228197048,4.785367226,1.920437087,1.093064557,-1.646268284,-1.114580043,-0.45390697,-0.563296145,-1.298430306,-0.491138737,0,Normal
-1.885838332,0.057475772,1.357520668,1.29660333,1.434773577,-2.257686599,-0.537315074,1.352333005,-3.964642156,-2.455553183,-0.217064599,-0.662792109,0.104043276,0.020796513,1.02516084,0.017717489,-0.84770189,0.653567476,0.696724094,0.290196897,0.388025122,1.649470995,0.739940106,-0.871208969,0.858077192,2.474376644,-1.413922266,0.294746386,-4.692901384,-0.307768305,1.965602238,-1.680098023,2.612726576,0.834468724,2.702811277,0.973088263,-0.158115258,0.115475823,1.353162912,-0.685255818,0,Normal
-1.26519921,-0.261817858,-1.640711573,1.798800841,-0.28011827,0.395455207,-0.621369357,-0.208964843,-1.868090435,-2.131569292,2.924503023,0.391886271,2.126687605,1.262991068,-1.102833023,-0.635498398,0.179706036,0.245642744,-0.218578363,0.310260741,0.414564393,1.131504729,1.863166523,1.056968582,0.343130861,0.128374834,0.013735614,-1.004764444,-2.832901694,-0.237977521,-0.107391171,-1.888812292,0.3462424,0.826885739,1.772576395,0.460406908,-0.460558622,-1.018899132,-0.614687092,-0.531732292,0,Normal
1.387988477,-0.038836643,2.585609587,1.477350233,0.111625452,0.202555644,-0.304102273,-1.187597248,-1.873752226,-1.985298976,-0.476300415,-0.745374916,-2.746503292,2.112188517,-0.07316873,0.771201699,-1.231683595,0.344924705,1.518589282,-0.691930098,1.01766191,2.239162289,-1.243430559,-0.101086831,0.519086528,3.996198789,-0.055809179,-0.736226621,-3.075305214,-0.456359811,2.890432696,0.567167398,-0.127641433,-0.347853339,-1.029804692,1.639029411,-2.377383168,0.267017794,1.662772428,0.346326895,0,Normal
2.156464921,0.150636319,-1.213044354,-0.448697529,-0.297562209,1.555957294,-0.228061268,-1.19874769,-2.17218223,1.756678584,0.567581758,1.76458343,-0.485141797,-1.269525837,-1.901685006,-0.89665598,0.454296769,0.251685661,-1.59796239,1.302919018,1.118596813,0.191971105,1.853198644,1.341246907,1.796803066,-0.08910583,-0.181329227,0.342085908,-3.710976827,-2.372204895,0.41541753,0.836120781,2.348281177,-0.021644264,1.773218057,-0.465948314,1.939656302,0.231887566,2.254891959,1.516611451,1,Intrusion
0.202773991,-0.733862908,-1.555394728,-0.932733463,0.096563445,0.643915347,-1.016077505,1.674821591,-0.981541613,-2.219339609,-0.598663525,-0.987810526,3.94088509,1.516881519,1.988823809,1.269726785,1.83109794,-0.666904113,1.366782039,-0.321212316,0.596203219,-0.465395465,1.753330994,-3.516630486,-0.428405261,-1.111128701,0.254325728,-1.286689456,0.533287554,-0.093192103,0.658042847,-1.782178498,-1.321871663,-0.198001883,0.163947265,1.83268693,-0.790083487,-0.865790927,1.695166864,0.948506359,0,Normal
-1.220281012,-0.369842466,0.388101524,0.043462646,0.418032877,-0.701043833,-0.565248576,-0.393875414,-1.199126172,-2.191656782,0.766109635,0.040205223,1.344483009,-0.739761778,-0.375084925,0.051021324,0.005586524,-0.672549972,0.204439796,-1.274342773,1.318401165,3.512177635,-1.636062255,-1.882066688,0.915832396,-0.754250831,-1.296451988,-1.549597484,-3.561752307,-2.175749409,0.476431654,1.702833514,3.456201063,-0.584006881,1.699667088,0.80578753,-0.386744871,-1.405543882,0.510704096,-1.720013674,0,Normal
1.212063969,0.881269619,-0.422132196,-1.32431416,-3.412836881,1.366234892,0.913134049,0.988022533,-2.049120437,-2.033864684,0.448247827,-0.718363513,-2.04705416,1.067869769,1.639258623,-0.651247762,0.178272708,0.192364418,-0.591290518,-0.096535223,0.031748345,3.078800437,1.281845319,0.381715262,0.723240733,2.30698037,-0.083295361,-1.436254595,-4.53368605,-2.937365695,-1.163924035,3.192446256,2.163051941,-2.119900472,-1.348377765,-0.717084037,0.12792496,1.04370636,0.345096177,0.15197476,0,Normal
-0.88732386,-0.362280055,-0.138842435,0.228978924,-0.439671809,1.088084362,2.101226781,0.084098159,-1.835997083,-2.865961976,-0.816444374,-1.494517018,3.841016308,0.279441916,1.097494087,-1.659305069,-2.18599473,0.806300557,1.361820086,-0.329046874,1.198435416,0.478773871,-4.289834258,-0.326921072,-0.26218603,-0.526466811,-1.179385448,-1.097774169,2.134317619,0.180105074,-1.008809799,-0.417631126,2.723271531,0.50818361,0.740574352,-1.57025983,-2.155397522,-0.779442709,-2.53318277,0.201028751,0,Normal
-0.452787386,0.254236038,1.84827261,-1.411319043,0.502789975,-0.937328682,-0.29910199,2.047569486,-6.251630041,-3.359830137,1.266519916,-0.233116185,0.743674896,0.525644588,-2.527399646,-0.416394239,1.151570227,-1.199971592,0.560613096,0.266706232,-0.431775703,-0.614530723,2.412902842,-0.031573044,2.538321195,4.182315879,-1.386763233,0.452841419,-3.454691841,0.106035185,-0.608576473,-3.051910019,1.630690252,0.65364923,1.830638147,0.241427382,-0.531811074,-0.590337121,-0.846326348,-1.126330378,0,Normal
0.898972054,0.643415093,-1.444372076,-1.28425225,0.740567646,-2.02592488,0.503160814,0.659958537,-5.174117097,-0.962853524,-0.664346508,-1.080028215,1.475643829,0.658741996,0.449447487,0.140777354,-0.479864557,0.112169463,1.247768,-1.301892255,0.973450278,-0.570147388,2.258624172,0.468130939,-0.576700308,2.324576523,0.41201866,-0.683844548,-2.110227071,-0.704116949,-0.492400164,-1.250273616,3.936174484,-0.305499769,0.618407312,-0.242627785,0.884991344,0.795769294,1.598719756,0.753289699,0,Normal
1.003652606,0.398998834,1.423448783,0.522346386,1.249991255,-0.575833072,-1.219566651,-0.309890523,-9.944249137,-1.45622913,0.374982837,-0.076654382,-1.230483653,1.821993976,-2.065685445,-1.431411688,-0.361205262,1.140898051,0.601385016,1.575362954,0.198091573,-1.603732878,1.637161789,0.711259652,-0.4359682,6.808025772,0.52207288,-0.844931521,-4.296078744,-0.497062858,1.130452985,-2.15145316,6.792343021,-1.300110772,2.092512777,-1.671529648,0.085030157,0.296867168,0.008675739,1.824741484,0,Normal
1.351884209,-1.835962385,-1.78335256,0.054651388,-0.781037251,1.225674851,-0.062378122,-1.130227743,-0.778864989,-2.041245802,-1.86302568,-2.244930627,-2.128910982,-1.282479048,-0.558792003,-0.656263392,3.301745021,-0.596158657,-0.670812471,-1.081929573,0.848745987,1.223307692,-3.616424605,-0.071401358,-0.696899235,4.117451635,2.338571982,-0.660748681,0.437992739,1.476352311,-0.305753641,-0.513683091,-1.467800701,1.424053718,-2.130180256,2.156557792,0.710360846,1.105032061,-0.956238314,0.177118123,0,Normal
-0.089669434,-0.905318522,0.096725244,-1.417385441,0.866718912,2.507453434,-0.395405816,-0.253386181,-4.431561702,-1.922833769,0.038553809,-0.047054962,1.727283311,-0.946135166,-1.116763641,1.766668037,1.496320773,0.32144425,-0.442582999,-2.186891215,2.709721365,-0.45253731,2.662856808,0.637906073,-0.748166088,2.479205763,-1.393165044,0.941306026,-2.058759643,0.356328987,1.195436906,-2.694197474,1.716933296,-1.03148557,0.778716641,1.042919028,0.620891704,0.819137172,1.37851566,-0.518835954,0,Normal
2.20220729,-0.013196327,-2.036223745,0.65727983,-0.311888907,1.797947055,0.854597564,-0.659874896,-7.393052114,-3.526872705,-1.736590712,-1.52678316,-3.94927958,-0.661969116,-1.54967265,1.085702535,-1.709441744,0.629712313,1.173258345,-0.281638416,0.536443983,-0.316661483,-0.236451396,0.115732525,1.501673323,6.179789637,-0.844022238,-1.238754522,-7.196603782,-2.573759032,-2.690460367,-0.701992726,-0.213749623,-1.676483792,4.076056701,-0.053740049,-0.05121714,0.229888091,1.810443806,-1.907858717,1,Intrusion
-1.571100655,0.798836974,0.079925909,-0.378375562,0.435910934,0.398869536,1.171520518,0.881458449,-0.610490061,-3.060483982,1.599046893,-0.671754392,1.371444701,-1.259297287,-0.263492661,-0.08986556,0.474373585,0.005701269,0.77597168,1.218176174,-0.26861158,6.345067054,2.350573624,-0.852260946,0.270604546,0.096684727,-2.197187867,-1.180647435,-7.662833557,-1.834256624,-0.127924894,0.065174333,1.523788317,0.691963327,1.005849207,0.783186687,0.753062075,0.056271404,-0.382191568,-0.27685012,0,Normal
0.914867875,-0.412690921,0.402270843,1.363139961,-0.670968865,0.864062098,-0.872828748,0.713369261,-5.10004074,-3.784540223,0.048142021,0.078853756,1.79000517,0.466245505,0.177479792,0.257583038,0.054496177,0.376553952,1.225796094,1.088261469,-0.245352842,1.708484513,2.010873768,-0.556259305,0.275986161,2.771170272,1.965193193,-0.310251424,-4.809820632,-1.496241379,-0.632934539,-1.468196809,1.557006833,-0.248870947,1.145805001,0.605055443,-2.151787454,0.834128837,-0.681698038,1.639986665,0,Normal
-0.813460982,-0.479984069,-0.291351908,1.674870433,0.324793301,-0.221524364,-2.466161546,0.626348789,3.921635056,-0.567216007,0.748257699,1.150478515,-0.923418351,-1.372523389,-0.887528646,0.541579198,-0.029534975,0.425364372,0.309825929,0.621460628,0.904455753,3.92495761,-2.532746508,0.284992756,0.726215439,-1.693931879,2.393337532,1.096252603,-2.296594596,-0.494741117,-1.585819219,1.220158359,-2.525844764,-0.943491558,0.553808499,0.630973276,-0.634318136,-0.763800858,0.174571889,-1.361320488,1,Intrusion
0.558650728,1.149148594,-0.114944015,0.896410408,-0.159088383,0.846279641,0.188077795,-1.770858461,-0.178280971,-1.065867559,1.665630853,-0.426156717,-1.579301767,0.263154345,1.577777025,-0.080838446,-0.289418395,-0.979374902,0.590593281,-0.776099772,0.274920787,2.901082794,-2.840730142,-0.105341276,-0.096254995,1.024871482,0.328846263,-0.178491335,-2.978781529,-1.265565415,-0.72461115,1.529889238,0.674644012,-0.069302407,0.656021604,-0.471040814,0.445956326,-1.065505573,-0.437868669,-0.690880314,0,Normal
-1.616398932,0.175083521,0.325732508,3.314622003,-3.068817504,-1.135990714,1.93248649,-0.553583523,-3.601283973,-1.922177573,0.451866918,-0.370787678,0.117911337,0.425319163,-1.518369533,0.472528536,0.21451898,0.563706652,1.128487392,-1.229625245,0.233700989,2.249918453,1.557262515,-1.894345709,-1.392051447,1.942420889,-0.258916052,2.50810635,-5.222631612,-0.947418232,1.216518532,-0.797555117,3.390056741,0.323614095,2.192414986,-1.663407992,1.123913056,-2.175894776,0.189172525,0.449344755,0,Normal
4.817058372,-0.196221098,0.499840969,0.161351026,0.371195223,0.859830431,0.726754063,1.40903417,-1.148414953,1.029125489,1.285514313,1.75763047,-2.843986106,-0.460490481,-0.513601852,0.481803372,0.86111223,1.165935049,-0.029866603,1.273309274,-1.763135418,0.70312125,-1.839364611,-1.135463286,-0.755292587,-1.439892596,-0.93031648,-1.372895264,-6.013225166,-6.088160981,-2.078584785,4.231447401,-0.97102534,1.284356735,4.434656714,-0.505076148,-0.650364714,-0.504173029,-1.640366422,-1.53962985,1,Intrusion
-2.068785854,-1.380863639,-0.631770963,-0.473591256,-0.21010535,0.671931604,1.299634886,0.554830041,-3.207825686,-3.193895769,1.923274661,-0.438303651,0.996378329,-0.141059077,2.128393423,-0.380149296,0.220789874,0.355130606,-0.762782339,-0.994536152,-1.549378786,1.575568089,3.101918056,-0.272345834,1.384982646,1.336030475,-0.626506271,-0.942597477,-4.836856896,-0.978414247,-0.018838251,-1.386807901,1.055915178,-0.92467176,2.22311948,-0.426614606,-0.916553332,-1.445195488,-0.494250362,-0.963257841,0,Normal
-0.559520177,0.269844647,0.190953711,-1.28725713,-0.353764915,0.769141341,-0.086791744,0.082440553,0.42058779,-2.797568795,0.572593412,1.993488746,4.022880256,-0.952505346,0.958792606,0.602490908,-0.073774662,-0.842131041,-1.652305716,-0.974474933,0.57040392,1.042697434,1.896794824,0.126878787,0.620835833,-1.650630582,0.281687796,0.746318513,-0.136087839,-0.040405162,-1.112684713,-1.525794008,-2.141646363,2.028478142,-0.268482368,-0.281872765,0.139004848,-0.852207815,-0.447437098,-0.377650175,0,Normal
0.046551264,1.08609357,0.060545553,-0.256870076,0.282711671,-0.986449354,3.108608273,0.531534922,-2.545927978,-3.251391957,0.160483525,-0.082777676,-0.243884845,-1.225568984,-0.046614267,1.022611039,-1.329121067,0.001728357,1.613290028,-0.981986898,0.467256486,0.805093517,-1.303852463,0.724072674,0.974939407,4.465243517,-1.010850869,-1.315034459,1.221423039,1.658415669,0.402353418,-0.780953782,1.045289466,-0.309028571,-3.243047851,-1.799964235,1.255217783,-1.169915667,0.609213095,0.369360379,0,Normal
0.845603862,0.714072711,-0.360841131,-0.27521059,1.544213349,-0.734101727,0.311266259,-0.321334555,-4.874180113,-1.842280376,-0.481316277,0.98279341,1.300050449,0.723956491,-0.125570348,-0.265537284,-0.828042512,-0.333652525,-1.326658608,0.828769033,-1.414962219,0.713442091,0.558843888,0.789666917,2.35870059,1.881847144,0.901793954,-0.752340216,-3.748882397,-1.556813272,0.162920565,-0.810031213,3.261844535,0.043737489,2.084747408,-1.629171216,1.108795664,-0.423954254,-0.903413691,0.472192987,0,Normal
0.428771774,-0.299645406,1.764304381,0.888338783,-2.070252861,0.898143993,-0.200645194,-1.357881139,-6.364587932,-0.864968432,2.877581678,-0.306034508,-0.917089174,-1.59944115,1.69039169,0.436168877,-0.730324805,-0.535754012,0.183741782,0.050310678,-0.375961341,2.12403563,-0.059491907,0.627809556,1.133107484,3.329501185,-0.406229949,0.883699438,-6.496604092,-2.387666071,-0.283683466,0.531148638,7.064473562,0.315490622,2.881419629,-0.359678821,0.591669933,0.834043861,-1.667062424,0.489633444,0,Normal
0.413370091,-0.333447807,1.25495947,-1.267549728,-0.574570731,2.133444765,-0.514018887,0.831965667,-1.870913146,-1.078571731,0.006958135,0.724014432,2.737219579,0.326576654,0.025169153,1.155970592,0.527272398,0.80729089,1.218370197,1.214694087,-0.346277182,1.117558972,2.987376768,-0.84558405,0.7531357,0.338304357,0.436620381,0.042958651,-1.365856308,-0.243731912,0.011807729,-1.040501967,1.871916239,0.351275465,-1.085096707,-0.433000144,-1.738966714,0.613208946,-1.513629005,2.480683138,0,Normal
-0.492895863,-0.914000791,-0.109996505,0.310553293,-0.398261768,0.013480302,-0.022924653,0.082915344,-2.691377488,-3.733147451,-0.5784042,0.296134748,-1.682472236,1.61778063,0.406591831,0.693004895,-1.171961532,-0.272397538,1.507439131,1.459733263,0.642208124,2.858488588,1.403205781,-0.064193361,-0.58961057,3.525483183,1.275943469,-1.65246082,-3.530164283,-1.631872622,0.72178108,2.121230613,2.092768831,0.656614951,-1.975245352,0.628372871,0.08318733,-0.300009521,-0.331650641,0.397482797,0,Normal
5.25596965,-0.212003391,-0.239649312,0.180575957,-0.659596603,-1.338266618,1.028600139,-0.580192333,-11.73007976,-4.437499978,0.07525253,0.224306166,-1.47678569,-1.628539992,-0.664456207,1.364025974,0.216225575,0.40907012,0.826452521,0.478949106,1.393116619,1.61562512,2.949603932,0.667831359,0.887012035,7.612709307,1.417486094,-0.172715142,-10.97671057,-4.898176286,-1.115690211,-0.360711444,4.111122503,0.088886197,2.93271657,-0.086959031,0.09109611,0.957511025,0.789706828,0.636784896,1,Intrusion
0.094626874,-0.148911526,-0.698050596,2.616772303,0.854249746,0.00460601,-0.421209534,-0.256927044,-1.564910398,-3.255804253,0.332495523,-0.937809081,-0.770150146,-0.907636284,-0.231396257,1.613534089,-0.813138152,-0.108848447,-0.047637902,0.432508415,-0.049595469,3.346331892,-0.71848327,0.63593116,-2.62272966,2.52474459,0.407346812,-0.171881922,-5.044213258,-0.558208438,-0.278245626,-1.047046566,-1.461785183,1.143896387,1.252644679,0.221020143,-0.621702968,-0.777686419,-1.515001858,0.497696213,1,Intrusion
-0.69986997,-2.012283313,-0.186252443,0.695736235,-1.475872227,-0.878262736,-2.130391417,-0.097132828,-2.740393959,-2.151503225,0.057727364,1.841558506,2.176317225,0.64279781,-0.887055852,-0.148785351,-0.237984985,-0.774623159,0.233162791,0.872390315,-0.46733343,0.764417697,3.409808011,1.856067738,-0.788839012,0.713394504,0.758983386,-0.019225352,-2.702551775,-0.599372386,0.844796559,-1.42719332,1.21790974,-0.109782327,0.619102987,-1.370207302,0.218383307,-0.470615223,-0.136631372,-0.740534387,0,Normal
2.30227974,-0.811784643,-0.630608144,1.384398141,0.024665592,-0.880086005,0.530398566,0.393497662,-0.289941061,0.561459195,-0.517012002,0.363496437,0.31276457,-0.444463195,-1.044105054,-0.753799637,-0.314364221,0.710840716,-0.176373879,1.55243538,-0.883677703,-0.780102791,-4.426483132,-0.038546065,-0.50981586,1.86039414,-0.098735878,0.721026378,3.996313866,2.141877546,-0.253879279,-0.980158436,0.336174527,-0.321217678,-2.293766693,0.300973667,-0.021063856,-0.796059636,1.015554092,-0.699116201,0,Normal
-0.534862408,1.046608304,0.46875906,-0.496158204,0.744724865,0.182825369,1.896344833,0.236891638,-0.3354055,-0.504817663,-2.330390901,-0.731162993,3.277303063,-1.880493743,2.375027194,1.387412322,1.176790359,0.172302636,-0.380554249,-0.238033492,1.507486271,0.068881242,2.452324927,0.595134564,-0.167142743,0.398484748,0.043871624,-0.619865594,1.51979715,2.506276411,1.723831555,-3.320416163,0.012678426,1.644975071,-1.955325959,0.407867914,0.885382515,0.032749832,0.651380244,-0.939668595,0,Normal
-4.537867047,-2.264379519,-1.264701575,0.73984954,-0.317729495,1.798377138,0.530904562,-1.284702231,4.777594514,-0.638575489,-0.82650133,-0.868390195,2.293621934,-1.666943834,0.173783425,-0.254690242,0.414297559,0.373449336,1.062201056,-1.627581093,-1.380655894,3.725146669,-1.066494637,-1.60562671,-0.069418173,-3.130674092,-0.341033157,-0.364261813,-0.814896576,2.470218531,0.527623313,-2.465468686,-2.185100238,0.571624307,1.393661576,-0.008667913,-1.283041611,-0.059409516,1.600102274,0.987868504,0,Normal
-1.726639379,-1.263229875,-0.147672777,-0.01898411,-0.182582102,-0.363525959,2.930011114,-0.056356837,-1.987069159,-0.862574344,0.23073319,-0.913557235,1.448020378,0.372180309,0.881197015,-0.689769689,0.023258699,-0.531135409,0.368057967,2.398539377,-0.622535044,-0.269824777,0.107422951,-0.788255448,2.681030288,0.381005746,-2.309066262,0.462444919,-1.20410541,0.846636685,0.806409759,-2.484916228,1.095118607,-0.249734671,2.526529188,1.654250301,1.669936445,0.797636796,-1.242815814,1.592390554,0,Normal
0.819520186,1.862291044,0.723958136,-0.507435609,-1.460965255,1.026749241,0.918720276,0.069367076,-7.2139327,-3.048901469,1.437420698,-1.116503642,0.355508458,0.633094762,1.092130489,-0.146702768,2.331145785,-1.334112403,0.266412816,-0.774898952,0.767913045,0.937148178,1.345360282,1.83651471,-0.528267233,2.971218177,-0.605950505,0.288703285,-6.764854636,-3.203866158,-0.001894564,-0.248026127,4.112676572,2.252879595,3.858825147,1.186765514,0.101177038,-0.893909446,1.153988552,-0.022246907,0,Normal
3.786300588,-0.678133016,-0.394186381,-1.271366176,0.407522371,0.02700039,-0.308369903,0.159602279,-7.701416025,-5.602669663,-1.077002942,1.263620647,-2.793994475,-0.047392552,-3.191032533,-1.168347475,-1.132942752,-0.082400797,0.007749937,-0.414926038,1.356235973,3.165479635,-0.192485844,-1.175086708,0.623335452,7.688851875,-0.983908199,0.991480975,-9.534545997,-2.607783921,2.35881451,-1.288273618,-0.785744382,1.797152455,2.074094581,0.961292333,0.389611759,0.050533254,0.206820925,1.788466614,1,Intrusion
-2.566523225,2.193130533,0.862993957,-0.239138695,0.664080224,0.425704323,-0.451871621,0.074097331,-2.732756653,-2.105433312,-1.052934555,-1.212028596,0.619235827,-0.776563546,-0.245710696,0.065300127,-1.831792855,-0.407620585,-0.463874793,-0.945388319,0.937954604,1.429485265,1.752471093,-0.276244175,1.343637711,0.643872097,0.326107906,-1.173182201,-4.739596681,-0.833401755,2.833576918,-1.333772459,1.741257348,1.80679423,3.44152845,-0.471959373,0.932292978,1.170033119,2.332755172,-1.005544288,0,Normal
-2.918466331,-0.250106579,1.892401708,-1.187114689,-0.644507707,2.105843766,0.577515204,-0.515533488,0.95231259,-0.486849109,-0.782374152,-1.348380677,-2.08315828,-0.012533481,-0.243967094,0.4990287,-0.133742015,-0.408490151,0.536255286,0.240972636,-0.06763562,1.716353972,-3.587485717,1.105737803,1.33338243,1.454384471,1.431646753,-0.932493127,-2.584685853,2.578593411,0.570915143,-3.28454018,-2.266207327,-1.026046113,3.66994236,1.223359235,0.615772627,1.088953508,0.668114189,0.06655339,1,Intrusion
1.804822129,0.663977889,1.51283502,0.020046535,0.042195343,0.939523726,-1.403397403,1.359566924,-2.763691221,-1.284835221,0.902620415,-1.788444091,-1.070360307,2.482670833,-1.256831444,0.539166674,1.484103889,-0.773036015,-0.487479598,0.931519192,0.524112471,1.010123915,-1.003019361,-1.006073895,0.708061181,1.887905232,-0.000186114,-1.30989023,-1.913876576,-2.317744949,2.15762817,2.498002297,2.786283983,0.134152903,-0.51070104,0.65174863,-0.015075088,0.995625042,-0.311211446,1.565995957,0,Normal
-2.32606557,0.169672466,-0.776239263,-0.591341835,-0.691589149,1.12256966,-0.963837931,1.607122135,1.457526069,1.246163159,0.725124649,-0.052060177,1.86255426,0.520907574,-0.009090766,-0.181059866,2.754282076,1.633858878,-1.084125644,-1.128764288,0.826413879,1.211104369,-0.924907609,0.236320957,2.020711526,-2.816368484,-1.518984617,0.334618471,-0.765985701,0.478744802,-1.171847532,-0.950657673,1.627791004,-0.499456075,2.564994447,0.462003017,-0.563368098,0.380371869,1.134212202,1.046099442,0,Normal
-2.166016452,0.739887809,-0.838272672,1.93042189,0.030999156,-0.737503275,-0.783224522,1.057915653,3.3791595,-0.81049138,0.28338363,-0.147160722,-2.35167555,0.446679579,-0.600515476,-1.650503979,-0.472229798,1.432486605,0.250923943,-1.155863972,-0.876948442,2.304931674,-5.112613429,-0.066715692,0.173412826,0.581528272,0.556888689,-1.161209319,-0.844977582,2.441131328,1.125046163,-1.847504624,-4.36254341,0.958931676,1.928369272,0.969465908,0.554369793,-1.215963139,1.176845471,0.016498557,1,Intrusion
-2.473338013,0.113650226,-0.997933205,-1.68030454,-0.054640299,0.123780945,-0.23825878,-1.268386082,-1.873823152,-1.127501262,0.264203662,0.844969711,0.241292657,0.067577735,0.958239141,-0.673510525,0.350558762,0.272661402,1.617437431,-1.278243745,0.301446504,3.42766033,2.045168053,0.329379997,-0.360775023,0.425190011,-0.240023683,-0.075580027,-6.09674704,-1.09874314,-0.025871652,-0.463724815,3.2936887,-1.369997854,2.58115723,1.600952444,0.751179968,-1.030194599,0.112324788,-1.567712151,0,Normal
-0.049997481,0.610114067,0.219445759,0.758501717,0.978683267,0.922708771,0.416430383,0.544131905,-3.705956063,-3.319459416,1.017349359,0.174877624,-0.717343169,0.602969252,2.998913084,-0.36919465,-0.835408548,1.20236459,-0.432916339,-1.451832707,-0.763248728,1.516084298,0.278559906,-1.342735955,1.148011212,4.091965397,-0.310571319,-0.64285131,-1.650749766,-0.412651052,0.425306195,0.66862413,2.746795092,-0.051131998,-1.969383592,0.093541411,-1.03700289,1.111387941,0.035428456,-0.271631651,0,Normal
0.200069871,1.835510084,-0.317954383,0.1976676,-1.198730325,0.875452948,-0.003546933,1.332751195,-3.230785125,-0.061707682,1.01814315,0.69037544,-0.129048723,2.688244887,-0.126749159,-1.065267868,-0.009038955,-0.547234783,0.160638631,-0.045499663,-0.614365581,2.709941781,1.481262211,0.734115997,0.850935127,3.605154533,1.324544604,0.156499685,-4.878385392,1.295725894,-0.258763166,-3.158067753,2.767517197,-1.211230002,0.526539169,-1.089027631,0.315563741,0.880295822,-1.014519452,-1.232478636,1,Intrusion
3.726041533,0.305214771,1.325796212,-1.121590975,0.874972478,-2.006738919,-0.226107998,0.208043566,-9.983348996,-4.640790946,-1.388772081,1.157281152,-2.03694753,0.66632176,0.280140107,-0.656161494,0.41112912,-0.805524961,0.091612088,0.704507995,0.152855362,-1.681780051,4.783920891,0.393337431,0.230246921,5.225148529,-0.960244266,1.032350861,-7.749040636,-5.929973476,2.472987252,1.763804714,1.752349704,0.353523699,2.895113401,-0.744574262,-0.941649097,0.37968035,-0.109230367,0.095998876,1,Intrusion
2.957554155,-0.016220086,-0.649854185,1.486598831,0.326454801,0.072094367,1.296528472,0.418925049,-1.092931758,-0.165106745,-1.446045204,0.779833346,-2.421784467,-1.893243109,1.134467201,0.121037147,-0.48121419,0.780879,1.566414522,-1.034006762,0.430224718,-0.580872332,-3.028431895,-2.05486395,-2.206154738,4.140619267,0.406953863,-2.058930153,2.742903002,1.332488279,-0.110805654,0.531688464,-0.069645606,-2.740743169,-3.826329849,0.171205744,0.174300328,1.673706064,0.141135575,-1.130843144,0,Normal
0.130939038,-1.248641012,0.081342931,0.825053647,0.213600415,-0.519237842,-0.859377014,-0.110010847,1.198710868,-0.718591141,-0.297976769,-0.755433006,0.321648139,0.251728461,-1.471998587,0.072895239,-0.373364174,-0.2824053,-0.566001424,0.849663336,0.657079815,3.857388269,-1.423780796,-0.995559517,0.853629604,0.582410023,-0.973912627,1.374711418,-3.268047129,0.923382297,0.543676966,-1.798617295,-1.42801792,0.824178001,0.442901846,0.079355477,-0.278259646,0.064750462,0.247382539,-1.363527359,1,Intrusion
-1.808684293,-0.46346658,-0.573330416,0.402334328,1.984235347,-0.299688061,0.020546415,-1.519236622,-0.162884385,1.254255547,-2.30061247,-0.030915733,1.876163703,-0.523153002,-0.831277484,0.599800544,-0.261754062,0.068439722,-0.323556455,0.087817366,1.421416364,-0.670049548,1.444578301,-0.587915141,-0.445479559,-0.454990644,-1.502755769,1.133507666,1.256732552,2.154730029,0.792012503,-2.481880501,1.802382665,-0.636648362,0.099219949,1.296091316,1.176647181,-0.122628871,1.723439074,-0.781993703,0,Normal
-0.459305177,-0.962871902,-0.833711317,1.499347205,0.603900192,-1.001593814,-0.584610097,1.94096339,-8.999295656,-1.975602884,-1.883137754,-0.218209401,-1.789297,0.277079038,0.010021181,0.774371857,1.295122889,0.506876988,1.760837325,1.863903645,0.552296657,-1.287747184,-0.796132626,-2.010322626,-0.413249361,4.97579327,-0.125363609,-0.894746106,-5.461078433,-1.72814265,-1.530661963,-1.143688027,6.013287338,1.103063882,5.358657457,-0.419894251,1.252981303,0.320400391,0.939909831,-1.457866611,0,Normal
0.605482557,0.033128819,0.579862843,0.588537623,0.044867098,-1.756013143,0.546600773,2.269064335,-1.94061671,-1.28909718,1.094882025,-0.54524674,0.404396051,-1.811731544,0.183672919,-0.884559424,0.616708856,-0.802187191,-0.537697674,-3.607571482,-1.337795903,0.399498311,-2.470543524,0.302282136,-0.265192247,1.361101434,-0.425535765,-1.22814212,0.531940294,-0.328580348,0.654615514,0.700592036,2.343951802,1.479475726,-0.477292344,-0.178099685,1.120502527,0.699349354,0.714987008,-0.575724551,0,Normal
0.404256909,0.396065471,-2.441944493,-0.48759049,1.079049836,0.754239585,0.733400745,-0.237308048,0.312770543,-1.314018148,1.202420317,-0.035449547,0.72465307,0.498240566,0.824515685,-1.522022591,-0.117266158,0.122116884,0.513722516,1.216720448,0.730139609,1.462070706,-3.784727308,-0.483981968,1.831727995,0.733363801,0.35984083,-1.098172021,1.337620514,0.810599098,-0.447913996,0.01448333,0.301841773,-1.704709206,-1.133307424,0.707725821,0.886170115,-0.105689167,0.156430868,-1.321588939,0,Normal
0.840737896,0.124387594,0.917428608,0.289112935,-0.530599382,0.037127665,-0.081585103,0.833327788,-0.89347749,-0.739601791,0.552698243,-0.310610805,1.786746482,-0.461032855,0.898851515,0.067832727,0.394028862,-0.51321258,-0.7114966,2.109025253,0.27535811,0.0684987,-3.352419857,-0.068101188,0.334608472,0.117927202,0.339051908,-1.461795084,2.481254321,0.213249396,-0.475465118,0.479770008,2.221141418,-1.670594208,-1.001029135,-0.57020038,2.263402381,-1.209901362,1.937532806,0.701359995,0,Normal
2.772088349,-2.411696441,0.704914729,-1.40152589,0.293471392,0.064071638,0.872004298,0.438072944,-0.566188865,0.735781209,-0.9634666,-1.069680357,-3.261692531,1.488728518,-0.343853283,-1.030628658,-1.370054998,-0.741877525,1.354561202,-0.781498916,1.034693489,2.588003789,-0.296858743,2.178316451,-0.227745177,1.597486226,-0.136961546,-0.870777761,-4.237959964,-2.59317059,1.012902384,3.000573436,1.174656834,-0.609116191,-0.593184655,-0.780863105,0.47166099,-0.100037046,1.051506724,-0.764468287,0,Normal
-0.517166185,-0.51009456,-0.061185245,-0.173674565,0.282831573,-0.59813613,0.3894548,0.430043932,-4.59308203,-3.068757823,0.741583373,-0.794849634,0.559055227,-0.115518596,-0.51163328,-0.393173568,-1.288179552,-0.284167023,0.683199003,0.557995873,-1.47296297,3.27965101,3.382037573,1.062246481,-0.755578898,3.044825965,0.996437835,2.309686269,-6.729033323,-1.45850386,-1.392799211,-0.935636855,3.136292902,0.855139907,0.946628155,0.121699119,-1.377344988,1.248189269,-1.956839989,0.879257675,0,Normal
3.244908509,1.051156166,-1.296392812,-1.84788557,0.290887482,0.883548617,-1.884122548,-0.866756425,-1.30939683,-0.181461615,0.396269144,-0.550042558,-4.333491455,0.407940225,0.880227461,-0.072307207,-1.122029642,0.05726844,-1.125869171,0.987999691,0.809188191,1.154129198,1.129896099,-1.861042916,-0.394559601,4.814289108,-0.378455281,-0.759011001,-1.451487271,-0.548012129,0.132990329,2.083336618,-0.022443973,-1.250692977,-4.408033324,1.415951225,-0.08638639,-1.051635891,0.011076272,0.104020742,0,Normal
0.051294866,0.05394495,-0.063249216,0.60400841,-0.591808338,0.260768825,1.496819157,0.012475993,-2.568301432,-2.67615035,0.31902734,-0.151675592,0.090882343,0.465926279,-0.039942105,0.385811799,1.405510081,0.346688036,0.373007001,-0.342003002,1.981016378,2.348090345,-0.926822476,-0.237887282,-1.301543737,1.013300098,0.476742184,0.74636705,-3.214234303,-2.542422212,-0.583555259,2.203153563,2.99245646,0.605880745,0.634053093,0.103230431,-0.167359526,1.518282889,-1.347223761,0.382762515,0,Normal
-0.360407934,1.738285911,0.002682924,0.660011531,1.121278087,0.148074452,-0.526629419,0.804226158,2.411656525,-1.842989545,-1.884147418,-0.961411805,-0.778012353,0.838033036,-0.837742662,-0.700436377,1.351294987,-0.672958278,0.738282301,-0.22860747,0.002440817,2.80247767,-3.990024886,-1.226486486,-0.061295893,0.172518401,-1.325811364,-0.133569907,-1.544548915,0.803342922,-0.009610698,-0.94579719,-4.105127759,0.523545941,1.13030116,0.184486801,0.607545239,0.982767096,-0.722374897,0.740189057,1,Intrusion
-3.890387226,0.401684845,2.186795874,0.64873949,-0.334116363,0.400687306,-0.412332586,-0.307724592,0.608276809,-0.821928258,2.050764638,-0.293409097,1.117539913,1.287946933,0.333298287,0.821122934,0.55790833,-0.543895542,0.228715471,-1.314722369,0.242665072,1.851682256,2.595597135,0.041071689,-1.182565248,0.905460129,0.218074748,0.632916303,-0.801937049,3.043353194,-1.092549903,-3.146587089,0.593533317,0.022210771,-0.788495005,-0.418233845,-0.979782101,-0.422968544,1.001944225,-0.079384646,0,Normal
2.074037788,0.044565795,0.396572326,-1.105093884,-0.16735001,0.242582656,-0.003590474,-0.045934303,-8.295655933,-2.080966326,0.213320003,-0.169016026,-0.304922783,-0.003990101,-0.4652037,0.669504581,-1.008720852,-0.825480748,0.680833786,-0.068013856,0.023954385,2.819807375,1.863396296,-0.32632797,0.414888874,7.266586697,-0.009949301,0.752504715,-7.689941562,0.283123443,-0.369482743,-3.84989884,4.912437534,-0.324465748,0.989846803,1.176208008,-0.220569593,-0.643555486,-0.147896743,-0.362054563,1,Intrusion
0.952626547,0.446469753,-0.407402525,0.199982203,-0.865515798,-0.372679369,0.107751546,0.512574321,-3.399561815,-4.251905784,1.292201917,-0.191003006,-5.228688147,-1.836757068,-0.975042127,-1.704150508,-0.258572636,-0.424143262,1.368171693,-1.256172234,-0.973635487,3.138206749,-2.339573559,0.55131251,-1.64036155,7.185318395,0.292832322,0.21226608,-5.287172098,-0.276397104,1.847032201,0.20097338,-1.314112587,-0.847323197,-0.541248827,-1.960704932,-1.350954229,-1.350822411,-0.707715263,1.079196493,1,Intrusion
-0.024362915,1.802855049,0.065743565,-0.127206319,-2.315277435,-1.965502879,-0.549319312,0.37569581,-4.532257402,-1.147684952,1.461208209,0.940797541,0.805666602,-0.227337099,0.118857723,-0.638786521,-0.437468809,-1.280265716,0.581314576,0.046988528,-1.184329871,0.964861033,0.707619279,0.231475363,1.622421999,1.849087651,-0.536220742,2.132086779,-4.277333302,-1.057461756,-0.119998778,-1.237840215,3.673013099,0.254826723,2.639991422,-1.155481708,0.738061306,-1.745302919,0.898271186,-0.139706841,0,Normal
-1.561483107,0.116233979,-0.496134738,-0.514690435,0.659451767,-1.354192943,1.082589569,-0.81526793,-1.757397412,-2.303213708,-0.226906415,-1.434807259,-2.467264802,0.107650621,-0.269059879,-0.646295592,1.599662028,0.940149447,-0.491102929,0.164373633,2.115966419,2.360887319,-0.39074891,1.053276911,-1.218650374,3.630042299,0.585217882,-0.436493668,-4.871711754,0.86143122,-1.962422638,-2.108826205,-1.128292443,1.036617834,1.941273612,0.863346553,-0.70953539,1.070819837,-1.497732756,-0.412333579,1,Intrusion
0.186236362,-0.255676334,0.490460201,0.85944074,0.480310728,-0.650258819,0.355909369,-0.417595966,-0.857017522,-1.489106203,0.235160331,0.738253335,-0.167427143,-1.7554185,0.779409002,-0.948396936,-1.210981673,-0.185398217,0.791618857,0.666656945,-0.046744613,1.24515645,-1.772015913,-0.982651593,0.253081777,2.092448908,-0.127692926,0.748051355,0.415332923,0.766407337,0.055089926,-0.025893949,0.954934369,2.267474216,-1.699284381,-0.515385079,1.760028053,-1.367908192,-0.067821036,-1.235882403,0,Normal
-0.165961785,-0.566823907,-0.167933809,3.04842258,1.503401669,0.922941331,-1.058225343,-1.010396655,-0.072136623,-2.223774852,0.079022838,-0.992947351,3.444675141,-0.54417103,-0.176781972,-0.42373061,-2.20240255,-0.62139887,-0.58080865,-0.836921536,0.128687691,2.72544225,2.069479434,0.649029762,2.072982356,-1.244977421,2.010982964,0.034325106,-2.515534656,-0.765762657,-0.41738078,-0.938948903,-0.3402904,0.579748612,-0.035797965,1.694558077,-0.654113365,-0.375908667,-2.003156689,-1.904019831,0,Normal
0.319549726,-0.828448106,0.493786226,-0.077214996,0.905419605,-0.621805192,0.7686707,-0.092591975,-2.609044247,-3.77329884,0.979116328,0.653058975,-3.985969674,0.359468195,-0.439274309,-1.32882252,-0.57013046,-0.587704228,0.714965294,0.195984272,-2.361099347,2.655045953,-0.767998641,-0.310500938,0.76767921,6.75364017,0.107029729,-2.131088655,-2.495207579,0.786768908,0.53735348,0.364378888,-0.091557434,-0.962359365,-3.300950761,-1.803150307,-0.713960801,0.210307854,-1.499567508,0.690520481,0,Normal
-2.367932359,-0.357972319,-0.360936243,-0.067969683,0.068302682,-0.654045463,-0.656454605,-1.205591991,3.672811059,0.359606999,1.342104283,-0.2721952,3.521281855,-0.216423245,0.983946145,0.605434878,-0.406554726,-0.347755577,0.26098962,0.163072603,-0.697880967,1.936585081,0.57745385,-1.184909638,-1.763721165,-3.533811362,-0.418046433,-0.757596829,1.08757029,1.634293357,0.036808942,-1.602106221,-0.835254832,2.117840834,-0.269161538,0.697573022,0.293181276,1.476384143,-1.036326786,-1.222431482,0,Normal
1.636207499,-0.498982963,0.805026453,1.635650505,0.946804099,-0.511426141,-0.09385754,-1.53594122,-1.017075252,-0.268466464,-1.242767703,1.103544637,-0.005225214,-0.212706603,0.979945425,-1.258028127,0.985851546,-0.60081634,-0.423964844,1.50461766,0.980972466,3.423821872,-1.724433268,-0.015975051,-0.317424108,-2.068276551,-0.411322157,-0.003379614,-5.415280282,-5.04789362,-0.629683826,4.294654943,3.586601316,0.512027643,2.740840051,1.418804251,-1.47409889,0.429057493,0.635072671,-0.57372749,0,Normal
-3.820828948,-1.209247295,-0.040705535,0.985136093,0.14005622,0.424163572,-0.0910967,0.065668879,-0.79132284,-1.106995349,-0.845185609,-1.290529189,0.986183726,-0.309366582,-1.08233077,-0.855646728,-1.765932355,-0.287944095,-0.676742496,-0.520517732,-0.43613638,-0.11158728,1.532893187,0.287055062,-0.248077613,0.685029692,-1.743085081,0.339125418,-0.667972065,2.350273583,-0.783231783,-3.38108406,0.165705307,-0.625635079,1.700521681,-0.79798993,-0.349286304,-0.860844436,-0.641086068,-0.911905349,0,Normal
-1.274526639,-0.849920835,0.241769836,0.110328338,0.043677852,1.749893284,-0.157809023,-0.202728704,-0.193541936,-3.577696099,2.109245081,-0.080227596,-1.29938801,-0.05636987,-0.024473693,0.331407789,0.229091872,-0.392665681,-1.431885297,-1.087900626,-1.545722453,5.482531937,-1.28535117,0.135534064,-0.02468832,1.831992218,-0.443064097,-1.757033112,-6.558323599,-0.954126489,-0.427756183,-0.044465346,-1.029999879,0.04471744,1.527620147,-1.972457098,-0.56847146,1.785474067,0.712668401,-0.827686383,1,Intrusion
0.161145796,0.22751343,-0.903887039,-1.011745089,-0.04224845,-0.04500863,0.481187056,0.394918508,-2.361375118,1.181954289,0.864606303,-0.64363021,-2.047466945,-0.821778789,-0.261328384,-0.666718938,-0.123652713,0.392121675,1.187579069,1.321296095,-0.070089468,-2.317585356,-0.771306732,0.568657971,-0.852409858,2.894724651,1.063715997,-1.183913911,0.009413697,1.847318412,0.943410981,-2.619063341,0.032340291,0.291293149,1.647650466,-1.064336591,-2.233867447,0.124943788,0.551860101,0.25582624,1,Intrusion
3.732617155,0.241018146,2.642878375,-0.923855687,-0.718167166,0.194260387,2.448899559,-0.260492586,-1.22954622,0.842251987,0.341073091,-0.948855639,-3.671488672,0.879774288,-1.031345187,-0.187192324,-0.488898254,-1.890604305,-1.631606445,0.564115616,0.211718705,2.10897858,-1.71356119,-0.77900744,-1.752161221,1.45655246,1.347215933,-0.989615084,-4.372172923,-3.653817742,0.985806882,3.957757154,1.57225325,0.071497803,0.310467906,1.009001156,-2.033959463,-1.20158665,-0.429764426,0.069776282,0,Normal
1.993654212,-1.536921254,0.48927848,-0.581689078,-0.577508199,1.040819816,1.338825493,-1.106814898,0.43274476,0.907055373,0.565384898,1.899047653,0.716157344,0.753303413,-0.838899812,-1.285746856,-0.035577823,-0.855422282,0.074669449,-0.570957887,-0.164336466,-0.64858978,-7.198209485,-0.727131696,-0.479876376,0.198590292,-0.025378632,0.181686722,4.134822903,1.556586437,-0.763842437,-0.437554456,0.576485803,1.145687986,-0.251489362,0.397088703,1.114797792,-1.429865825,0.622901593,0.44412845,0,Normal
-0.726433528,-1.028688942,1.536027622,-0.762262006,-1.113335517,0.108471464,-1.902440456,-0.61712117,-1.526323028,-2.516083652,-0.310419723,-0.129956018,2.184696917,0.585808328,0.640262749,-1.688527042,0.405588046,0.076823917,0.512105651,-0.835142394,0.674063268,2.6838863,1.782690723,0.852115974,0.353775482,0.500564716,-0.347534156,0.346230829,-3.724864139,-0.357469644,-0.584112836,-1.626415747,0.372740753,0.255270969,0.816355853,0.113001934,-0.865868472,-1.27076183,-0.693282019,-0.321831579,0,Normal
-2.790125268,1.967240547,-0.734094735,0.796280817,0.346443838,-1.3141878,0.926827272,0.844369103,0.756751598,0.403105171,-0.202715613,0.808233148,1.600403585,-0.700777978,0.68612651,0.090221729,-0.95082272,0.177599646,1.143463368,0.491003368,-0.158428319,-0.401928759,-2.72247936,-0.139667675,-1.912743747,-2.205478571,-1.422875464,2.713695012,0.366033514,1.214519568,-0.261906186,-2.109670696,0.163065468,-0.691102222,4.039150931,-0.521096337,-0.235179855,1.495521269,-2.212740934,-0.842796345,0,Normal
-3.958632502,0.004393472,-2.021112026,2.054404656,0.525138,0.246301066,0.532274392,-0.796495417,-4.204015213,-1.81801658,-0.086390236,-0.648809,-1.775357649,1.084502606,0.515613758,-0.026421697,-1.50216589,0.903305891,0.083884185,1.228005138,-0.478995606,1.303855914,-1.375675957,-0.03495855,-1.404739172,2.687609223,-0.017205368,-0.854425862,-6.104313498,0.180644292,1.529832817,-2.450624901,2.939225082,1.687455142,6.205573784,0.603337929,-1.343106736,-0.158668058,-0.030042487,1.267475617,0,Normal
0.969908007,0.065866249,0.336972933,-0.770094329,-0.183766647,0.936216664,0.371923707,1.9649756,-6.827946638,-1.573268727,0.587493935,2.897183982,-1.356518619,-1.29960573,-0.24341114,1.338318242,0.497018541,-0.590039662,0.38876634,1.059101946,0.179819834,1.215917913,2.662534425,-0.309093379,1.373002676,5.577380047,0.489414808,-1.082065013,-6.755071178,-0.491339274,-0.762532507,-2.52968391,3.377462807,-1.480259123,1.88967233,-0.358250954,1.171555888,1.320832843,0.885832711,-0.834725442,1,Intrusion
0.982028651,0.65187217,0.880364381,-0.343154606,-1.13085126,0.097050829,0.055607947,-0.345552272,-2.06852613,-1.084929468,-0.156841518,0.259736837,-2.232415527,-0.183136122,0.350891032,0.099629389,-1.443413088,-0.558980707,-1.50762669,-0.873585516,-0.98102826,1.604650755,0.793776949,-1.956388139,0.176752284,3.668103761,-1.423059535,0.901385285,-1.225177219,-0.585697742,0.996239252,2.004827955,2.814203793,1.414895892,-3.364315122,0.757461378,-0.802982369,0.978812904,-1.5446843,0.684683658,0,Normal
-3.332080037,0.179277646,1.582680524,-1.000438353,0.837936498,2.257135079,-1.52051518,0.408457897,1.14032927,-1.440750413,-0.419692622,0.670628394,-2.257605385,-0.541340573,0.844388939,-0.432391264,-0.120984422,1.639563814,-0.659555799,0.653989988,1.884895312,2.253150696,0.73828841,-0.664714036,-0.48161741,1.280281501,1.404367345,-0.773264281,-2.838501481,0.996358705,-0.145618674,-0.648209612,-1.336875129,-0.989418613,0.688105317,1.103644397,-1.006155033,-1.310938122,-0.466936644,0.133514976,1,Intrusion
-0.405733528,0.68615157,-0.807531285,-1.355247267,-1.191949692,-0.215937176,1.638773343,-0.485994841,-2.629298701,-2.918675063,-1.251407262,0.423097976,1.901045608,0.535368904,-0.230379803,0.102093345,1.86018811,-0.493571591,2.200623119,0.306283278,-0.681708683,2.920947622,2.951404615,-0.883305453,-0.166621719,2.064815938,0.265118285,-1.637192999,-4.101959791,-0.044673787,0.226578127,-1.899162462,1.117435546,0.921651427,-0.452106714,0.624662296,0.378007804,0.208887741,0.638475885,0.330923077,0,Normal
-1.07866454,1.212411568,-1.475838896,0.650381526,-0.996015181,1.20926519,-0.193919047,-1.578867389,-2.245053519,-4.44759286,0.283495396,-0.901468651,-0.950677689,-1.477904383,1.965317374,-1.354462582,-0.915913408,-1.340519844,0.411456397,0.125987083,1.267818099,2.708232949,-0.833727033,0.05519399,0.823701358,3.896186993,0.295795116,-1.742062828,-2.487705607,0.241794013,1.269445101,-0.240816041,0.159512214,-1.150360243,-1.110150233,0.638535075,-0.69900519,-0.251634771,-0.154928407,-0.407735478,0,Normal
-1.311622997,0.307145274,0.620098622,-1.351346317,0.511141883,0.338245824,-0.503883956,-0.619750146,-2.356666176,-2.267422515,0.299890335,-0.56125675,-2.966930941,0.86276267,-1.302862876,0.401999592,0.093663704,0.240383896,-1.515656541,-0.137470708,-2.242272019,0.670643092,-0.387994114,1.618676921,0.81167521,4.195192112,-1.373912735,-0.56002293,-2.286501929,0.757743479,-0.975355738,-0.750868772,-0.039249851,-0.41189759,0.269685255,-0.346352077,1.625070587,-1.461190937,-2.033890905,0.017991261,1,Intrusion
-0.661961109,-2.574616591,-0.307653986,0.291419168,-0.12915743,-0.552176641,-3.081041523,0.764668194,-3.061146932,-2.312914899,0.204790224,0.462362598,0.792375689,0.447201749,0.188654394,-1.551978442,-1.336340803,0.384154939,-1.121947989,0.917105911,0.280111083,3.837846015,1.107155228,-1.311010775,0.018045794,1.160481341,-0.562623853,-0.287113332,-6.651405324,-1.940428658,0.008129044,-0.241160323,2.969267595,1.236943828,2.351186121,0.004247168,0.084648265,-0.244524451,1.018191652,-0.206881612,0,Normal
0.550915027,0.060251692,-0.024278113,-1.042816851,-0.676415319,-1.705511247,-1.016580608,0.374897306,-3.60079655,-3.566834009,-1.934148594,-0.516707602,-2.340391492,-0.225824916,0.67110111,-0.079339248,1.395909432,0.853815639,-1.188782732,-1.061728263,0.019840435,2.922469376,-0.009773483,-0.974286737,0.601956591,3.807352039,-0.392453355,0.605875935,-5.332210453,-2.417875439,-0.393939114,1.881567484,1.707977823,-1.049198268,0.108792738,-1.005002245,0.099839297,-2.814188719,-0.628312174,-0.95602317,0,Normal
-4.462252551,-0.645684286,-0.846722828,1.695939431,-0.415831382,1.842912147,-2.002023874,0.249761647,5.499902778,1.960856373,-0.7397346,0.76027975,2.951985389,-1.302017241,0.358308047,1.208305476,1.103392463,-0.943270868,1.219323704,0.762639418,-1.360260795,0.127219874,-1.827586269,-0.493544203,-1.09268068,-5.554214085,1.662662985,-0.422643892,2.937148175,2.649729874,1.648860034,-2.246889786,-1.807068789,0.214008964,2.58516191,-1.383085391,0.764465504,0.530871896,0.860311124,0.173170668,0,Normal
0.358188111,0.7548383,-0.341782615,-0.174089529,0.349354471,-0.170639674,-0.689209776,-0.407812901,-4.895075293,-2.355043552,0.484564455,0.492423991,-2.292606271,-0.861977223,0.312236786,1.217843382,-0.820760118,0.168163976,-2.175748885,1.681187323,1.908397013,-0.142301878,-4.057062679,-1.009086192,-1.011526638,6.148258239,-0.703868356,-0.534834572,-3.179547629,2.385497806,-1.198254543,-4.826396848,-1.153866068,-1.129423445,3.479944692,-0.07335143,0.635342061,0.008121784,-1.974599184,1.375248625,1,Intrusion
-0.284385453,-1.766102477,0.810580027,-1.153513338,-0.119635356,0.663892051,-0.904809301,0.754028391,-4.192900564,-2.037483195,1.684831842,-0.082677085,0.908489759,0.13500793,-1.319188353,2.223410627,0.079072402,-1.053339415,-1.029213161,-0.556966834,0.225983705,0.870700838,1.633805982,0.368075506,-0.996853733,2.381004762,0.141991397,0.351405244,-3.093338367,-0.594075254,1.16548102,-1.062145066,3.004235877,-0.3444041,0.807873799,-0.967632224,0.400750379,-1.721103764,1.01977354,-2.035627214,0,Normal
-1.912814299,-0.364945181,-0.356453034,0.33700573,-1.538353703,0.97471502,-0.462244174,0.476093195,-2.651657837,-1.807607449,1.092662469,0.812295051,0.681542496,-0.305375983,-1.095217956,-0.885954259,0.47177711,1.399071781,-0.486353744,-0.730554791,-1.414299354,2.177945423,2.827835647,-0.790866922,-0.785815346,1.568627876,-1.574570663,-1.95508219,-4.176270597,-0.30907394,1.183250535,-1.063762842,2.765575724,-2.355691937,0.857350801,0.701390915,0.503454663,0.88112763,-1.15676648,0.583261885,0,Normal
-1.755275992,-1.282586085,0.975457421,-0.196764829,-1.064651677,-2.442219223,-1.516966782,0.144432612,2.129407728,-0.250355116,-1.739391354,-0.182469511,-3.579444515,0.902230745,-0.642047761,-0.468501202,-0.526412298,0.834712648,-0.173411392,1.040102791,-0.96481932,1.695576381,-1.056878397,-0.190347971,1.891626603,2.302539438,-0.411212175,0.203528221,-2.399684879,2.581009986,-0.667148263,-2.570810619,-4.503992881,-2.176031676,1.006478724,-1.015470183,-1.561235708,0.275458299,0.671745068,0.184138894,1,Intrusion
0.447073215,-0.155600629,1.623208552,-1.244195396,-0.670778772,-0.675776988,-1.187687453,0.29800568,-1.303558096,-2.57937081,-0.001238064,1.091959696,0.290782569,-0.785183851,-0.914564488,-1.228856317,-2.111532649,1.626709245,0.316015286,-0.837492785,-1.361511151,0.734456132,-3.449670601,2.080563125,-1.89837742,2.971994568,-1.442869477,0.386532725,2.240782919,1.543113327,-0.818783113,-0.455816742,0.544466036,-0.381474571,-2.515139853,0.630259872,0.425480967,1.630835555,-1.791022069,-0.545606038,0,Normal
-0.037640308,0.890426548,0.088368538,-0.24175038,0.302418672,0.66183409,-1.564048343,0.247950656,-5.798497515,-4.246118124,0.895412472,-0.410329969,1.890537201,-0.417757682,1.389980722,0.591581385,-0.517238772,-0.844686846,-0.038358645,-1.118742868,0.428447886,-0.749149672,3.887582186,1.426078787,-0.087365497,4.177617514,0.411825073,-0.349265453,-2.438899224,0.578941157,-0.678454011,-3.665023088,0.01576977,2.171562248,0.200330134,1.636939748,0.559291526,0.099460283,-0.976703526,0.573818324,0,Normal
-2.08061575,-0.823611062,-0.846739035,0.243323116,-0.456180599,-2.648269688,1.123052716,0.357180877,1.750013359,-0.727492313,-1.138058345,-0.167482374,3.347396869,0.349221369,0.649305766,0.618777834,1.268124504,2.301810425,0.68713897,-0.137087246,-0.174036283,1.052989421,1.986710084,-0.630004076,1.268389244,-1.918575364,-1.141862826,-0.240953442,0.451059162,1.692115619,-0.143054962,-2.553318054,-1.321141924,-0.101208761,-0.170263743,1.28207607,0.73979872,-0.682882966,0.17825521,-2.721003794,0,Normal
2.030080634,0.467575632,1.917495474,0.388849567,-0.513718671,-0.565157453,-0.327818924,-0.483870691,-3.222136849,-1.394830489,-0.781291535,1.587454828,-3.6381218,-1.163138845,0.751281454,0.182827616,0.139958762,0.557357603,2.156195308,-1.324327023,1.357884478,0.28010101,-0.677362549,0.125746962,-0.125738817,6.595641239,0.004505439,2.815009633,-0.353653069,1.368184247,-1.029008184,-0.335135006,0.649362507,1.300204105,-3.521511535,0.074470459,1.404644257,-0.51042467,0.11332213,0.423424493,0,Normal
-0.155835605,-0.056242608,0.897602723,-0.029261399,-0.943871568,-0.309829073,-0.117186853,-1.109312142,-3.139364863,-3.817461969,1.3247889,-0.738448127,-1.459305053,0.959310391,0.701508533,-0.375743111,-0.416141738,-0.401001129,-0.331459095,-1.011101489,-0.501871395,1.281410505,-1.263123095,-0.396480933,0.511573936,4.630627771,-0.743617624,-0.716982734,-0.948990285,0.278168186,1.397690722,0.234818321,1.058390174,-0.101820387,-1.838458885,-0.606276818,-0.019405181,-0.137804249,1.179753438,0.229495408,0,Normal
-4.42866743,-0.879336643,0.205111194,0.585155672,-0.061498516,0.465375268,-1.334468013,0.28392804,0.114651759,0.178024013,0.953442604,-0.194985849,-0.815041223,1.523672412,-0.311414261,-0.776003699,1.460964869,-0.282091708,1.755881698,-0.132092065,0.549811264,4.258921162,-0.054309983,-1.290797557,1.484503677,-0.799133894,-0.486497384,-1.534023891,-6.0480531,-0.531063821,0.574819815,0.033695429,4.030301385,0.647822656,3.850912483,0.440138497,0.591012423,0.494649767,0.068315869,-0.59744719,0,Normal
1.495026285,-0.81104662,-1.387836543,0.127708858,0.4599357,-2.630491832,0.314890705,-1.146555301,-6.066659032,-2.876177742,-0.197048799,0.140848439,-1.474160806,1.971661316,-0.651073488,0.968851591,1.80673566,-0.325407626,-0.172420968,0.032801023,-0.998770093,3.950385345,2.522482588,1.135514016,0.557128644,7.66526452,0.820119822,-0.587216338,-7.620413905,1.041723164,0.74324889,-3.735679462,2.007956191,-0.827090229,-0.736389405,0.129280522,-0.26969224,-1.146998108,0.542094141,-0.952848075,1,Intrusion
2.80829269,1.292077873,1.172586079,1.009593308,0.272248567,0.672323505,-1.43084912,-0.665100067,-2.018359515,0.080091947,1.110075283,0.772263954,-1.600585996,-0.895184935,1.651179287,2.026837697,-0.262524517,0.923071757,1.722915006,0.846204907,0.205041316,0.848851664,-1.817827077,-0.979017615,0.127670858,2.102843818,0.972393123,-0.333699205,-0.8848183,-1.63883833,-0.600710098,2.425171667,2.704996177,-1.633708681,-1.438436747,-0.084082497,0.005242855,1.161836519,0.395532161,0.027585522,0,Normal
-3.561452551,-0.733468115,-0.752278589,0.368541687,-1.197360546,0.055205097,0.00116171,2.030910734,5.684840783,-1.181216238,1.246277264,-1.556490375,4.561283166,-0.724146161,1.018242647,-0.260843512,-0.747142426,0.356811747,0.965125616,-1.163246253,-0.347579478,2.687725467,1.324920615,0.684422772,0.117883754,-5.249727184,-0.074882741,-1.039789288,0.625873343,1.533846717,0.406312539,-2.08743809,-4.219522885,1.06135353,0.402015553,-1.920643755,1.411166048,1.149737388,2.414451437,0.857136507,0,Normal
2.025430572,0.486089754,-1.273502106,0.460364745,0.887021578,-0.568245014,-1.106629646,0.183681707,0.199974408,0.451915989,0.56128951,1.257841846,-2.191521034,-0.392313944,-0.092831249,-0.450145578,-0.393846785,2.451380649,0.296120875,0.337542486,2.061546159,2.661655591,-3.705454893,-0.739907721,1.495158013,0.939926182,0.170970765,-1.818336399,-2.445364834,-1.41661445,0.375977675,2.120065257,1.056025628,0.060693054,0.191099859,0.270984014,-0.055146149,0.175882643,0.378880958,-0.872361604,0,Normal
-4.571073666,0.231598065,1.228236835,-1.039203735,-0.734375304,-0.96875466,-0.976093171,-0.159536491,1.819808675,-1.449584391,-0.972101511,0.028876056,1.135494213,0.700780916,0.89513694,-0.364584573,0.737100379,0.051497608,1.030903322,0.154201957,-0.42029842,2.375072036,-0.81244978,-1.603233643,-0.320528583,-2.273215518,0.623869724,0.190216118,-2.806705162,0.578065502,-0.281085149,-1.630403866,-0.944020637,-1.056904338,3.985255968,0.285706134,0.412481431,-0.124903532,0.620875833,0.246821768,0,Normal
-3.110317619,-0.431565294,-1.28724546,1.062736346,-1.482566975,-0.681427688,0.436060685,-0.368546692,2.192034993,-0.332732336,0.298899658,-0.530725296,2.671056609,0.274496476,-0.092548229,-0.173310545,0.393962285,0.463712556,0.878623772,0.816156579,0.559165887,0.714112312,1.413491249,-2.373642281,-0.008459051,-1.392222637,0.721167193,-0.243212001,1.248818864,2.977410722,0.900156544,-3.361216341,-1.489890932,0.926156817,-0.159580913,0.258410067,0.565986674,1.981933379,-0.233947079,-1.788590897,0,Normal
1.736945674,-0.598253274,0.012617812,0.831581923,-0.559886275,-0.887831321,-1.043428823,0.329056447,-3.649848575,-1.709921196,-1.667982688,-0.178228745,0.286657165,0.342111038,0.234144308,1.04194415,0.959318346,0.156808532,2.273384898,0.130149108,-1.336970039,-0.133653788,-1.050564617,0.497794599,0.677990897,3.601124489,-0.080496529,-0.609473626,1.417422219,0.194689778,1.523837439,0.512989355,3.391463897,0.853818501,-2.999634294,0.20356385,-2.034550993,0.415533097,0.328231377,-0.155829286,0,Normal
-4.047981902,1.496464474,-0.157929849,-0.154990767,0.155060066,0.309945658,-2.518768476,-0.17240674,3.641988923,-0.166502064,-2.556981029,1.00395542,3.415144559,0.933333908,-0.037708315,-0.487400347,-0.210715577,0.41973742,-0.250050116,-1.084464221,-1.016379544,-0.267367384,1.97928262,-0.599042005,0.274886718,-2.747626039,-0.171566039,1.173990633,2.848415451,3.687746348,-0.092022468,-4.003728395,-3.198515911,-0.587448368,-0.042110545,-0.814084325,0.623503038,-0.186936588,-1.883391049,0.806060402,0,Normal
-3.053086302,-0.714029328,0.303866708,0.124647155,-1.725781959,-0.808388692,-0.256876056,0.989757638,-0.21274905,0.219620896,0.456537823,-1.517344418,0.347608424,0.62416581,0.843557923,0.08804401,0.691836093,-0.552744239,-0.290809825,-0.907643579,-0.139234287,2.145831888,-0.758587037,-1.475131222,0.743583834,-0.864228407,-0.719775596,0.068284073,-3.208153043,0.149066494,-1.337932329,-0.873776427,2.722194961,-0.381296533,3.261101147,-0.169964567,1.794956275,-0.942886853,-0.705626846,0.234110102,0,Normal
-0.079605805,0.795774941,0.45643559,-1.10277749,0.725778864,0.172536688,0.013073086,-0.456520311,-2.813317852,-4.089863702,0.419772713,0.682103067,2.346693799,-0.288019681,0.990444956,-0.044901268,0.203601127,-1.242498253,2.611691287,0.237647443,-0.515974915,3.261085011,2.838866595,0.947892402,0.803079171,1.700710209,-0.124437683,0.143778481,-4.955474797,-0.94781267,-0.269708498,-1.621676063,0.077742633,0.386874597,0.196819547,0.60083113,-1.178465569,0.606331742,-0.132865614,-0.53081481,0,Normal
0.486866783,1.123557814,-1.31622778,0.403856884,0.073990026,-1.387977812,-0.85271103,-2.062423476,-3.437976432,-3.039456741,0.971094173,-0.952934433,2.847174859,0.677264199,1.154214262,0.195132725,-0.383616832,1.978070808,-0.68110401,0.152939005,-0.712545864,0.856992272,3.624890195,0.213312604,-2.153636686,1.61749355,-1.455369758,0.211773522,-2.698135785,-0.364693171,-0.430769258,-2.252058907,0.232819076,-0.840512277,-0.162015244,1.246521648,0.045033322,0.052912102,0.904786113,1.320417015,0,Normal
3.407202932,0.782534712,1.531846435,0.734658341,0.452443237,1.374159602,-0.258529447,0.287446674,-1.008278523,0.255929067,0.670553773,-0.05181595,-2.771733162,0.758102305,0.568518926,-2.665612614,1.276111145,-0.348241067,-1.732575501,0.922341129,-1.470523373,1.701601113,-2.254023635,-0.820143378,0.311277814,1.96616391,-1.555518915,1.545569221,-2.452209478,-2.130051422,-0.955115981,2.674005511,0.85683705,0.198007737,-0.750128378,0.990821474,-1.037946059,0.907639496,-1.949238151,-1.004116112,0,Normal
-1.874459083,-0.671016775,-0.913928508,-0.978428773,-0.177294102,-1.507596673,-1.833685912,-0.818868616,-2.033867399,-3.546203441,-0.732375141,-0.138058589,-2.534241611,-0.160363919,-0.485553371,0.973649391,-0.606320751,0.95830159,0.467572904,0.304443876,1.098086411,2.041187563,-3.447129014,0.050422548,1.153775492,4.317777195,-0.836412573,2.610492249,-3.193252145,1.404821591,0.579733357,-2.022186756,-1.264750829,1.919632235,1.961177532,-0.932908892,-0.495910091,-0.985181425,-0.990997486,1.757531253,1,Intrusion
-1.657258208,0.389522431,-1.236516739,0.019330955,-0.613998365,1.877992238,-0.659538746,0.367202372,2.068834408,0.793651167,-0.377376382,-0.759233528,2.623768568,-1.603835532,2.18973889,1.303277784,0.665822995,0.350359462,0.722808949,0.015768941,0.685971889,2.071901286,0.784204851,-0.132031505,-1.524170001,-3.398223407,0.080917811,-0.148952095,-0.902495844,-0.329631892,0.131030841,0.096688256,1.461515103,0.171289355,0.829383233,0.220862494,-0.58991699,0.710371463,-0.447332161,-0.563871943,0,Normal
-3.398850808,1.460025747,0.316818438,-1.633612497,0.004950114,-0.056437617,0.401164996,-0.309517562,0.130878315,-1.980356304,0.890498315,-0.627641902,0.828385787,0.570119975,-0.168550015,-1.108795588,-0.708909693,-0.888021553,1.154973432,0.258559253,-1.174271896,4.408022241,1.203805673,-0.083541465,-0.103766023,-1.209847292,-0.878861876,-0.902203207,-6.360765109,-1.214736497,-0.326677123,-0.465128745,1.047250759,-0.211757829,3.434552259,0.168231097,-1.414247831,-0.785148984,-0.142242116,-0.408540421,0,Normal
0.314065432,0.438457247,-1.499143057,0.015036916,0.382419199,-1.804408691,-0.152595097,0.599959972,1.093310215,-1.126199489,-0.223129068,-0.748829894,-0.685894684,0.101815185,-0.590853067,-0.736361477,-0.763577082,-1.684125934,0.555337022,-0.29902327,1.229873375,2.648246601,-3.576715428,-0.698637885,1.347912574,-0.102756011,-1.231631133,-1.705891642,-1.135432296,-0.91533692,-2.439937758,1.740851351,0.008083721,-0.356054078,0.04032877,-0.051750553,-0.017298549,0.098395207,0.377283581,0.718082943,0,Normal
2.12833581,-0.75812336,0.418091863,0.649232542,1.63461022,0.755275911,-0.280395025,1.386243322,-0.345751485,-0.49923308,-0.852467442,-0.726300049,-2.554271388,-1.126065432,0.318460347,-0.561308058,0.080910738,0.625748963,0.934143472,-0.438952669,-0.479888639,1.828800094,-2.769714777,-1.719887107,-0.534640162,2.119173906,-0.988993666,-0.424145777,-2.06245355,-0.881115263,-2.092160109,1.302933786,-0.579188114,0.388719057,-0.358216615,0.420941049,0.948206924,-0.088994366,-0.769760442,-0.573527439,0,Normal
-3.057882312,-0.884965526,-0.359546243,-0.70201426,0.128803468,-1.629097264,0.085119999,-0.59772746,-0.046976386,-1.709807376,-0.752699692,-0.101412875,1.486767072,0.85296855,0.768571747,-0.189639843,1.035974743,1.657593921,-1.478535771,-0.52898015,1.324006776,1.518596271,-0.048155707,-0.140535715,-0.063660696,-0.984987955,1.047487658,0.02135411,-2.543875826,0.40652517,0.011540019,-1.948925615,-0.335712441,1.804252186,3.168655937,0.284640882,-0.579559369,-0.871105597,-0.276961509,1.094563165,0,Normal
2.922364603,0.854915802,-0.662895761,0.734177107,-0.479036918,-0.493305427,1.309509216,-1.050043518,0.541457313,1.096866875,1.576303054,-0.257789619,-3.165821231,0.488070597,0.949337262,-0.615972778,-0.62535669,-0.901906466,-1.319010526,0.211925427,-1.916505126,2.192052988,-3.270107824,-0.721747337,0.393307609,1.490289694,0.005420085,-1.119339103,-2.962098994,-0.993170611,0.130050948,1.191449874,-0.998918175,1.090966344,0.468585897,-0.064487598,-0.523725345,0.127581796,1.978168548,0.543167607,0,Normal
-2.41853855,-0.48358773,-0.549976354,0.658096575,0.514182092,-0.089242553,1.943940624,0.548509085,4.192113999,0.347672806,-1.249597269,0.90056785,-1.126238633,0.350865208,-0.594700261,-1.120843317,1.115690503,-0.493819838,-0.239717227,-0.060887174,-0.035613349,2.646557814,3.158741394,-1.259891868,0.312540518,-1.87188342,2.921303693,0.649630219,-2.040743901,0.026435455,-0.420510974,0.879905825,-2.375448108,-0.334863409,-0.923992454,0.152362444,-0.574339881,-1.46579754,1.652800772,0.658702285,1,Intrusion
2.039678571,-1.407615361,0.886844278,-1.411907851,0.48119295,-0.556285492,0.950575897,-0.632369413,-3.833494854,-1.456549816,-0.499289716,-0.68252886,-2.468134767,0.648155669,-0.514630664,-1.711186708,-0.119208936,2.190614785,-0.048132601,0.77263818,1.833391655,0.927158051,-1.510011395,-0.321452482,-0.477742851,3.890201621,0.20738176,0.87306378,-2.903218633,-1.582847214,0.454368944,1.377908769,2.280476272,0.580257064,-0.040737536,-0.640957524,0.726400383,-0.140036552,1.203922293,1.586962552,1,Intrusion
-0.451727345,-0.437683176,0.81617635,-0.769343075,2.016698862,-1.86617652,0.527099696,-0.717589942,-3.113248383,-0.606525288,-1.45571968,-0.066972811,1.170939,-1.684684722,1.134206274,-1.916699416,1.466399939,1.28522955,0.476343756,1.320226513,-0.906095781,0.095880165,-0.007111723,1.354657758,-1.435416892,1.243302864,-0.968846442,0.740965318,-1.818845173,0.230331782,2.038342046,-1.826806062,2.593081775,-1.570479309,1.908159054,0.998267482,0.313457424,-0.356676593,0.043025751,-0.603396057,0,Normal
2.868992721,-1.155660855,0.32502911,-2.145679,0.986486099,-0.459768036,0.958775718,-0.187494905,-1.854539343,-0.47812904,-1.458705334,1.615270907,-3.797054085,0.153034545,1.312337162,-1.087711771,0.06606948,0.552493585,0.499020145,-0.775746199,-1.200186731,1.566960305,0.233677285,-0.805533909,0.589444837,4.443568627,-0.368831705,-0.495068903,-1.897239899,-1.018505242,-0.148749748,2.401102768,1.287049737,-1.859918189,-3.561676117,0.449862893,0.14772184,0.305025608,1.33523679,1.706505859,0,Normal
-1.342243353,0.828077539,0.288790016,0.055417643,-0.824316262,-1.574315157,0.492557398,-1.207153577,0.182527207,-0.673434932,1.174884193,0.089794112,2.553928282,1.374208196,-1.35250298,1.133935916,-1.556758398,-0.265362766,0.141574915,1.107832385,1.539076178,0.961898617,-0.060220786,0.504830904,0.168031202,-2.318340868,-1.752635469,0.041041122,-1.209517473,-0.622195805,-0.105674016,-0.608443046,0.637147204,-1.471328522,2.240637661,-0.397748247,-0.329911488,-0.272870469,0.479781088,-0.285150717,0,Normal
-2.230607035,0.175082582,1.49324113,0.772284353,1.088748936,-2.015084883,1.102885779,0.867591671,2.781868139,-2.238371867,-1.782350332,0.644468126,-2.062527202,0.468338828,0.004306976,0.191733098,-0.951138454,2.376444902,-2.734269667,0.006520513,0.724730936,5.162099765,-2.493057333,-1.568725344,-0.070545517,0.254345375,0.791763636,0.032596867,-4.587498914,-0.110126708,0.571438295,0.441998599,-2.514588595,-0.338452536,1.296272056,0.972554417,0.701998628,-1.505824032,-1.312816818,0.424931713,1,Intrusion
-1.886803152,0.959845961,-0.086396456,-1.24868105,0.934276394,-1.719272806,-0.062163286,1.373314935,7.984556334,1.139893411,1.011314125,-1.709959231,1.637622604,-0.224340916,0.574308334,-0.158805128,-0.292559673,2.36557527,0.225233585,1.286537087,0.215118681,5.211214916,-0.044460121,1.265322926,0.652915085,-6.704942385,-1.940215768,-0.927396793,-2.507928928,-1.159484071,-0.495013802,1.683289137,-3.668554032,0.740597336,0.93690635,0.968377954,1.123657234,0.75684884,0.055002067,1.482411467,1,Intrusion
7.431788471,-1.072583595,-0.661272683,-0.807628461,-1.607957977,0.035006392,0.226105826,-0.175223724,-10.8499824,-4.158683548,-0.379368188,-0.738095571,-2.407120725,-0.165475989,2.052923686,-1.219159654,-0.897385727,-0.717071759,-0.822770625,-0.858783282,0.404654645,0.898975087,4.015149417,0.189439738,1.343115946,4.841804164,-0.532268888,1.45133992,-12.32555531,-9.241767705,-1.33303056,3.804062808,2.551714976,0.432111555,4.024266773,-0.063777846,0.774672309,-1.087327826,2.179415306,-0.443463013,1,Intrusion
1.044001381,0.503751519,1.632968735,-0.009633553,-0.715992029,1.512846725,-1.466947727,-0.461633351,-2.400988291,-2.085094012,-1.329312185,1.049305113,-0.439942175,0.174887737,0.252435522,-0.735894533,1.706699131,1.067113332,0.370698511,0.787357309,-0.522106992,0.783422228,-2.511660302,-0.212993445,0.772741453,2.30391708,1.226097498,-2.66453928,0.155377356,-0.912101396,1.206369875,1.693509741,2.41995776,0.364990138,-1.311292673,0.574138109,-0.820608934,-2.653209633,-0.63809338,-0.286643046,0,Normal
-2.750683053,-0.060961083,0.601167475,-0.193034273,0.666148508,-1.275699177,-0.467147894,0.259440438,1.194412791,1.211951643,0.944530299,0.222602582,0.683514045,0.257612964,-1.365360467,-0.743346415,-0.218391556,-0.075255721,-0.417798419,-1.160022368,1.538759629,1.135859106,0.514002895,-0.611750082,-1.151949766,0.1550398,0.069577492,0.063058597,-0.055044363,3.145616412,-0.76056328,-3.130660949,0.785724155,-0.443718258,0.2095285,-0.699772003,0.248853968,1.062944926,0.03017519,-2.313300113,1,Intrusion
-2.666829859,-0.224571534,-1.374392245,-0.413879711,1.074626307,1.055287102,1.841466835,-0.595519245,4.258655365,-0.870793874,-0.190069175,-1.277814338,-0.283112734,-1.105093337,0.019454039,-0.451957849,0.86648398,1.445939409,-0.582544577,1.046909145,0.853794648,4.11154114,-5.305036712,1.93582168,-1.027750626,-2.249033457,0.20614464,-0.138466048,-1.826350263,0.658916715,0.215786414,-0.085191173,-2.273473451,0.382925883,2.605825024,0.02611928,-0.822652755,-0.938516195,1.820401597,2.575936041,1,Intrusion
-0.213413193,0.263935872,-0.681982393,0.102566545,-0.607542066,-0.445234144,-0.382849862,0.097885053,-1.570931803,-2.617425446,1.869050459,-0.846957368,-0.299492735,-0.543591727,-0.902794399,-0.482102181,0.581228886,-0.484956104,-0.669427841,-0.247838535,0.477214147,2.504414452,0.066940235,-0.892243718,1.238200211,1.877438633,0.321683477,-0.002413979,-2.257412151,-1.071904256,0.558617366,1.337665586,1.729829355,0.911031789,-1.242793665,-0.270194337,0.698849012,0.451822188,-0.361468605,1.981806569,0,Normal
-1.146478167,-0.141221083,-0.876488463,-0.095419519,-1.489179301,0.286574844,-0.359890081,0.310665442,-0.966047702,-2.105224907,-0.003831598,1.074941904,2.475741316,0.284731744,-0.616514267,0.004409397,-0.158937142,0.411333688,-0.388068796,-0.100700596,-1.615021442,2.525887004,3.173178151,1.011750639,-0.060478599,-1.0807515,0.329827143,-1.305733343,-3.801524994,-1.603986617,0.621208001,-0.100187033,1.125171969,-0.376142273,0.869819258,1.489224008,-0.154020786,0.261941084,-0.489274448,-2.139450873,0,Normal
-3.423649251,2.427520626,-2.337057313,0.405547193,-0.66597664,-1.140109082,-0.899088867,0.323196584,-0.072590605,-1.473572753,0.549625545,0.060039801,-2.360415342,-1.100656643,-0.773433942,0.650564558,0.462887122,0.040102811,-0.541840598,-1.889278446,1.07889501,2.228328422,-2.150836351,0.051869274,1.114427352,2.228673755,-1.362846299,-0.61060534,-3.783613338,1.945317604,0.399091294,-2.708174008,-1.339981922,-0.497460345,3.290943478,-0.941226858,-0.397701498,0.256500739,-0.690275795,1.232600523,1,Intrusion
-2.05097036,-0.653746421,-0.051038034,-0.544813821,1.169677088,1.0050189,-2.355764576,-0.995766075,1.337641222,-0.901255062,-0.030696669,-0.282942668,-1.041735149,-0.363738809,-1.131093362,-2.463422707,-0.695132515,1.614452053,-0.236684049,0.63126672,0.207218617,2.677542205,-2.094123378,0.253193092,0.125551959,-0.004497567,0.650201049,-0.970282026,-2.883507702,0.491099674,-0.398282754,-0.758643077,-1.131446806,-0.48166422,2.197027153,-1.649217941,0.653478791,-0.49881337,-1.938621422,0.920112616,1,Intrusion
-2.430371415,1.259745317,-0.451780573,0.49921791,1.710173189,0.216300021,0.06430386,1.530218804,-5.309228186,-3.728264912,1.362952331,1.497697162,-3.356765991,-0.597918528,0.122485864,0.160604339,-1.20033872,0.869491485,-0.284922685,-0.681025853,0.319085053,-0.840640941,-0.035129902,-1.392633967,-0.342893242,7.671014004,-0.764903388,1.329543595,-3.356827246,3.459971649,0.72200207,-5.617109605,-1.902236526,-0.928405244,2.397334011,-0.617245022,0.186393128,0.620767252,0.86867548,0.950002973,1,Intrusion
-1.702263096,-1.918927465,-0.2572538,-0.040433374,0.194536798,1.034428574,1.556440969,0.209186832,-3.288341602,-0.873285979,-0.974305431,-1.119235072,0.228741584,-0.497902667,0.416781758,-0.843348646,0.210164485,-0.197729918,0.222668929,0.590466434,-0.610454678,0.452856138,-1.095744944,1.531248738,0.082208824,-0.001804578,-0.809961771,-0.31213581,-4.06603204,-1.600181564,-0.580980748,-0.402566113,3.223918088,0.680997474,5.067433699,-1.466190859,1.109832169,0.642762931,0.725127272,0.470463347,0,Normal
2.778922689,1.414817325,1.90553853,-1.123694284,0.309942174,1.083832414,-0.612622037,0.252520139,-2.696400022,0.336526527,0.213095549,-0.108641138,0.108237724,-2.099394435,-1.439556731,-0.282653765,0.23666758,0.261076033,1.007768168,0.071315923,0.702288723,-0.039805356,0.543723371,1.025324832,0.45592618,0.160226689,0.447868203,-0.039377031,-0.931612662,-3.287893935,-0.523506902,3.480864128,4.241251888,0.543540093,-0.931598772,0.364515985,-1.682818707,-0.315133299,0.401239326,-1.195535721,0,Normal
-3.168824738,0.620387741,-1.147596612,3.203293001,1.043876193,0.303428375,-0.390183354,-0.698002273,-2.136210788,-0.373041685,0.373946242,0.284534219,-0.362484115,-1.199016493,1.202055599,1.298647622,-0.982247435,-0.636755013,1.128639629,-0.266133249,0.447709926,1.376747322,-0.044676951,-1.258008889,0.119332411,1.451704237,-0.25036345,0.264336921,-3.598051122,1.116627058,0.179230391,-2.386102641,2.799025298,0.210232061,3.250193772,-0.216446078,0.962778902,0.690637263,1.527657176,0.526755026,0,Normal
0.709996542,0.524657823,-0.847602527,-1.888090769,-0.536120216,0.69976319,1.933234503,-1.26809689,0.490407786,-0.344864625,1.648805173,1.101333771,1.186840254,-0.977492592,-0.199925637,0.957350236,-0.859870986,-1.881881525,0.322203628,0.857825549,-1.016575247,0.959192486,-4.504771972,1.973191524,0.21828224,-0.581682985,-1.601905022,-0.029071298,1.645627368,0.173314911,0.941719222,0.539991787,1.045336151,-0.213177433,-0.111167131,0.100207291,-0.320966597,0.43615538,0.695329292,-1.290836546,0,Normal
-3.010052202,0.766504437,-0.824753303,-0.772443225,-1.098352093,0.93026988,0.835430838,-0.550716651,1.203066106,-1.086276443,0.10464206,-0.233134798,1.190269201,0.086200603,-1.380210216,0.129334514,-0.0048163,-0.616773456,-0.5088696,-1.147375508,-0.971135649,4.503969213,0.139082015,1.266826802,1.03512079,-1.832543525,-0.830137233,0.106615936,-4.923350742,-0.717903639,0.184900503,-0.242667353,1.316798227,-1.671363904,2.589744998,-0.677345468,0.724054074,0.98027767,-0.263928708,1.245759856,0,Normal
5.412777238,0.385195477,1.58986757,0.880495419,-0.71040329,-0.898414122,0.545011086,0.086271378,-9.141115424,-2.267594735,-2.21000431,-0.418484025,-3.448287946,-0.168824078,1.355001138,-0.555546325,-2.260577402,0.009848155,1.424152919,0.966552854,0.604736646,-0.713066825,3.761247827,-0.500198357,-1.779995374,4.034980631,1.103607636,0.117225653,-9.901085409,-7.634005541,-0.491052373,3.461099342,2.557002907,1.077589885,4.226878917,0.854184633,-0.314883711,0.930995022,-0.433803062,-1.015011491,1,Intrusion
0.190098034,0.843719393,-0.555533982,-0.550690402,-0.588850196,-1.946240693,0.440512434,0.281303513,-2.177944698,-0.515695556,1.321620557,1.74311561,-0.68650649,0.729560529,1.371862014,-0.431491085,0.386264066,-2.220802053,0.049172721,0.072207069,0.469541479,1.484080247,2.340859028,-0.533623931,0.597098552,2.436840888,-0.080480866,0.73537412,-3.71388842,0.112242045,0.107045556,-1.389335945,0.986418055,-0.267912288,0.146882666,-0.146463577,-0.5599374,0.672897806,-1.351432365,0.544944766,1,Intrusion
3.399720151,-1.603153962,-0.236302509,0.180688903,0.826612058,0.780521705,-0.595392139,0.756541662,-1.797513307,0.97179204,0.23681939,-2.251198901,-1.338729771,1.532122842,0.787238426,-0.819203029,-0.822194586,0.226027422,0.434027103,0.667041552,-2.013003289,1.099720165,-2.619031618,0.687247349,0.791396285,0.417037128,1.284717644,-0.103913529,-2.044874393,-3.14508167,0.389095274,3.44257731,3.367686851,-1.061484081,0.356351408,-0.223909193,-0.572626127,-0.248054887,0.622281435,-1.226416208,0,Normal
0.20697766,0.465243755,0.571800475,0.165796386,1.34180165,-1.116824439,-1.598234415,-1.243580495,0.607658823,-0.046617558,0.071464498,-0.526534645,3.941978007,0.971998707,0.200862263,0.183625539,-0.536849721,-1.169433567,-0.14407262,1.41098477,0.096623829,0.979273538,3.320152309,0.655370759,-1.46722875,-2.319741101,0.49632564,0.442522163,0.560776116,-0.433349286,1.187918955,-0.032885465,1.35901457,0.751208251,-1.9320887,-1.315121195,-0.197643208,1.344183757,-0.129586773,-0.301913601,0,Normal
-2.531367943,0.88620624,0.310235626,-0.913567726,-2.441226617,1.139235229,0.424352393,-0.093750046,0.968885654,0.957258256,-0.624922985,0.280941611,-1.618163964,0.73309069,-0.254343574,0.647822477,1.1448182,1.18945711,0.203746582,0.393896834,-0.654216801,0.182160942,1.20777382,0.66805027,-0.628756142,0.446580259,1.163976928,0.755581039,-1.785615427,1.795941995,-1.314425524,-2.307149769,-1.407350822,0.420063138,1.911376229,0.080967308,0.867394142,-2.283025388,0.989420164,1.097247996,1,Intrusion
-1.654002812,0.797094258,-0.255593262,-0.534849164,-0.760393647,0.177720153,0.250330536,-0.299268718,0.924131295,1.603045379,-1.122962644,0.364971102,2.086001834,1.630336633,0.004204623,-0.403369588,1.244147977,-0.310585052,0.267134873,-1.590233182,-1.113352361,0.050317549,0.124990845,-0.050832044,0.168060266,-0.904075237,1.686175819,0.630645372,1.947853904,2.522660097,0.17693555,-2.255963147,1.811442365,-0.339028637,-0.471501085,0.351940956,-0.613844837,-1.457848186,0.213300764,-0.564671734,0,Normal
1.857957794,1.466508511,-2.241000662,-0.108195432,-0.427823296,-0.534435553,0.323676581,0.238725475,-3.571045058,-1.62961466,-1.00997198,0.712022755,-1.051832359,-0.04604892,-0.714901478,0.017623314,1.239014726,1.447215654,-1.222566242,-0.206013943,0.14912908,1.433557041,-2.188554717,-0.47956316,0.483819832,2.015309348,0.804773329,-1.443820395,-3.547260274,-2.656160983,0.90391822,1.846037109,2.749458019,0.581399112,1.475322463,0.515191776,0.264366018,-0.158183758,-0.139313762,0.886859927,0,Normal
-2.426280708,-0.425946988,2.035277457,-0.283906018,-0.14381797,-0.460766389,-1.511861992,0.604956211,1.256999687,-0.801943628,-0.583076565,0.051374064,2.306643772,0.544213291,-0.673118151,-1.25313311,-0.528376178,0.245217886,-0.870011951,-1.049570498,-1.472030756,2.294238603,2.636301054,0.20661902,-0.168154626,-0.753544637,-0.823147669,1.536876824,-0.617694165,1.454087082,0.830546048,-1.540951632,0.610990697,-0.988311241,-1.362274433,-0.186141348,-1.92569805,-0.090062214,-0.86454149,-0.230961875,0,Normal
-3.148302373,-1.810824584,-0.313968391,1.301289857,-0.701215897,-2.06348046,0.002718986,0.089020291,2.85452039,0.280294482,-0.579658667,-0.429441557,2.199035923,-0.520444091,1.380234839,0.493120702,-0.279436117,-0.822715051,0.123490278,-0.069817332,2.042159409,2.56633334,0.953912105,-0.175484097,-0.288363313,-2.942856063,-1.044474932,0.432992948,-0.781495451,0.790695235,-0.054817738,-0.627776901,0.704061824,-0.607652214,0.496805164,-0.031756759,-1.07710627,0.678170629,-0.44801903,1.275745465,0,Normal
1.851567954,-0.678479314,1.007952312,1.4664037,1.77086092,-1.101293141,-0.406508872,-0.923054004,-2.10939279,-2.345531408,0.487540753,0.953849177,-3.132282824,-0.419625645,1.292181794,-0.134091352,-0.393780099,0.851644571,-0.341196498,0.421346167,-0.690152951,2.151457126,1.283249911,0.81476478,-0.0389301,4.417678299,0.012626648,0.304613818,-3.080014254,-1.273148682,-1.016641644,1.883043833,0.101695729,0.546396984,-2.980906245,1.487909064,0.208050947,0.872837502,-1.227544492,0.256070882,0,Normal
-2.041774048,0.726429521,-0.158547779,-0.597902845,0.904968314,0.371593965,-0.803465983,-3.084899643,2.13427456,-0.903117923,1.562696311,0.457920334,2.864814614,-1.117747926,-1.332018357,0.268296484,1.510308794,1.106085175,0.108150726,0.757398528,1.258743615,3.850214165,2.932887757,-0.550023112,-0.083356523,-2.299817967,0.962211114,-0.624649365,-2.388836055,-0.071734875,-0.808760276,-0.348791849,0.544586802,0.886581329,-0.833664206,0.429001169,0.123632917,-0.366644999,-0.344695812,1.118598513,0,Normal
-0.303167114,-1.189577046,0.46042823,0.181971217,-0.368960475,2.025560455,-0.907065925,-0.274945477,-2.123148582,-2.647132171,-1.149034324,-0.667921775,-0.800490954,1.044971229,0.187511199,-1.50457701,-0.759636472,-1.235207936,0.426245661,-0.823117817,1.663102914,4.228926833,2.094087769,0.445760377,0.371238922,1.310083141,0.619733762,0.098552555,-6.664776531,-3.075033337,-0.917121109,2.116966269,2.362507558,-0.734615819,0.585231205,0.158554428,-0.639346215,0.211195427,-1.129531545,-0.441241324,0,Normal
2.015917399,0.611309136,1.223733579,-1.116915329,0.701354783,-0.341267299,0.157626532,0.559419336,-5.257061373,-1.197047506,-0.31665389,-0.912640139,1.511069264,-0.499664884,0.130438142,1.156355745,0.066505203,1.950031328,-1.049756262,0.222584567,1.61400678,1.187763597,1.875703243,-1.218640152,-1.100877482,2.718064551,-0.374949656,-0.875613052,-3.469153204,-1.361803995,0.278021984,-0.553502818,4.616359666,-0.157794715,-0.173635202,0.633123191,-0.937381858,-0.643062432,-0.44892851,-0.801995986,0,Normal
2.252648509,-0.309679806,0.701863325,1.298528607,-1.388674166,-0.258525538,-0.590429424,-0.579694711,-0.158754525,-0.670111234,-1.734539242,0.876886344,-4.453968377,-0.879848774,1.389752641,0.192724271,0.672881286,2.870846094,-0.779462899,-0.622967173,-1.123158365,3.524923122,-3.130547477,1.260804402,-2.332940521,2.498307418,-0.231823173,-0.177533062,-5.42189812,-2.100093153,0.798786691,2.166229974,-1.168479039,1.681870463,1.041072565,-0.393107877,0.06197718,0.098150794,0.372414687,-0.079027886,0,Normal
-2.374465423,-0.481740973,-0.193814034,-0.315929012,0.410265009,1.157954266,0.6304474,-1.474485193,0.148182023,-3.863840311,-0.532782748,-1.002450799,1.655007757,1.516715244,-0.344313443,0.631216874,-2.218174644,1.261411097,0.515396149,0.887402274,-0.32620599,2.213128972,-3.164400854,1.663167735,-1.41920224,1.70009459,-0.794437108,-0.795076757,1.785825219,2.364560386,1.150516398,-1.387541819,-0.036134652,1.040185724,-1.825892917,0.575622795,-0.022490669,0.615387048,-0.767605034,-1.158517751,0,Normal
-0.173696208,-0.30646328,-0.974181364,0.301548052,1.171308748,0.550846729,-0.157615671,-0.640469337,-2.217925466,-2.131289471,0.084803913,1.074767854,-0.169907617,-0.564590775,0.500449694,0.44468337,-0.204172323,-0.47083435,-1.479921353,-1.37797862,0.869235366,0.145290266,-0.368341291,-0.047875467,0.00219675,3.350334288,0.570400618,2.413423959,1.785252294,1.086945531,0.127665641,0.201334384,2.211284752,0.383983697,-3.29202606,-2.073917004,0.907362418,0.195304624,-1.210804706,-0.98912085,0,Normal
-0.763871611,-0.005266283,-0.596028465,0.233499423,2.255406888,1.272012159,0.773508074,-0.157634877,-2.600321102,-1.812759116,-0.659450613,-0.287701917,1.354308959,-1.212579193,0.464104268,0.219907538,0.808790833,1.218089495,0.605158442,-1.248680377,2.189480108,2.532903893,1.919654299,1.681544709,-0.268518218,1.917762217,-1.03459161,0.117709873,-3.943610803,0.291771676,-0.365239576,-2.064962527,1.976482162,0.078129714,0.502091791,-0.644844148,-0.313182106,0.962664765,-0.09834497,-0.965742594,0,Normal
0.591309934,-0.201796304,1.008226256,0.348733499,0.753745026,0.318416382,-0.376558232,-0.818316051,-4.446433,-3.836294539,-0.694404107,-0.754937565,-1.294454568,0.864911731,0.813077897,-0.254053931,-0.036234242,0.092351722,-1.007636856,-0.516739005,1.801375661,2.503156613,-1.374438386,0.478745632,-1.458200148,3.027310002,-0.005456496,-1.385227868,-4.594460111,-3.222907678,-2.013478522,2.704658215,3.461112233,1.378026337,0.814876941,0.521178156,-0.384566912,-0.676837366,1.189598534,-0.637766904,0,Normal
-1.084010854,-1.438278684,-0.635284298,0.943129864,0.557396147,-0.252342471,-0.465253983,-1.595530716,-1.697633139,-1.196698913,-2.239294457,-1.098960435,1.684631754,-1.471258703,-1.593285823,-1.288807592,-0.6443276,-0.799583399,0.324756881,-1.185785262,-1.297200231,1.908748881,3.088848066,1.285583557,0.245944772,0.73613532,-0.179258849,-0.535456318,-2.703811566,0.003586742,-1.309381996,-1.134983661,2.224539553,-0.050608188,-0.319339528,-0.39844889,-0.848496187,0.658477845,1.171922999,0.090644802,0,Normal
-3.034083177,-0.547919617,-0.032290465,1.62901293,1.057299389,0.516913529,1.044212742,-2.384359469,-1.02878284,-0.249427983,0.59184531,1.776000732,0.494866997,0.883280753,1.062873062,0.088314374,-0.992624637,1.296075716,1.614330643,-0.507050349,-0.293091692,0.3988017,-1.374948458,0.592305374,0.008833797,-1.052990507,-0.059965766,0.155661226,-2.448168772,-0.09480884,1.099280764,-1.243240967,1.800894914,-0.152660285,4.697758807,1.381527266,0.575494638,1.008769435,0.875811531,1.366411144,0,Normal
4.220349759,-0.041846904,0.334260833,-1.67240836,-1.219392378,0.586620166,-0.691905891,-0.609680717,0.874024697,2.713433744,0.055320654,1.726148218,-3.369815312,0.110337937,-0.557955574,-1.152722049,2.70040332,-0.048193227,0.24965915,1.745303523,-1.164813771,0.685737246,-5.753693768,-0.954933189,1.016372809,1.403232446,-0.179171116,-0.502030636,-0.347059025,-0.202292607,-1.734761008,1.060382701,-0.856716038,-1.66595698,0.234134587,0.937024459,-0.132728421,0.527502264,-0.192106327,1.489210542,0,Normal
-2.12364217,-0.658569206,0.437767991,-1.355728022,0.123183256,-0.179246302,-0.680347725,1.06968875,-3.374977227,-3.226307193,-0.129580897,-1.543931488,-0.026269515,-0.098673267,-0.366681243,-0.807500311,0.415646083,1.75872145,0.568553127,-0.558854582,1.559543447,3.880316953,1.090800207,0.528781066,-0.452785824,2.85505909,-0.356813254,-0.246757139,-6.909569188,-0.282030144,-0.732907497,-2.035981152,1.907301487,-0.690416562,2.560057974,1.188306559,0.43969808,1.379938029,-0.844101152,-1.570619836,0,Normal
-1.681313486,0.300237993,0.112628923,-1.171963474,-0.106709856,1.378225238,-0.306033702,-0.824517369,1.170257331,-1.575617845,-1.744111984,0.154058315,2.86587879,0.308190562,-0.63644015,1.153964032,0.843825847,0.846848533,-0.33369012,0.566998906,-2.265745978,2.364746383,0.024406917,1.853232861,-1.456162532,-2.410878929,0.679609702,-0.44663515,-1.85987463,-0.379105554,-0.303125123,-0.853986109,-0.563992173,0.025408637,1.707257603,0.448274224,-0.318211972,-0.772941497,1.705328972,-1.249103751,0,Normal
0.968212517,0.955536026,-1.859021216,-1.699385075,0.666461708,0.375860125,-2.32139448,2.263227529,-3.74721386,-3.496251829,-0.603036596,-1.220926491,-2.148269598,1.283334399,1.122286513,-0.404029978,0.440763256,0.778308229,1.005801578,0.107992547,-1.921848336,1.199811324,-0.166271036,0.792497091,-1.848252744,5.989144665,0.02846774,0.475074059,-1.393518152,0.58006778,-0.556023058,-0.229971571,0.719492272,-0.3485394,-2.868843086,-0.938325394,2.138303606,-1.400422764,0.241783453,1.496755962,0,Normal
0.130276774,-0.875464799,-0.857767008,-2.058282094,1.334402547,0.975126143,0.953737841,-1.004012382,-3.425704043,-3.006758939,0.676926225,-1.285267713,-0.085347349,-0.540828222,0.245552383,0.236528859,-0.080373008,1.229025841,-1.585859303,-1.113225616,0.653310946,1.345573119,-0.618092697,1.323439396,0.170532282,2.656167639,-0.533394471,-0.211353228,-1.019948797,-1.455749651,-0.138620298,2.032550782,3.794992596,0.871476956,-1.567140763,1.195648829,0.19526893,0.49848482,0.353879544,-0.820347383,0,Normal
0.896078143,0.374911668,-0.455857081,-0.517749762,-1.019351203,0.833411897,-1.321695464,-0.601125689,-6.166718802,-4.20272431,1.072918453,0.727565449,-5.620310128,0.375373834,-0.709545672,-0.341783822,0.262585957,0.081197455,1.160254435,0.580359767,-0.423986005,0.333366331,-6.008050539,-0.392041907,0.419456161,10.19893502,-0.351312399,-0.175105518,-3.792064274,2.966970765,-1.183596075,-4.540834175,-2.332446473,0.675240241,2.263839815,-0.341569525,-0.774324547,0.354348036,0.504836062,0.158432997,1,Intrusion
-4.379421852,1.403830617,0.196429512,0.354624179,0.972312538,-0.502144816,-0.835312859,-0.793440068,-0.804671272,-2.235314924,-0.504752628,-1.290904672,-0.717475509,0.560069623,-1.487424674,0.485322736,0.070752727,-0.628699969,0.093360419,0.173019777,-0.93263034,1.964424434,-1.201067106,1.033074965,1.455936543,1.722168519,-0.084533227,-0.269946386,-3.728360736,2.111698543,-0.279583823,-3.604748036,-0.785845956,-1.171516656,3.884512999,-1.020687637,-0.556799429,-0.372831803,1.516375535,-1.035605145,1,Intrusion
-0.252808242,-2.435137487,0.223961364,0.203880117,-2.789911442,0.512270106,-2.308673575,1.728603786,-5.554145699,-1.805097659,-0.134725268,-0.394125739,1.014276566,1.108692952,1.500912689,1.638238202,-0.034076419,0.063510618,-1.070707549,-0.172388135,1.134015314,-0.846597945,2.344988234,0.704951669,-0.800230058,3.409741613,-0.059963646,0.524014468,-2.626946879,0.478780056,1.291390452,-3.056626221,2.475476905,-0.361829046,1.566083105,-2.582819977,-0.256591325,-0.288888492,-0.712013217,0.172846491,0,Normal
2.877260007,-0.461682789,-0.918305898,1.997368406,-1.378162069,1.010926617,0.05493343,-1.071548465,-1.717764039,0.316890269,-0.477309214,-3.361525146,-2.776615175,-0.489166983,1.346248929,0.679289005,-0.202075406,1.004441739,0.429007361,-2.331174501,0.643979139,2.040158938,-1.339528514,-1.261805476,-0.260153072,1.76058185,-1.181310858,1.328597681,-4.084845183,-2.792585909,-0.351186028,2.761903976,1.872269246,0.021012738,0.363366487,-0.587572278,1.060569015,-0.235635559,0.771852779,1.395800859,0,Normal
-0.760172155,-1.544271528,-0.260019402,-0.067420752,0.910623892,-1.226895007,-1.087251383,-0.37420521,-2.944543425,-1.21408573,-0.600483226,0.239053946,-1.79839495,-1.979946311,0.038522169,0.795507249,-1.337786993,0.321827307,-3.231394767,1.194637153,0.264362215,-0.551876597,-3.371236786,-1.397407832,-0.487635241,4.096726544,0.5016051,0.541723078,-1.902468103,2.597635781,0.276604754,-4.416506167,-1.372960099,-0.063562662,3.449938717,-0.376592087,0.946547589,-0.439043245,-0.432460368,1.002003561,1,Intrusion
1.665300577,-1.257812124,-0.430722661,0.745921504,0.924537277,-0.583256741,0.773337615,-0.246475589,-1.592524422,-1.307038915,0.05160378,1.124425733,-0.315929826,-0.524954509,-1.312769518,0.205545704,0.946654171,1.554753991,0.146911651,-1.228932181,0.117446679,1.897705092,-1.752059683,0.095967946,-0.601864584,1.212710012,1.581833218,0.961643183,-1.790545406,-1.749604009,0.24979793,1.88127511,1.945677335,0.9870575,-0.549906532,0.184122735,0.181627954,0.936370674,0.286364406,-0.942283235,0,Normal
-2.479991101,0.869476173,-0.836595552,-0.339691959,0.524837737,0.652201478,-0.868563886,0.456140325,2.368876459,-0.29678541,-0.545223579,-0.569048659,2.977514118,0.339719706,0.12855664,-1.030625325,1.409518324,-1.761830559,-0.536851083,0.061368312,-0.693928461,2.664968048,2.672825103,-0.924652767,-0.875838968,-2.202492495,0.188127702,-0.590196698,-0.889978237,1.214777245,0.089289975,-1.586135193,-0.02546424,-0.098845855,-0.714174276,-0.067378168,-1.490823144,-1.784921019,-0.518097598,-0.185617599,0,Normal
3.937254731,1.309998788,0.146845527,-0.057983778,2.183473124,-1.001020365,0.317599279,-0.599550652,-2.543355109,-0.556926371,0.231745979,1.025926065,-4.17029829,0.714342835,0.917914443,0.303600874,0.687520561,0.580705078,-0.076527919,-0.227747476,1.204511788,0.809483741,-1.013706457,-0.587019785,0.605046486,5.507858159,-0.110953885,1.311131177,-1.20029197,-0.54574919,1.546671745,1.761456007,0.576547148,0.419807921,-3.600432484,0.692620749,-1.09088137,0.74917443,-0.813434781,-0.324698371,0,Normal
-2.659515116,0.866129018,-1.144779966,1.536744787,0.646193264,-0.297171026,0.336124612,1.185808307,-0.482064155,-1.262870136,-0.58771026,0.656642014,1.899373186,0.643350119,-1.078287374,-0.897168895,-0.458893614,0.265375717,-0.229843512,-0.356421789,0.486166826,-0.012726107,0.773020118,1.527518209,1.388316641,-0.469526877,-0.877352389,-0.95958095,-0.528828928,1.317448795,0.104756779,-2.646808131,-0.316632217,0.544934078,1.96561952,-1.407368886,-1.197069735,-0.875799738,-0.413182968,-0.949028995,0,Normal
-4.156663922,-0.26821893,-0.056948291,-1.343923972,-1.165520837,0.852748988,-2.129312519,0.856305086,-1.150309416,-2.900885238,-0.190865583,-0.755077552,-0.564950791,-2.50903507,-0.159692903,-0.622662917,0.371760844,-1.991247539,0.207597057,0.237371659,0.387366256,4.443209044,-0.495404949,0.540673983,1.451987438,0.615956751,-0.263199895,1.18295131,-7.245895123,-0.70550247,1.783778381,-1.121137455,1.18230545,-0.299928343,4.651967014,0.397536718,0.250265015,-0.333660899,-0.712130415,0.210210215,0,Normal
1.157518714,1.264089646,0.284770792,-0.491252596,-1.212009744,0.506132216,-1.492756198,-0.918506436,-9.489900726,-4.347821755,-0.289149178,-0.029885712,-3.394889433,-1.574306935,0.581151956,2.097065813,-1.010219941,1.061918396,0.141080999,0.269997225,0.670974217,0.284623657,2.013855528,-0.721442054,-0.335315477,9.64287815,0.712724778,0.655598925,-7.036628587,0.186861216,0.161647325,-3.471860211,1.770084169,1.091599235,1.499108372,-1.293336558,0.675996715,-0.123392044,1.161391992,0.024112625,1,Intrusion
1.046789323,0.048062915,0.810100974,-0.00949441,0.165136933,-0.403677269,1.26929097,0.639123115,-1.795293816,-1.085782001,0.242531098,1.190205542,-1.484638247,0.872543254,1.578919148,-0.116548586,-0.367239382,-0.409701025,0.258059929,0.002048424,0.569936212,2.390341022,-0.749032248,-0.085830198,-0.23874427,2.074466652,0.562988276,-1.159842741,-2.939955651,-1.611836742,0.313559145,1.95346452,2.492351702,1.041132096,-0.723199663,-1.179896862,0.572469224,-0.332305283,1.198139205,0.566218514,0,Normal
-0.584550846,0.854353561,-0.232054477,-0.335178924,-0.193187548,2.211360061,0.315987916,0.700492887,5.615976153,0.005935035,-1.726582841,0.202795174,6.378772527,1.713419048,0.191872352,0.311021678,1.634545114,0.393981721,-0.176061628,0.193345865,1.113585576,2.028587531,3.554941881,1.435410522,-2.954718795,-4.57762324,-0.269008441,0.212738862,4.06821813,2.390670011,-1.1519846,-1.929046209,-3.03791225,-1.088019505,-4.836958901,-1.644848609,-0.499345024,-0.154541464,-0.200587252,-1.232428477,0,Normal
4.584274418,-0.173670498,0.02081942,-0.921677932,-0.709207709,1.34738141,0.084851635,-1.120263109,-2.560399895,0.469584606,-1.690110116,-0.316839694,-3.472200208,-1.773578409,-0.312456229,1.065910399,-0.414616206,-0.733192825,-0.794857499,0.521601186,0.797072972,0.010045399,0.167266428,0.56823994,0.560665228,3.397604445,-1.364014329,0.908237757,-1.154704305,-2.56429144,1.729394419,3.720781493,1.961041294,1.003175182,-3.070851458,0.731440373,-0.549411959,-0.460791309,-0.145589336,0.227562266,0,Normal
3.533692597,1.425810243,-0.964925788,0.752779884,-0.278638741,0.987381962,0.743151208,-0.153821957,-3.307058657,0.285559504,1.206331053,0.299985422,-1.981341926,0.497322551,0.770225515,-0.834649703,0.345764983,0.018055462,0.719150898,0.202053575,-0.102760462,2.251367229,-0.257538896,0.470454203,0.816442676,0.42971594,0.100351183,-0.547195416,-5.752846258,-5.730473039,0.426462276,5.25643383,4.928752119,1.331933559,1.286614689,1.589258813,-0.061907201,0.575607059,-0.820782337,-1.76071774,0,Normal
1.277670429,1.061764821,1.047685202,-0.447780163,1.447203176,0.227370893,0.862603703,0.607322437,-1.581870786,-2.080301047,-0.68846316,0.603951724,-1.070218631,-0.634567378,1.190399653,-0.401960457,0.707766457,1.32973179,-1.692146959,-0.689355652,0.380456997,1.130861708,-2.231048831,1.201702677,-0.081531145,2.861542432,-1.904762374,0.472616857,0.243022623,-0.278731029,0.576987115,1.330077047,1.023670163,1.603636406,-2.238870151,0.5371004,-0.104761589,0.288337189,1.203010769,-0.323938757,0,Normal
0.086586182,-0.576838471,1.900175238,2.502804353,0.579154641,1.733511517,1.003393385,-0.488626691,-3.490797549,-1.649632769,0.702469414,0.228132005,-2.411370945,-1.102782305,0.355671254,-0.913039164,0.518713412,0.02472584,1.698337207,-0.244060464,2.512691363,2.877003538,2.573611848,0.192207793,0.080070967,5.785796799,2.704645687,0.355971835,-6.073679156,1.342155465,-1.46385407,-3.077293338,0.329501471,-1.314471415,-0.24933424,2.297890931,-2.265722248,-1.007142016,-2.09639843,-1.839933343,0,Normal
-4.720569297,-0.505979578,1.962460778,0.862576903,1.455411511,-0.295397692,0.334793334,0.066040487,3.469255796,0.632322086,1.331910188,-0.803386915,1.670920819,-0.742511208,0.020208294,-0.378740142,-0.025679811,1.487035996,0.392024448,-0.938024783,-0.023436475,1.22563033,-1.558695796,-1.59203009,0.763932508,-3.995869321,-0.135223522,-0.880690731,-0.347735879,1.383295136,0.943464804,-1.69734805,-0.732477063,-2.968165683,3.890185041,-0.123809974,-1.440471455,-0.14266385,0.331796854,0.568043051,0,Normal
-0.55356183,-0.037447189,-0.249759515,-0.479822672,0.477172641,-0.308550836,-0.149946552,-0.518247976,-1.70478228,-3.123489282,-0.007068886,0.02431561,3.278678946,-2.806725536,0.349606065,0.893239166,0.14968285,-2.644223913,-0.219045775,-0.30732496,0.75140678,-0.172118724,2.069655212,-1.02448808,-0.472924172,0.88413292,1.123410434,-0.598755224,-0.182191672,1.349537153,-0.287804916,-3.610953317,-2.199260781,0.722861697,0.075188662,0.113630284,-0.240126828,1.512228061,-1.372359012,-0.927067378,0,Normal
-5.20324473,-0.127527462,-1.383542389,-1.42988008,-0.024921137,-1.241153589,-0.480765624,0.709613386,5.780512947,-1.18627245,-2.114522787,0.116232406,-2.05839389,-0.782244882,0.185717601,-2.778295708,1.157902474,1.269590799,-0.228266603,-0.132258937,-0.286547742,4.223257672,1.146076355,-0.943940918,-1.696218393,-1.75200903,-0.037822696,-1.015265375,-2.546076718,1.052718677,-0.202629538,0.542683093,-3.67987061,-1.043546558,-0.042382176,-0.040626459,-0.734750327,-1.476699036,1.408526841,0.235855156,1,Intrusion
-0.542528151,-0.312612364,0.985509225,0.619588392,1.091264502,-0.330545232,-0.968041542,-0.582689752,2.380095242,3.248799684,0.148214245,-0.165777171,0.049995568,1.156318864,0.079712935,-0.75808883,-0.141292994,-0.327221827,0.245073309,0.303152688,-1.576780765,2.098402316,-0.272186238,-0.37224518,1.844851,-1.738717281,-0.423804908,1.126674171,-1.785968999,0.963103244,1.001976648,-1.028292711,1.060189913,-0.52303085,1.126493313,0.598884922,-1.421184874,0.335822021,0.425185434,0.782465153,1,Intrusion
0.904909649,0.001121698,-2.404597569,0.428274592,-1.421488535,0.521699905,2.291275834,2.619743131,-0.583929625,-0.532771032,0.308844772,0.360837042,3.95195174,1.109828546,0.971212089,-0.409436429,-2.563320545,-1.117055623,-0.036097577,-1.774184287,-0.17913368,0.833891627,2.478866883,-0.449794286,0.150684443,-1.275017148,-1.036979918,1.485786702,-0.085176055,-0.195330468,0.375835251,-1.096974035,0.95867333,-0.204111666,-1.144749596,-1.579247994,1.960588184,0.84175058,1.902897267,1.101992466,0,Normal
1.601630376,-0.539830381,1.941836383,1.815602809,-0.885415979,0.408333746,0.764277046,0.93536239,-9.230257706,-4.708363309,0.557913599,-2.260328973,-1.808191007,-0.625571319,-0.48718359,-1.589825305,-0.287636915,0.112377461,1.193334676,1.14686555,-2.081214359,0.40513734,2.249804633,-0.255724233,1.546135675,8.408593903,1.16167215,1.293478596,-6.434592955,-0.463307357,-0.65541059,-2.969950871,1.927833812,-0.720203724,1.115048564,1.397040792,-1.144490528,-0.404367521,0.148345419,0.393686462,1,Intrusion
-1.879022011,-0.299999507,-0.644274307,-1.395177775,-1.27924836,0.031967517,0.119408541,0.914995175,0.877075177,-0.577655207,1.273582767,0.327869572,2.777366341,2.145928535,-0.839229125,1.486435701,-1.072694517,-2.690863279,1.156539587,-0.272849879,2.198882849,2.270998418,3.82824162,0.404820192,-0.333901015,-0.970977832,-0.928759047,-0.379449811,-1.32982618,1.052685351,-0.591679473,-1.743873064,0.655568992,-0.620845846,-1.243201687,0.808456166,-0.625487077,1.026419133,-1.623491588,-0.433455312,0,Normal
-3.283153969,-0.53179324,-0.399388194,2.090805058,0.955703714,-0.817242467,0.280917093,-1.153066345,4.96510482,3.70939957,-0.448833563,0.887848267,1.749017557,-0.102692165,-1.441586151,0.592609678,-0.060498965,-1.090034699,-1.29093626,-0.061268686,-0.871788537,3.189274044,-1.076683421,-1.28087762,0.343286307,-3.858241721,-0.586324721,-1.663616614,0.883009673,2.32669798,0.547121367,-0.54995809,2.961442075,-1.974223457,-0.304017306,1.545708664,-1.157462607,-0.196643446,1.266611367,-0.32636402,0,Normal
1.756427758,0.082959654,0.331525295,-0.016643742,0.943583698,-0.762265123,-0.324741181,-1.635457208,-1.182121135,-1.682994023,1.096124546,-0.749220026,-0.573075575,1.780935474,1.12753101,2.129712076,0.047479912,1.236639597,-0.823104631,-2.243583791,-0.200380414,0.089234055,-5.241436229,-0.788726446,1.490230612,3.71567974,0.823848574,-0.002052117,2.965776447,2.252500569,-1.247773816,-1.128777449,-0.476293051,0.710853815,-2.377419139,0.598212878,-0.02433604,0.599129132,-0.121367141,-1.1052994,0,Normal
-0.807070496,-0.261352036,1.030628684,-0.435464709,-0.603810603,-0.359007761,-1.498530727,-1.578046538,-2.830820013,0.1169084,0.089106282,-1.432673405,1.002070215,0.467038789,-0.715405583,-0.098659526,-1.163574532,-2.68681205,-0.062651616,-1.930899269,-0.034419555,-0.747168217,-0.758447198,-0.369706965,0.925540897,0.301766118,0.605148356,-0.962528458,-1.042739206,-0.113192236,0.167784795,-1.168184208,3.137317776,-1.679696761,2.745721915,-0.460809295,1.702856342,1.598246649,0.210730318,1.729756473,0,Normal
0.276120772,-1.507103709,-0.0338459,1.948058315,0.898050703,-0.905733074,-0.11303553,0.232662419,-1.083619724,1.886975394,-1.040937717,-1.466018174,0.565421899,1.088197307,0.528589042,0.478534703,-0.739688845,-1.047178842,-0.851936722,0.255529524,1.15736605,3.182373498,1.561039831,0.907790298,1.033737919,1.862208511,0.911385435,-0.755817536,-3.713677372,1.815685213,-0.513776669,-2.911216662,3.177221586,-0.63688795,-0.391803582,-1.416809734,-0.208143213,-0.536053613,0.048683394,1.112654059,1,Intrusion
0.479507589,-0.306841291,0.588967774,-0.626878919,0.433316566,0.976265116,-1.620798323,0.73896143,-0.73536661,-2.129239258,-0.466519108,0.091849411,0.813396831,-0.623329777,-1.645053378,-0.111098741,0.328243328,-1.821158312,0.316014375,-1.792145765,0.819590921,-0.37108987,-2.475885478,1.170821279,-1.061996452,2.989910619,-0.339585231,-0.319523771,4.775186862,2.579028272,-0.54725757,-0.714421638,0.349758736,-0.61372165,-4.49505333,-0.43365521,-1.194710614,-2.410242873,-1.129842635,0.634278364,0,Normal
1.812868147,-0.319645081,1.497774406,0.05737918,-0.515510493,1.003009019,-0.198496594,1.181309657,-3.074633967,-3.101836707,-0.095766751,-1.006337804,-2.862932992,0.412402335,0.144780834,-0.015986213,-0.407223977,-0.727136704,1.812207432,-0.379501423,1.300783011,1.652724308,1.099683371,0.458750065,0.616134964,4.983858239,0.546491575,0.370208248,-2.126671666,-1.422819159,-1.218008952,2.395820492,1.117843514,-2.078399509,-3.684849932,-1.519964066,1.251929626,-1.383279317,0.233178947,-1.826225668,0,Normal
0.077016169,-1.31590377,1.500427388,-1.016526289,0.124337837,-0.56111756,-1.152736611,1.081439296,-1.81943639,-1.541608823,1.289268308,-0.627199581,-1.79771354,-2.144601562,1.305096453,-2.724255765,-0.187610392,0.103219312,-1.114946715,0.427215167,0.778728284,4.168385431,-0.198314763,-1.174124431,1.607504635,1.768557677,-1.387082941,0.344226767,-6.50831426,-2.296370558,0.992271012,1.510056087,2.249167651,-0.63279142,1.42539814,1.34133383,0.380415543,0.802648742,0.248658506,0.153371387,0,Normal
2.213471046,0.807395066,-0.346084687,0.793769135,-0.988904062,1.343234318,-1.078560599,-1.223251681,-7.158469935,-4.041741146,-0.792881226,1.834258958,-2.424909862,-1.221010527,0.437663752,-1.63310256,-0.556855131,1.563325879,-1.369156443,-0.588512413,-0.257607863,0.758971845,-0.004776243,-0.113019906,-0.967836621,5.774946639,0.303345541,-0.772623056,-7.314337403,-2.326460558,-0.885618311,-1.210853403,0.047336793,0.043113115,3.463919125,1.948127012,-0.723946772,-0.301703429,-0.766888171,0.953008873,1,Intrusion
1.458459439,0.603760144,-0.675915874,0.008752268,-0.011463859,-0.329448053,1.294914814,0.862794548,-1.26847427,-1.954998211,-0.881535325,-1.966328156,0.367796697,-0.78863222,-2.177429941,-0.423931476,-0.182474785,0.141444031,1.348350455,-0.403579958,-1.270419633,0.639027694,-1.927685995,0.318358561,-1.315275339,1.955084074,-0.885871442,-1.754993274,1.817952131,-0.128200152,-1.78447846,1.340886199,1.339342493,-1.411666817,-3.039826375,0.213421261,0.250223833,-0.274160566,0.487481961,0.362775839,0,Normal
0.600960219,-1.348600291,0.766497767,0.409524228,-0.682555852,-0.998409801,-0.545103225,-2.362141757,-3.514938991,0.144318636,0.711167637,-0.35822922,1.446806814,-0.695628388,-0.022839822,-0.368975333,-0.583268888,0.2431662,2.049085981,0.886134412,-0.280200659,-0.195343717,0.905529999,0.109652754,-0.545886693,-0.061582772,0.562542293,0.466970209,-2.087848319,-1.875660598,-0.416742321,0.462944344,4.416315008,-0.896603695,1.801714486,0.437411101,-1.915895292,-1.329237688,-1.312632022,0.147189926,0,Normal
2.725268099,-0.510742176,1.25680493,0.025882239,0.133125598,-0.338934402,0.477921749,1.699007443,-8.61644577,-2.213483945,-0.142187042,-0.176024015,-1.662698334,1.107012777,-0.199870065,0.103568095,-0.967441603,0.509184682,0.60708103,-0.952602866,0.458880911,1.277501746,1.709252004,0.482156941,-0.198664615,7.089207735,-0.832361252,1.779014411,-7.435813749,-1.117936239,-0.85423601,-2.330967124,3.890475844,-0.923129268,1.728587206,0.322874102,-0.930053517,-2.476723679,-0.012869003,1.032485865,1,Intrusion
-1.061619009,0.818530446,1.40608362,-1.298966789,0.667297931,-0.538092939,0.986392142,1.39823513,-2.679048132,-1.474535721,-0.401185052,-2.448395094,-0.202119127,-1.303643734,1.372523877,-1.615872524,0.510208327,-0.679534644,0.564010691,-0.762088047,0.002144901,-1.479883783,-0.91269104,-0.735249033,0.183557941,2.822155661,-0.389281848,1.657766558,-0.515896402,2.243629689,0.626017878,-4.043067616,-1.395437818,-0.796639114,2.353225614,1.711259152,-0.467605933,0.899089295,0.33905143,0.191905147,1,Intrusion
-0.233154701,0.054076796,-1.237868036,1.342857922,0.321705742,-0.051556585,0.841264491,0.947451555,-5.201584252,-0.81104386,1.182717887,-0.196873595,-1.057331385,-1.19828283,-0.734318568,1.088468733,0.661077241,-0.828582833,-1.369652826,0.056555733,0.420390407,1.701327672,3.788362014,-1.881215168,0.050235279,5.612458073,-0.591749425,-0.734330055,-5.284202011,1.454601185,-0.161340322,-3.486903618,3.365260451,-1.432519043,-0.124901392,-0.501086106,0.136437037,0.06338838,-0.808539032,-0.294411071,1,Intrusion
-0.589476044,-0.679286359,-0.494285612,0.391999226,-1.586501434,1.184320711,0.579132034,-1.339850708,1.225637304,-0.437518901,-0.263961334,1.028161441,3.512999939,-0.346161126,0.81573604,2.949301122,-0.647013252,2.397880726,0.401020882,0.158723437,0.74732556,2.334048118,1.989422881,-0.639601077,1.131997026,-1.980295495,0.749351269,-0.435596081,-0.554145996,0.227979815,-0.227979072,-0.781506842,0.766046287,1.682002737,-1.176349388,0.92662256,0.452172668,1.05726997,-0.450683358,-1.115718865,0,Normal
-3.837660375,-0.29785442,-1.017846682,-2.463388138,0.609063247,-0.458782891,0.347114929,0.776940116,0.857429265,-3.074710715,-0.188024301,0.308477185,-3.145246717,0.827432954,-1.034308762,-0.580369612,-1.033328972,-0.601142345,-1.736321955,0.545056451,0.463752319,2.422258451,1.271364444,0.665932992,-0.564543595,2.534183341,-0.735618156,0.782414866,-2.767041033,0.931675029,-0.369843299,-0.032920446,-2.076823919,-0.016643255,-0.483188416,0.943080586,-0.132009635,-1.307821803,-0.863489816,-1.159404937,1,Intrusion
1.413628655,0.920756873,1.098293772,-0.344137033,0.163849619,-2.064678,1.632422104,1.736961161,-2.280981098,-1.461629607,1.145260301,-0.040669489,-1.139532966,-1.562549831,0.042991956,0.920024858,-1.243298931,1.33232336,0.559579181,0.51772956,0.564755649,-0.538418472,-3.217250524,-1.470035944,0.792910796,3.153932452,-0.024113701,-1.233430303,-0.371684203,0.953946586,2.118327363,-1.857216665,-1.445188749,-0.139449284,1.029989359,0.547647656,1.417709553,0.497434419,-0.653763043,-0.96165232,1,Intrusion
4.295973412,-0.030074277,0.474316356,2.102327096,-1.123347422,0.94249337,-1.69762836,0.070081269,-10.1860313,-3.134255657,-0.642776476,-1.691480114,-2.151501004,-0.554445776,0.382936991,0.50526943,0.941320588,-2.33695279,-1.501547268,1.482597578,-1.144256135,-0.748922444,5.924208921,-0.47139062,-0.885995609,6.318307795,0.551442796,-0.314459357,-8.138196047,-4.871997337,0.022293794,1.029645105,3.600603271,0.857113422,1.227384653,-0.173955654,-0.114704638,-0.354034052,-2.511609174,-0.470308672,1,Intrusion
0.91804817,-0.099957061,0.56928535,0.979038209,0.279517533,-0.051806663,-0.06803936,0.168491964,-3.539960767,-1.021175839,1.101745031,-1.555921774,0.740564596,0.216658986,0.385278905,0.422707376,-2.152949266,-1.201954301,-2.026618752,-0.179818094,1.288490759,2.687579074,2.960624588,0.89847837,-0.917927504,3.465954435,0.691442624,1.543900221,-4.501250238,0.479894559,-2.076764217,-2.327695867,2.621756642,0.129193258,-0.904119706,1.572638179,-0.918159118,0.837776819,0.187082089,-0.456656327,1,Intrusion
-0.748356335,-0.940559103,1.605648399,0.547114362,-0.975004529,-0.444205621,-0.761261738,0.360793817,-2.31824183,-0.911036995,1.001829804,-0.590400671,-1.95453588,-0.320351842,-0.204452404,-0.218684588,-0.057396312,-0.441502413,-0.751325961,0.872122733,0.481935954,-0.430549854,-2.153754949,0.335407654,-1.348477749,3.435391024,-0.030346686,1.389077838,-1.608610731,1.845092381,-1.006630067,-2.956012297,-0.822274382,1.1200155,2.342166807,-0.497053656,0.051826568,-1.565731312,-0.048098148,-0.531557132,1,Intrusion
3.077135687,0.47952436,0.018622865,-1.394929132,-1.212016815,-1.066969593,0.300282791,-1.886637032,-1.232093424,0.851051859,0.272238369,3.186985457,-1.592669103,0.573370915,-1.817617471,-0.094820049,-2.497059131,1.75180824,-0.27891553,0.97491941,0.655590347,1.70289566,-3.92773268,-0.875203285,-1.899649144,0.487739172,-0.476720024,0.433795669,-2.087802824,-2.717134725,-0.493711535,3.227908391,3.015717231,-1.369823308,0.610793628,1.663241497,-1.103495344,1.109941971,0.729861781,-0.431694067,0,Normal
2.302457075,0.313832538,0.783950961,0.537215598,-0.373870823,-1.248805803,-1.741069815,-0.452111779,-0.721690478,-1.102587663,-0.620979587,-0.634133775,-3.141031086,1.048045245,0.881664959,1.215825412,-0.519145312,1.319939236,1.336198175,-0.522153145,0.82230474,2.486082712,-1.588238389,-0.05298569,0.137879277,3.13155738,-0.582527246,-0.043031829,-2.329590714,-1.249931675,0.431128322,2.351336921,0.205038761,-1.354631472,-2.167900224,0.46194078,-1.773450391,0.969980629,-0.955529951,-1.36595547,0,Normal
0.435017081,-2.14794188,-2.230476813,-0.893052712,1.178490963,1.143901352,-1.253011687,0.37909697,-7.565261546,-2.742468739,1.132217692,0.457505909,-0.349178356,0.237776043,-0.445874595,0.172602496,0.253109953,0.05077408,-0.296774997,0.339997923,-0.452012907,0.437835901,5.631448196,0.695335373,-1.447391556,5.445916403,0.067264478,0.303718466,-6.113174115,-1.043351479,-0.433761905,-2.016219976,3.653104932,1.868555792,0.602128929,2.328659106,-1.163641168,-0.837892179,1.352283983,-0.989750223,1,Intrusion
1.406420244,-1.043946009,-0.703281201,-0.705325983,-0.392527384,1.656343011,-0.233229748,-0.957199938,-1.815603864,-0.982257104,-0.399122765,1.049343197,0.213878978,-0.424340358,1.696405287,0.706994208,0.90937504,0.329396539,-0.158049704,-0.272773034,-0.597449036,0.063850073,-4.158453196,0.533299617,0.161369058,2.001816709,0.917491361,-0.919433249,1.86963498,0.47414536,1.650596168,0.31029501,2.03315699,-0.520391973,-1.100475764,0.070607911,-0.411868964,-0.73663451,1.504424127,0.894940905,0,Normal
0.23914452,-0.115642012,0.086797023,0.087489363,-0.149636831,-0.991142696,-0.83315857,-0.862690743,-3.956843336,-4.855580349,0.988977463,-2.05511981,3.122069058,-0.429018019,-1.230225468,0.497295134,1.776192739,0.271967774,1.709918245,0.957407542,-0.301674098,-0.05022202,1.572649497,0.229854111,-1.301965492,0.306018776,0.025084983,-2.214121,-3.443343769,-2.11022437,-0.590841272,-1.684023152,-1.721710861,0.395471331,3.201076796,1.832039246,-1.872697647,0.08715182,-1.087727362,0.400882932,0,Normal
0.560094254,0.591622574,-0.172256695,-0.989295157,1.937160326,1.473293921,0.230754054,1.602473587,0.20993996,-0.49610458,0.656979241,-0.856382662,0.105148164,-0.13740948,-0.500489347,0.395986931,1.218286448,1.414737112,-0.516763375,1.073435456,-0.176423449,1.185941493,-4.752951557,1.479881933,0.971780667,0.460589027,1.192929673,-0.403970021,0.516805607,0.594995875,-0.856297875,-0.233701843,0.210020113,-0.915988201,0.577155686,-0.138806108,1.022429317,0.870420364,-1.484951524,2.536484531,0,Normal
-0.761069738,-1.250354647,1.819927741,0.115782227,0.766307207,0.502808757,1.70855897,-1.072390278,-1.194477964,-1.09068074,-0.179586946,-0.632179,1.731209646,-0.468006725,0.871450452,0.469996965,-0.757578778,-1.014851565,0.522439954,0.622645389,-0.426886553,3.398307849,2.12050056,-1.587891399,-3.970814594,-0.570786411,0.568455267,0.256964064,-4.744126791,-1.559931348,-0.538197344,0.078677055,2.653141193,-0.794287035,1.105550051,0.021015411,0.774314046,-0.621438188,0.256180519,0.75138238,0,Normal
1.437583743,0.130458522,-0.705774651,1.780952611,0.410630726,-0.666886044,-0.755520746,-0.353998491,0.349003231,-0.276093392,-0.026835935,-0.39556076,-1.353892022,1.372751884,-1.625931202,-1.307838029,0.891959075,0.658063368,1.238211064,0.583849773,-0.205908972,1.360558384,-4.297515782,2.440885436,0.621164833,1.659361465,-1.890887982,0.920628393,0.312039766,0.631562144,0.089438473,0.263154507,-0.406340243,-2.106043505,-0.733710636,-0.462997446,0.880529984,-0.389690045,-0.313573177,0.75028232,0,Normal
-4.049494458,-0.695018418,0.128531706,0.785558298,-0.403179709,-2.043857872,0.994993476,-1.043855433,4.036158536,0.95698232,-1.215652132,0.273090583,2.240957186,0.10436323,-0.537236945,0.870353745,-1.265127397,-0.59484081,-1.155754056,-0.421145138,-0.614490657,1.800543376,-0.330945785,-0.120930266,-3.112006951,-2.97154398,-1.223157178,-0.316255896,1.116463,2.857106352,-0.127124821,-2.375806972,-0.572892969,0.314551329,0.65037943,2.557343508,-0.565337318,-2.501820065,-1.746790353,0.246993348,0,Normal
-1.110787829,0.284528143,0.803937896,1.486252932,0.028623018,0.309353045,-0.052433538,0.916688781,-3.179784712,-1.070324672,2.246375627,-0.576249538,0.710695352,-1.026585325,-0.316707119,-1.106595218,0.136776222,0.070047227,0.421309545,-1.512889515,1.914984027,2.236081398,3.202700111,1.32730314,-0.737319419,2.329097148,0.788370911,-0.737548501,-3.962950224,0.109643946,-1.233221592,-1.337366309,3.838364624,-0.32415529,-0.163007403,-0.492144754,-0.653092053,-1.760388479,-0.55534546,-0.464564753,0,Normal
-1.255808704,0.768693736,0.260060614,2.838343189,0.30998051,0.482567029,-0.014969909,-0.621728852,-2.070596942,-2.146955532,0.32412386,-0.456438833,1.931160262,-0.853541483,0.311219525,-0.155773388,0.821173433,0.306378911,-0.578341932,-1.567465312,-0.479594371,1.75271108,3.399599072,-0.214287926,-0.903399946,1.33366996,0.906826756,-0.133931669,-2.986310013,0.496633168,-0.293628043,-2.288379743,0.851575474,0.989154768,-0.01071664,-0.160590595,-0.679436588,0.830520812,-0.079644553,-0.016936362,0,Normal
-1.854920118,0.15909367,0.750748811,0.777568482,-0.336429918,0.137909349,1.077510676,1.174183572,1.861556228,-1.825427758,0.249805972,1.223122913,3.594104087,-1.820549612,-0.76078559,-1.158850465,-0.298771913,0.670854731,0.817058049,-0.656607216,1.178580269,3.343040641,3.868433922,-0.998742493,-0.4490715,-1.188587011,-0.962667797,0.126797185,-1.46118433,1.334729472,-2.010108231,-2.227566438,-1.240636498,0.429449903,-1.928770146,-1.094571597,0.716603338,1.817672536,-0.968890378,-1.358991044,0,Normal
-1.368814501,0.863591473,-1.813372465,0.936319555,1.027479451,-0.040766987,-0.594073051,-0.052350336,-1.291109042,-1.655421654,1.550335544,0.535659346,1.741733622,0.120714418,1.233920405,-0.433031241,-0.269085362,1.058958768,0.19958987,-2.058615602,0.655148435,2.184784628,1.459924025,-1.635968033,0.243627547,1.067371985,1.268542689,-0.849054007,-2.529376194,0.978256062,0.338013516,-2.345896977,0.940840265,0.030685444,0.306360612,1.019786348,-0.093500999,0.793218147,0.518078606,1.844282959,0,Normal
3.663598928,-0.797500889,0.831001532,0.365143343,-1.352268694,1.072909458,-1.380761258,-1.71619239,-7.849217101,-1.367889678,-0.232874633,1.342117897,-3.403368625,0.338168739,-0.423503122,0.262740818,1.113432097,-0.209380969,-0.825636604,-1.691316972,2.739284783,-0.424463792,1.795388466,-0.196906787,-3.082047246,5.598087415,-0.431843292,-0.21573552,-7.353104734,-3.308786859,3.838788007,0.125264799,2.372219907,0.410662182,2.933837263,-1.93611963,-0.725891895,0.174133027,-1.734596135,1.840505165,1,Intrusion
0.680672241,-1.200813758,1.427510137,-1.010216146,-1.123170073,-0.716886931,-0.444142227,-0.262308211,-4.100003212,-3.240938152,-1.48262692,-0.311497598,0.408525326,0.637784318,-2.612779631,2.233760262,0.803407169,0.931982394,0.674533002,-0.531119716,0.063130968,0.559888469,-1.999732066,-0.401313312,1.897812737,2.418999093,-2.903884556,0.435017751,-0.854857608,-1.667137375,-0.679657319,1.484447418,3.255242269,-1.54753192,-0.114674573,0.62296637,-0.957043621,1.098321901,0.576594514,-0.557295468,0,Normal
1.365159073,-0.014171018,-0.768728621,1.20507576,-0.589362937,0.956746933,-0.636411183,2.215431272,-3.16142309,-1.996187434,-0.684677609,1.734922444,-2.173987003,-0.834412984,-1.177839054,0.742144897,-2.045563844,-0.572731915,0.978864322,-1.438101623,1.060140171,2.437988042,-0.042502013,-0.229761775,-1.39648756,2.687551529,0.47425009,-0.477694403,-4.5494762,-3.03101743,0.397365351,2.941804692,2.903945235,1.097741621,-0.148695142,-1.09357742,0.307913347,0.543908502,-0.410843575,1.29395138,0,Normal
3.248067992,0.694107012,2.274352409,0.074651312,1.102120437,0.756385635,-2.899209869,2.19689397,-5.660964272,-5.33058166,-0.949111743,0.68296155,-1.178433827,0.064675484,-2.372318236,-1.767869878,-2.519257201,-0.006776641,1.295207271,0.308681815,0.146846048,1.045434469,-0.757806341,2.223400688,0.346075255,3.262014501,2.256296973,0.356797876,-6.740703467,-4.528777149,0.990800747,1.051927732,-1.88338134,-0.239369362,3.454595952,-0.691273319,1.42566596,0.019862147,-0.647413248,1.446669747,1,Intrusion
1.057274902,-0.877813464,-0.741806312,-0.148233429,-0.942730463,1.966850359,2.231668207,-0.861553328,-3.342328417,-1.846025783,1.89053328,1.538829924,-0.948201379,0.460602845,-0.404783792,-0.136939419,-1.40741065,-0.696856085,-1.66885124,1.104739305,-0.211986657,2.538558256,0.843482501,-0.034390816,0.815653008,1.304642597,-0.979642445,-0.912460688,-5.610306229,-3.759588534,1.022770879,2.706320124,3.306803168,-0.650648264,1.280053378,0.612211718,-0.338510768,0.622105963,0.36936517,-0.557923489,0,Normal
1.298946357,-1.06191297,-0.093356798,0.230684409,0.602698566,0.12134409,1.406453116,-0.371923981,-5.327590533,-4.0385647,-0.109292017,-0.626307165,-3.181596487,1.317790071,0.29221103,-1.332940898,0.705827813,-0.429231831,-0.740171498,-0.802821536,0.937689979,-0.368107425,0.624784451,-0.752002092,1.623344791,7.444594484,-0.382532555,-0.500941455,0.040083105,0.07161821,-0.64310997,1.17573871,1.942495323,0.493116477,-4.399827623,0.738430175,0.203316211,1.081649366,-0.061493745,1.595683924,0,Normal
-2.082295836,-0.348736751,0.421442023,0.794575176,2.373932669,-0.00144601,-0.197078371,-0.567877773,-1.415813551,-1.185234329,-0.77493497,-0.708722627,0.808454068,-0.533732796,-0.410081669,-0.459875142,-0.835191968,-2.087392314,0.174929763,-0.456236396,-0.169405324,3.343333081,2.519918059,-1.395117413,-0.681767544,0.782034556,1.872331509,-0.063660826,-4.730514785,-0.199377153,-1.649280452,-0.98487046,2.749329794,-1.25236316,0.86146994,-1.268327053,-1.054856568,0.645737434,0.567657923,-0.761956411,0,Normal
-3.494545385,-2.830167744,1.908203274,-1.884962216,0.226607506,-0.329948451,1.965713949,-0.490846678,3.927014601,-1.103317998,0.27375288,-0.011231876,3.059639775,-1.393597264,-1.489830573,-0.341099357,0.241395184,1.600060223,1.305465454,-0.094547964,-0.420628067,2.920671083,0.454897197,0.63996751,-0.43621406,-2.764677205,1.251670629,0.114853876,-0.197657336,2.212646227,-0.769473949,-2.574020226,-2.51061444,0.925347614,0.306836297,0.468802576,1.017422953,-0.748932447,0.325215614,0.692344226,0,Normal
1.211179459,0.855124703,0.48889232,0.208215008,-1.421100153,1.163765105,1.32286676,0.217844961,-2.166067456,-1.810844462,0.823551478,0.862555843,-0.759226836,-0.96915653,0.206171121,1.559401238,-0.636245372,1.708330528,-1.458385147,1.616715612,0.088924745,1.543768515,-0.013302461,-2.028825584,-0.108414534,2.440320952,0.175995466,1.392499999,-1.186315635,-1.294205179,1.334163803,1.992019261,2.403882715,1.405279244,-2.258476661,-0.987886741,0.508617235,0.47505996,-0.622965958,0.816540754,0,Normal
-1.552580958,-1.037311194,-0.453555335,0.478031422,-0.087625176,-0.488233326,0.07979927,0.409694647,-6.049360306,-1.467206019,0.059607134,-0.417770766,-0.919029322,-0.142300406,-0.914864216,1.075103578,0.841261384,0.481429838,-1.3737953,-1.236785274,-0.3478401,-0.912439609,-0.209275261,1.111720128,2.090663228,4.291991308,1.36781799,-0.088609121,-3.054997194,0.789765162,-0.520582332,-2.765066965,3.806324685,0.421200775,3.24571896,-1.006027934,-0.672901666,-0.196304234,-1.517764525,0.212289009,0,Normal
-2.027485714,-0.167874967,0.19948587,-1.144145627,1.15641779,-0.693679029,0.980848916,0.226830944,-2.326300248,-0.321149499,0.614044779,-0.538109247,0.007591351,0.350213695,-0.317928404,-0.184174434,0.468694075,1.408249601,0.544924825,0.820414341,-0.322538862,-2.084176304,-3.220180404,-0.788851984,-0.196335085,2.041101632,-0.838815238,1.02836306,0.43058809,3.167519759,0.590205794,-4.896826172,-0.554018064,0.726407361,4.116679426,-0.73124011,-1.187474625,1.275546114,1.716458256,0.591265367,1,Intrusion
-4.53528578,-0.209510419,-0.681604636,-1.397486443,0.340770816,-0.011463645,-1.284411607,1.032036908,2.537595853,1.825412084,-0.976095071,-0.277830949,0.943733581,1.330534864,-0.742878889,0.707036482,-1.469200363,-1.144950808,0.334281974,1.162120937,1.22874881,0.728719068,-1.081162624,0.297075865,-1.523692968,-2.975103317,0.314618608,0.235616319,0.178354694,1.744653541,-0.167914119,-1.391631544,1.595142326,1.527435538,2.932543542,0.156617237,-0.412170206,1.249793383,-0.493072277,-2.380014235,0,Normal
-1.620572068,0.120818512,-1.13638169,0.406155826,-0.581704866,-0.61363844,0.526260668,0.749798795,-0.971558095,-0.982751907,0.29828871,-0.06925903,2.57979259,0.152181454,1.423778049,-0.29008168,-1.329467041,-1.405740351,-1.205332766,0.779924793,0.251165406,1.291544664,1.372871565,-0.418650886,1.289452961,-1.854738117,-1.162002207,1.284980891,-2.205092344,-1.284351159,-0.632043892,-0.015337076,2.383451889,0.964701206,1.93915475,1.717036738,-0.964082709,0.402988916,-1.677012633,-2.022124196,1,Intrusion
1.032188551,-1.375802803,1.502878244,-0.845261744,0.422754206,0.163924195,1.84061453,0.285372105,-5.747102927,-3.36595383,0.191217696,-0.600632899,-1.304002162,-0.880744017,1.533226024,-1.194430415,-0.973766482,0.156042305,-0.493231121,-1.545424868,0.84645706,1.990493827,2.380148649,-0.556833183,0.896768085,3.951310317,0.184738701,0.389647582,-5.104986714,-3.459478246,1.908152466,2.773400883,4.813117919,0.118911328,-0.778684528,-0.084171851,0.032487412,-1.016599379,-0.289559246,1.52105059,0,Normal
1.901936637,-0.027222115,-0.234470127,0.844497235,1.415306062,-0.487734816,2.163210386,-0.590009864,-2.872161975,-2.346778022,0.390340245,-1.41087438,-3.454306731,-0.334589192,-0.46713502,-0.784916925,1.269028167,9.81E-05,0.120079553,-0.552880051,0.888945262,2.023842938,0.644531685,0.425700137,0.828003881,4.928972705,-0.614585791,0.968470031,-3.584376373,-1.284157098,-0.145507517,1.600667142,0.533142558,-0.854415234,-2.202678571,0.999718658,-0.039424047,-2.553067433,-0.000324696,-0.227294985,0,Normal
2.827660756,-0.893142306,0.854929383,1.570752721,-0.287742428,1.187004178,1.900289296,1.033340867,-6.4735182,-1.787498591,-1.367280686,-1.666936197,-2.423769314,-0.402573582,0.199961672,-0.548655659,0.181425251,-0.57830444,-0.681391836,0.621774591,0.973930552,1.457206478,2.452788698,1.245595526,0.428394558,4.644785451,-0.538814851,2.410852541,-8.359812658,-3.128251605,1.300349795,-0.145035854,1.960425836,1.138681702,2.622964791,0.530081427,0.919122884,-2.730190785,-0.385334019,1.330302016,1,Intrusion
-1.975022574,0.925810534,1.354904904,-1.266195406,-0.134392409,0.69040672,2.121737088,-0.453974299,-1.072924261,-1.145133008,0.471336861,-0.399968188,2.324137433,-0.325813519,1.295214703,1.470735793,1.570853105,0.875004332,0.970337171,0.988542925,0.066260867,-0.557553505,3.600742065,0.294058485,-0.61078399,0.892791568,0.23721183,-0.64535642,0.514689549,2.344610589,-0.473005079,-3.511904978,-0.246940338,1.370876583,-0.749954837,-1.258390662,-2.03858699,-0.529154268,0.914822504,-1.024312972,0,Normal
1.017297898,-1.916736566,0.161505318,-0.451589884,-0.119371934,-2.877490886,-0.226967592,0.561422641,-1.006727992,-1.016397891,0.398382596,-0.696689674,-1.020651503,-0.332464079,-0.701918479,-1.655570267,1.149371579,2.073674832,-0.039273626,-0.40574308,-0.657887964,2.167489793,-1.936773644,1.415980267,-0.393328502,1.56897847,0.419455875,-1.164102525,-1.796123969,-1.022872457,0.668590264,1.516843509,1.666736248,0.441544544,-0.664258936,-0.697333162,-0.2222311,0.411810953,-0.090817598,0.171782771,0,Normal
1.503412592,1.599295899,0.778611001,0.687249309,0.783339455,-0.386131697,1.152940564,-2.486933156,-0.121472288,-0.905167821,-1.326362122,0.298513357,-2.145815733,0.26215676,0.37020028,-0.567584023,-0.023256426,0.257921353,-0.554117007,-1.318143593,1.157648853,2.928402497,-2.31233195,0.19713984,0.532944602,0.911204786,0.727772442,0.775610729,-3.475135288,-2.261721561,0.979368554,2.613935487,0.411054367,0.580581531,0.307888559,0.461821771,-0.343600424,-0.809267213,-0.675825296,0.509593066,0,Normal
4.190257954,-0.123597495,-0.921724964,0.526946585,-0.194090168,-2.344329449,0.115912639,-0.199863782,-1.995796775,-0.041229935,1.187775681,0.424782375,-4.423891658,-0.405524043,0.079236482,-1.860449449,0.484011635,-0.178866626,-0.140961881,-1.481329303,-0.319943196,1.357780936,-0.617459417,0.713929761,-1.264348199,4.982402626,0.791840772,0.074171553,-1.648847026,-1.163055087,-2.274670429,2.707793345,1.024055648,-1.244761284,-3.955625824,-0.32013705,-0.005926751,0.309231281,-0.679395745,-1.054751208,0,Normal
1.042309304,0.645667384,-0.123241098,0.908032991,0.706062391,1.594805986,1.984898557,0.966195454,-5.413489773,-2.803532411,1.716108963,0.147494826,1.658568804,-0.332821934,-0.774260361,-1.411583346,0.441830922,0.061997035,0.462504107,0.16161067,-0.043407177,1.12050762,2.639326118,-0.282781914,0.959866423,3.045522429,-0.253287624,1.594197669,-4.27109606,-1.075371578,-0.65225158,-1.69115977,2.518220783,0.484697082,0.69867259,-1.066855292,-0.695382585,-1.0625847,0.840640184,-0.507806645,0,Normal
1.424292462,-0.090529347,0.561555309,0.927955422,-0.31792699,-0.948091521,0.211917241,1.018032211,-5.510261545,-2.136821842,0.345728599,-0.736480642,0.88643635,-2.068109369,0.474216128,-0.562468261,-0.883604982,0.800142932,-0.307337695,-0.818041969,0.023716147,1.858905433,3.988841586,-0.086613287,1.739683122,2.966984824,-1.26711924,-1.232518166,-6.350601651,-2.015317918,-0.553870732,-1.084201319,2.953711165,-1.328128173,1.088680073,1.024311998,-0.316868608,-0.238021702,0.29738734,-0.318604785,1,Intrusion
0.452462037,-0.809581329,1.040806757,1.710969622,-1.33695852,-0.808342265,-0.968754332,0.785327962,-6.51727484,-3.415626258,0.329899154,-0.251827249,0.069909861,0.329775398,-1.742111543,0.374059002,-0.151904293,0.121617461,0.091564036,0.430902706,0.329761338,3.170061623,1.309952091,0.110133987,-2.274337047,3.153719748,-1.804530176,1.698807381,-8.723780023,-3.266892969,0.451446878,-0.15610586,4.171344037,0.977214691,3.691389578,1.542011391,0.678008362,1.121313299,0.984983018,-2.295868762,0,Normal
-1.481855315,0.490187628,0.589052763,-0.728588382,-0.7363009,-0.690711147,-1.461800042,-1.364926547,-1.516482441,-1.137038636,-0.90547714,0.165434769,1.720326594,-0.72146287,-1.357258181,1.143976088,-0.585252163,0.000306054,-1.893025686,1.077292774,-0.49226586,0.398975834,1.155605764,-0.297930354,0.258746893,0.37293266,0.369293721,-0.50886033,-1.039603593,0.689773683,1.139284857,-1.875162719,1.16291173,-0.195015233,0.94879659,-0.689005285,-0.132238699,-1.235459703,-0.408784979,-1.574055054,0,Normal
2.507172572,0.780892238,1.189869837,0.483137395,-0.546867346,-1.423944972,0.42309264,-0.220145187,-1.294804707,0.147333637,-0.424760403,-0.194905641,-2.47997504,-0.128858933,1.347844519,1.700841059,0.777346772,0.322538169,0.420684955,-0.00884497,0.940092861,2.215450421,-1.368110442,0.278776703,-1.294954385,1.235906291,1.176681011,-0.732579528,-4.374809951,-2.770962738,1.363170497,2.4520601,1.223954163,0.573793963,0.954700718,0.551168917,1.999180232,0.257075996,0.047689419,-0.038686149,0,Normal
0.631728048,0.798478559,-0.507482721,-0.414770373,-0.465076482,-0.181282703,0.536792963,-0.719256706,-2.476297107,-2.623320279,1.696606771,0.529463421,0.441716522,0.159251583,-0.470968744,-0.845080268,-0.995864651,0.510204576,0.314847871,0.969198028,0.869685955,1.330062958,0.445810069,-0.961776868,-0.152332789,2.155623716,-1.288285735,-0.946453951,-0.400760366,-1.147521301,1.416958262,1.777772203,2.764891781,1.398741264,-2.615682693,-0.072621052,0.262612348,-0.324252651,0.974817193,-2.04383934,0,Normal
1.200488434,1.476702366,-0.81622246,0.469627027,1.613556453,0.29767581,-0.863357177,2.857464063,-2.351552537,-1.641454273,0.145521311,-0.728453503,-0.472511335,0.034886738,0.473877643,-0.247754997,1.742947609,1.122208131,-0.571438276,0.138611055,0.185993091,1.549636189,-0.332601505,1.868247048,-0.215537629,1.900445829,0.807038078,-0.452231578,-1.353730746,-1.800117472,0.886766271,2.420123495,3.162188216,0.695330015,-1.714504088,-0.366519953,0.610093911,0.822382484,-0.362588229,0.73188618,0,Normal
-4.480527286,0.957847088,0.902159765,-2.587921141,-0.112300575,1.196528558,-0.23143433,0.988129517,-2.217728524,-0.445861694,0.612432737,-0.225456605,-2.090349386,-0.205961641,1.179567574,1.135709365,0.039652236,-0.573002638,1.322829598,-0.264204103,0.634598381,2.541225002,-3.892052263,-1.423204826,1.396314729,0.844701598,0.927376383,-2.022633674,-6.502412628,-0.082582089,-0.047532769,-1.604613206,3.428277366,0.008709,7.586250846,-0.573499181,-1.559427652,-1.419353991,0.316436401,0.820735465,0,Normal
-0.589776622,0.28656785,-2.023558267,-0.109528298,-2.136762188,-1.358074426,1.195459526,-0.362642431,-1.175328343,-2.244209787,-0.7498883,0.754810372,-1.621062859,-1.321917487,-1.415881474,-1.28812036,0.170235432,1.382184866,1.004960503,-0.002125944,0.664924923,3.036434708,-2.102715704,-1.293209248,-1.020327479,2.955267727,-0.907759593,-1.329207561,-3.119859945,0.311993477,-0.22776743,-0.30587685,0.482305123,1.247356002,0.130821204,-1.892968433,0.578832808,-1.02875826,-2.188434877,-1.393028163,0,Normal
1.384380471,-0.01278271,1.269127876,-1.338370337,-0.203583282,-0.108635456,1.191170488,-2.01903209,-3.406623122,-2.936388364,-1.202501525,-0.939259635,-3.023879176,0.60107719,-2.510498927,2.364660831,0.114846944,0.743039549,-1.742809977,0.074866487,-1.287955225,1.216421186,-0.239802412,0.250435446,0.960485915,5.341680356,0.02473268,-1.73114065,-1.141933039,-0.880225638,-0.082470749,2.299161504,2.062022421,0.141648716,-3.547632545,-0.627504185,0.263989321,0.08159149,0.052995082,0.455933868,0,Normal
-3.511311887,1.235712115,-0.767664644,0.506522247,-0.041082012,0.800673931,-0.510539699,-0.963034627,0.182416808,1.024328647,-0.746715221,-0.575585606,-0.013423201,0.716286809,-1.117333055,0.25395335,1.283255837,0.529170574,0.27533705,1.032427454,-0.118362238,2.700743516,0.220260904,-0.711514026,-1.007802306,-1.060478074,-1.398734797,-2.032015521,-3.778815981,0.127423828,1.02733493,-0.493510402,3.739705366,-0.567190004,2.899348899,-1.479033284,1.246318837,-0.743272993,0.978544603,-0.636189491,0,Normal
-2.439688182,1.747738892,-1.755337061,0.471540345,-0.050504704,0.100854127,0.339176954,-2.032178777,-2.465726276,-1.517707748,0.118531194,-2.058774757,0.748499808,-0.861307934,-0.629415976,1.902814033,-0.842950505,-0.068697024,-0.205676315,1.70176828,-0.46424845,1.270467614,3.048691416,-0.340481793,-1.697282981,1.41716186,-0.339886662,-2.136951301,-3.383019038,0.357591346,-1.722869882,-1.824857427,2.173897233,0.294490779,1.20796021,-0.539898527,0.659465765,-0.581722612,1.442032151,-1.095681601,0,Normal
-0.676733352,-1.120169955,0.082768963,0.226921324,-0.282786108,-0.66616455,-0.504257469,-0.36130555,-6.917053591,-3.262845106,0.589231415,-0.427282848,0.356605647,-2.171036451,-0.241278394,-0.284881572,0.629295783,-1.412298699,-0.916007787,0.219951002,0.606940275,-1.371735262,1.989490196,-1.599908623,0.806743354,3.752189604,-1.381001522,-0.503203928,-3.849059203,-0.782654247,-0.57709653,-2.418938561,2.17943568,-0.652656609,3.321331763,-1.036474225,-1.655272696,-0.244065089,0.7954706,-0.342687653,0,Normal
-2.060366192,-0.992829197,-0.823651212,-1.026022952,-0.213607035,-0.191341612,0.656403363,0.131561322,-2.534546132,-2.219603265,-0.570934975,-0.309187511,1.655731914,1.092185108,1.061991518,-0.602123313,0.346023014,0.538056845,-0.441793542,0.162400645,1.315990427,0.032827637,2.539588187,0.043884582,0.171039647,1.20784028,0.430439737,0.833419182,-2.004980471,0.809344304,0.099232583,-2.835287173,0.311704646,-0.371802049,1.538912263,-0.431465732,-0.253321038,0.435900057,-0.009112262,-0.904477273,0,Normal
0.67245433,0.534145296,0.591031271,-0.669182006,-0.628160629,0.781293737,-1.461373082,-1.695296532,0.194241831,0.344911448,-0.091348396,-1.453165071,-0.31774703,-0.093059777,1.398277363,1.932676846,-0.15049495,-0.377939832,-2.130197598,0.708122925,0.189472454,4.350310348,-2.376481039,-1.191396002,0.665127985,2.306300964,1.659833912,-0.585240224,-3.950220803,2.14923721,0.354644657,-3.184006445,-0.023305755,-0.569543601,0.457335069,-1.703278093,-0.943122702,-0.651885858,0.896785716,-0.492318897,1,Intrusion
2.615560924,-0.350782629,1.387885842,-1.224789865,-0.83586209,-0.071555872,1.153355675,-2.328380824,0.375819745,-0.659830921,1.005582058,-1.073354681,-2.412722574,-0.851121662,0.010630224,-1.269807699,-1.267253791,-0.108058384,-0.00809362,0.875438049,0.973064877,-0.274852039,-3.584288751,0.910408764,-0.993710683,5.55582214,0.370984673,0.258473426,4.578356502,4.219520374,-1.790503998,-1.867725245,-2.821584619,-0.761920982,-5.791942115,-2.709031556,0.002158235,-2.440455738,-0.493363052,-0.989461539,0,Normal
3.072373095,0.715612097,1.255022179,-0.989448032,1.646537814,-0.070209252,-0.562226095,1.293697293,-0.788180494,-2.108650822,-1.472249096,0.907975621,-2.958287122,-0.10469476,1.840049383,-0.764520733,0.437672101,0.260062853,-0.299499812,-0.388878869,0.124327961,3.991069096,0.463869805,-0.062518043,-0.01495125,1.623661138,0.074151254,-0.006551567,-8.189508828,-3.774107811,0.784663258,1.73344229,-3.244115066,0.394492005,1.830198621,0.443117657,-0.313567241,-0.685395015,-0.190595291,0.326355371,1,Intrusion
-1.942812175,-1.361727673,1.98763486,-0.534740497,-0.564516672,1.328952056,0.401026662,0.759680457,3.906540871,-1.730333263,-0.93785777,0.088414572,4.204211306,1.622734897,0.118748645,1.206440261,1.165982559,-0.972289543,0.549638612,-0.229785587,0.733862851,4.079677502,1.631562712,0.749194941,0.479837335,-4.989712799,0.024470059,-1.09168113,-2.101501247,-1.30680786,-1.346213986,0.483595048,-1.737047893,0.889115076,0.497811053,0.682544055,-1.653064131,1.724260581,0.419289314,0.140460447,0,Normal
-0.450035659,0.043957442,0.558939241,-0.112053352,1.534655207,-1.1151206,-1.621636192,-0.635281087,-1.016947788,-1.865197615,2.035614704,-1.666325284,3.054595165,-1.0250354,0.574575343,-0.165237789,1.22188844,0.638118658,1.375336691,-0.08423701,1.566996074,2.23668041,5.969932956,-1.030427531,2.170482537,1.768974527,0.036965657,-1.205836845,-0.933539154,1.678938711,0.516544002,-2.419154938,0.864688138,-0.400639429,-4.338474707,-1.244281603,-0.314652527,0.825089311,-1.643162297,1.640346114,0,Normal
-1.609254462,1.013041896,-0.877116717,-0.638248026,-0.247938363,-0.742399251,0.423950601,0.464420906,-3.669712383,-3.765324761,-1.194935575,0.57854676,0.693547982,0.938151419,-1.036622,-0.941200486,-0.176627238,-1.674742778,0.733822109,0.594627676,1.744721758,3.592589806,2.722862736,0.635001557,-0.35179735,1.556728951,-0.584017537,-0.945146547,-7.758295251,-2.164835838,-0.666454479,-0.790681044,1.642872313,-0.632632064,3.067436966,0.51248018,0.590086499,-1.190312871,-0.339389619,-1.542837051,0,Normal
2.396416911,-0.485433544,1.285288417,0.487087376,-0.235070495,-3.044472441,0.038459407,-1.345300389,0.271862434,0.27376431,1.938445939,-0.703365388,-3.277529686,-0.345628382,0.368278118,-0.404829808,0.420674365,-1.123369013,0.336075442,0.045799496,-0.06209288,3.192321272,0.235618081,-0.125684941,-0.739925311,1.569780959,0.398631411,1.576114032,-4.186639089,-2.325379947,0.985830083,3.037999189,0.329007389,0.651642203,-1.419095517,2.868590818,-0.62721923,-0.721228645,0.275912881,0.238749063,0,Normal
0.323283587,0.339196853,2.389948766,-0.542983172,0.92626809,-0.776684062,2.523271677,0.424156721,-2.012447982,-0.816818161,-1.681617049,-0.664460607,2.374959096,-0.546766651,-0.389081663,1.129034646,-0.274407543,-1.694619948,1.473992246,0.172107054,0.736182425,1.209631216,1.924693704,0.373145582,1.213283142,0.547170033,0.361373607,-1.16543286,-1.633962281,-0.041805951,1.279311355,-1.299309872,2.129377459,0.395103933,-0.362981626,0.243741438,0.359381644,2.376129894,-1.372285641,-0.398402821,0,Normal
0.772213869,0.862203494,0.176465651,0.228850607,1.19990931,-1.974802186,1.669074189,-0.696724807,-3.701586956,-3.689318422,-1.302442799,-0.714123245,-2.53662029,0.889942636,-0.978930865,0.453620838,1.333314652,-0.399311754,2.137452702,-0.435049942,-0.362742148,1.406199416,1.382465479,0.551042752,0.275212421,5.393752204,-0.018623423,0.035594185,-2.125732083,-0.842483701,-0.482144606,1.52766106,1.380893598,0.642792269,-3.22746747,1.430978977,-0.274419481,2.061396525,1.361675934,-0.608239701,0,Normal
-1.857508549,1.285268904,1.467065212,-0.076746157,0.568468147,-0.678108712,0.898363317,-0.394511585,-0.43791368,0.831905737,-0.798103844,0.673808461,0.909486118,-0.917278835,-0.409866778,-0.509208067,0.034063308,-0.342492263,0.398115444,-1.959735845,0.517071289,2.300244305,1.176409663,0.938932507,1.409207053,-1.010562875,-0.840609542,-0.935590776,-2.822412595,-0.582772991,-0.528083589,0.321969345,4.211810233,0.070800846,1.153891633,1.128711748,0.237112092,1.185648394,0.541107132,-0.079314825,0,Normal
1.892748992,1.054087112,0.010236474,2.191491426,-0.215995957,0.509488749,-1.941392719,0.778533545,1.359412095,-0.766862843,-0.356517953,-0.351490539,-0.143970689,0.011378772,-0.626220817,0.799110527,1.160623776,-0.082534533,2.151030175,0.256440486,-1.144352162,1.426024253,-2.52514761,0.477149801,-1.432545829,-3.004142649,-0.498345349,-2.231797906,-3.361614276,-3.767860246,-0.409842582,2.364409902,-2.950094285,1.012071123,3.675063362,0.401346574,0.266012035,-0.210863596,-0.416604644,-1.260531675,1,Intrusion
0.852934934,0.365626909,-1.200605301,0.066526203,0.960763314,0.158271753,0.114582424,-0.035022681,-5.267849641,-4.437510953,1.246627812,1.0247158,-3.344810707,-1.188685668,-0.243501299,0.876672303,-0.049464142,-0.864567835,-0.26014373,-0.84567989,0.471567648,2.195944164,0.537246596,0.050947084,0.192216724,6.40900058,-0.099925874,0.412119156,-4.213940462,-1.802503667,0.897025966,2.062227893,2.647317886,0.560576366,-2.051484578,-0.714099577,2.209296134,-1.650586266,1.18086906,-0.059854299,0,Normal
-0.606562856,0.861837674,1.80042921,0.979490501,-1.152152814,1.478847021,-0.65500442,-2.364578319,-1.488612915,-2.250467988,-1.283883715,-0.112082697,0.474848026,2.073159363,0.575839629,0.929537027,-1.832708106,1.216920509,-1.216686239,1.227196521,0.805810874,3.371831213,-0.799033358,0.287829593,1.999722064,0.178312213,1.264849903,2.69907678,-3.875623099,-2.249791744,-0.259133831,1.855008283,2.913546518,-1.481562646,0.946059612,0.145312255,0.549323922,0.616630991,0.104670716,-1.443398345,0,Normal
-0.357148529,1.389727571,-1.126863398,-0.133616664,-2.4888368,0.1894053,0.164032507,0.910281349,-2.562001563,-2.862611426,-0.157365418,-0.477127375,2.560908498,-1.142557265,-0.008500831,0.30914558,-0.319282998,0.279808019,-0.835450695,-0.468599526,-1.202645218,1.577130395,2.448345288,1.280621785,0.058452302,0.934685766,1.565708214,0.275604376,-3.396049317,-0.294129425,-0.985704557,-2.315286646,-0.035125548,-0.110643392,1.061972828,0.115250862,0.326487895,-0.035703069,-1.40064686,-1.210604037,0,Normal
-0.241649179,-0.585369101,-1.704756254,-0.866929507,0.130737391,-0.034271987,0.3673435,1.58789501,-8.996991999,-2.811252619,-1.004148556,2.699173031,-0.474019814,-0.742053025,0.408548884,-0.193930679,-1.180805839,0.323022037,-0.613022584,0.935435718,-0.168325031,-2.657076509,1.865952304,-1.969599825,-0.462500888,5.727759526,-1.733202924,-0.098861384,-3.321351286,-0.150560129,-1.05692252,-3.026496376,3.790423915,1.282536398,3.122938172,-0.52091538,1.490006602,0.720759029,0.024917892,0.0834192,0,Normal
3.32889539,-0.715852962,0.434417199,-1.85554781,-0.431166754,-0.511872974,0.184910248,0.997027041,-2.107754025,-0.617254087,-0.841619265,1.212029051,-1.7944311,0.106059684,-0.650844134,2.66751001,-1.88335674,-0.215096696,-0.814049644,-0.181426305,1.364008398,-0.461630928,-0.627978543,-1.110006546,0.822561231,4.051702698,0.353339117,0.527416655,2.132431015,0.05321589,0.258897375,1.72985052,1.413093559,-0.762311414,-4.873561953,1.535452102,0.793115812,-2.14664074,-2.968450693,0.473015201,0,Normal
4.419231408,-0.192999609,-0.451022603,1.089222233,0.883538308,-0.055641331,0.381716811,-1.146757594,0.343969819,1.178780194,-0.284145331,-0.155605291,-2.56114613,0.250948849,-1.06728262,1.507485877,1.957505316,0.746720347,0.039649976,0.617866499,-0.786820676,-0.836345432,-2.163260921,-1.308820036,-0.349544215,2.932265705,0.033225203,0.755591893,3.817928202,0.499176814,0.292826509,2.192725643,-0.381241768,-0.678094005,-5.451374612,2.058760786,1.595883105,-2.504988108,-1.735941676,-1.309210934,0,Normal
-2.59726765,-0.019729393,-1.001693783,-0.595772951,-1.270609363,-0.385170689,-0.222622061,1.311370797,-1.235295203,0.318905418,-1.212000759,1.97339726,0.920748297,-1.81088979,-0.832248235,1.36800649,0.443369663,0.019335358,-0.937767361,-0.105075564,-0.636035116,-0.605413364,0.329948245,0.816659235,0.838652333,-0.398840079,-0.46944737,0.047989624,-0.62501742,0.870926311,0.276905603,-1.748549164,2.151288793,0.467502477,2.577543874,-0.074863699,0.275285342,0.071166952,1.527446413,-0.004072554,0,Normal
3.310717913,0.748971813,-1.039955525,-1.517067809,-1.576351562,-0.494073832,-0.069615732,0.304845264,-4.426313235,-1.746817287,1.254439664,-0.944582711,-1.54706485,1.101064804,-0.156441254,-1.608449832,-1.264596376,0.316295884,-0.147339523,-1.949375514,-1.41931087,-0.225707936,-0.660408269,0.096445151,0.049555105,4.071440603,0.996675004,-0.931582025,-0.421176675,-1.91833987,-1.036305328,2.464907512,3.059058897,-0.347557415,-2.552713112,-1.30765423,-0.543622929,0.915391472,-0.309525071,-0.856072659,0,Normal
-0.986556464,0.862361271,1.858844982,0.450689355,-0.600813148,1.437423827,0.459860826,0.380836846,-0.851035444,-0.715984871,-0.219882994,-0.415082127,2.401569609,-0.486729676,-1.358965612,0.432733711,-1.266904864,0.190240451,-0.583949575,0.881526218,-0.347531391,1.184932373,3.405908946,-1.718782374,0.230616588,0.173400904,0.580736311,0.758237696,-0.908406935,0.759151213,0.758233382,-1.564048382,1.571639346,-0.046918099,-1.255530191,0.3227957,-0.261784175,1.02142787,-0.138876785,-0.399046037,0,Normal
-0.208196455,0.109507271,0.600288658,-1.571139897,0.777198642,-0.027931618,-0.580731527,-0.4087373,0.854507467,-0.592910592,-1.531223632,0.70146054,-2.313300797,0.699970577,0.661188297,-1.481142825,-1.309628745,0.131635406,-0.199850089,0.609940184,1.344339931,0.32637857,-3.59775188,0.998963581,0.59190034,2.303217699,0.454576848,1.496836208,-0.407643364,2.418722891,0.189775276,-2.699768156,-4.063043091,2.356594802,1.355396533,-0.177059342,1.550060477,0.111635479,-0.352177809,0.239575577,1,Intrusion
0.966896663,0.562771971,0.438426286,-0.608912497,2.223550383,-0.675259027,0.960099307,-0.26505434,-7.025281991,-2.46131673,-1.194028612,-0.725872894,0.373683268,0.903995882,1.731555338,0.780433139,-0.628057722,-1.152220035,1.085406923,0.752582657,0.552194808,0.488718768,0.899123474,1.18336658,0.271842339,3.995907863,1.18039978,0.151118439,-4.986932291,-1.449021602,-0.514380325,-1.439945293,4.111134878,-1.097617578,2.438485093,-0.52281142,-1.359049351,0.342808541,0.026775839,1.127978727,0,Normal
-2.878982809,-1.893584327,-0.072086695,-2.603376986,-0.113914446,-0.282115908,0.715660291,0.783035422,3.422112978,-2.821522872,-0.107702075,1.375525184,4.135250559,-0.103409182,-1.207029489,-0.244551396,-0.072231906,-0.540619094,-1.339528624,1.832710653,1.946648241,2.766619436,2.246049929,-0.393741733,-1.007982929,-3.202994397,0.533041588,0.580658964,-0.780995466,0.951323218,0.332473636,-2.182646806,-4.013108753,0.276145954,0.0962463,1.598714302,-0.016676819,1.210270027,-0.466323738,-0.232915126,0,Normal
0.815532572,-0.361318682,0.104919581,0.042892434,-1.684802377,1.814533817,2.197208693,-0.379966196,-1.6711885,-2.916662798,0.980660283,0.745177099,-2.357595544,0.295357526,2.129427122,-0.825728071,-0.133072251,1.174015528,0.024904876,0.647601886,0.664699034,1.771005389,0.237728097,-0.740531382,0.607014343,5.289569218,-1.902692105,1.003892243,-0.177355445,1.008489622,-0.200286294,0.546666659,0.042765755,-0.496680324,-4.736242946,0.071132392,-1.123302458,-1.703427126,-0.447896088,-1.866804553,0,Normal
0.420393541,-0.99549235,-1.142886768,-0.134724469,-0.72984979,-0.952853839,1.059305664,1.302748764,-1.464485791,-1.858455469,1.281616051,-0.835472565,0.331863976,-0.71585585,0.432175766,0.754780067,-0.478653873,2.294503053,1.295856594,1.028397837,0.152986859,1.630009035,-3.851729327,-0.38170689,0.91098516,0.408816738,1.208278653,-1.14174139,-1.306256825,-1.42148243,-0.628644515,1.287088848,1.803763759,0.43984741,1.33040313,-0.280823585,0.129677011,-1.068683903,-0.19547003,3.343053787,0,Normal
0.237123606,-1.416219037,-1.291508514,-0.137557638,0.363604786,-0.419881818,1.585443122,0.282902536,-6.092524205,-5.256347318,0.081502599,-0.497929721,1.980415172,0.326657333,1.114276039,0.981357736,2.345374539,0.460008375,0.113847745,-0.700672069,0.959613641,0.794602269,5.242451135,0.592664216,0.835896627,3.329381029,-0.260115425,-0.358904374,-5.232217798,-1.836786096,1.137044471,-1.766192449,0.491802762,0.132996639,0.745612273,1.031552228,-0.430105717,1.795924876,-1.19402104,-2.523541527,0,Normal
-0.718021557,0.773490319,0.945731016,-1.157753962,-0.224813848,-0.535036195,-0.719746546,0.699664373,-1.835333245,-3.312440639,-0.965532065,0.327685759,2.84314063,1.022223331,0.500365054,0.958575448,0.913549182,1.108573988,0.977869824,-0.037363574,-0.283508742,0.462450267,0.705944762,-0.209042835,2.014108312,-1.398628075,-0.424493453,1.032919214,-2.631275791,-1.967444425,0.070489556,-0.668645733,-0.966857605,-0.520296203,3.187910372,1.047564609,-0.721499168,-2.322556521,0.757435638,-0.340893806,0,Normal
0.490708211,0.079248107,-0.618203364,0.510834119,-1.490777772,0.078592534,-0.956218358,-0.621802265,0.253215416,2.529948682,-0.134011311,-0.527127092,-2.300564854,0.615156603,-0.221356674,0.211755086,-0.992935989,3.100162823,0.102283422,-0.105031924,-0.404787874,3.956416431,1.229780788,-0.709777612,-1.729081,3.145489867,0.248997541,-0.719166034,-4.797763295,2.349841599,2.416844072,-2.742935356,1.225400596,-1.584971132,-0.873977969,0.465118179,0.696807168,0.935795716,0.735782841,0.447810955,1,Intrusion
1.44892301,0.632777001,-1.576969981,1.083664912,0.096076376,1.05095848,1.673372393,-0.049205509,-1.526449411,-0.530927915,-1.270622969,0.830026484,-0.963946,0.80765176,0.515509497,1.320192804,-1.97155426,-0.565206278,0.930205168,0.536106612,0.227035151,2.175926728,-2.729973156,-0.343381716,0.211983181,1.333876554,1.053561286,0.809111379,-2.095775348,-1.568706014,-0.934456032,1.97660097,2.867771071,-0.899600758,-0.034960172,0.400906952,-0.87403375,-0.072378073,-1.060760112,0.575129155,0,Normal
2.361656249,0.62130753,0.52912987,-0.50008128,-0.707096298,0.104626326,-0.590653264,-1.045568179,-0.453290645,0.277666801,1.276070457,1.168451626,-0.961569309,-0.478815105,0.547237473,0.4177854,0.254763643,0.57838412,-0.425258074,1.274138336,0.146447629,-0.30135696,-3.708559316,0.083282404,0.183077054,2.003238271,1.921188117,-1.236592346,2.662952913,0.740572104,0.542082555,0.770113746,0.735621781,0.294650635,-2.359151911,-0.054490209,0.213833871,0.65018872,-0.180620674,1.803614831,0,Normal
-2.131828615,-0.6044987,1.328933623,0.413760941,-0.287115831,2.213032295,-0.289976114,-0.933623752,-3.460604252,-5.774168896,-1.924502743,-0.041582173,-0.5423922,-0.05625445,-0.430617209,0.700751284,-0.857478503,1.672944313,-0.682716361,0.380807123,0.940403947,1.319863623,0.713422122,0.299409898,1.757558947,3.633506041,-0.34389075,0.821306308,-2.188219803,-0.669568181,-2.055319743,0.350752857,0.392542467,-0.160155684,-0.51244188,2.610772215,-0.402430189,0.851563484,0.323911379,-0.002381434,1,Intrusion
0.47774183,-1.349233883,-0.052271722,-0.063233625,-0.420763815,0.819993263,0.644650717,-0.004539201,-1.141786055,-1.948360292,0.550863812,0.666801672,0.213114083,0.609089452,0.111336564,-0.013366071,0.380839777,-0.592624377,0.575512397,0.090163102,1.579769035,3.333171402,-0.612707872,-0.213451068,-1.297907983,-0.568866983,-1.086175216,-0.614707857,-4.570858389,-3.419366317,1.240549907,2.730619179,2.072915143,0.929633323,1.369270157,-0.010305799,-0.502820082,0.018727168,0.535616236,-2.794765282,0,Normal
-1.765784337,-0.173482909,-2.861981929,-0.933075225,0.997053053,-1.682669055,-1.28851814,1.033607826,2.016206892,-1.363960746,0.731783786,0.506034616,3.156410788,-0.191828597,-0.728833332,1.234739267,0.343372657,-0.377309854,0.120908949,-0.537251929,0.20523299,3.682459067,1.37857678,0.836502196,2.144841039,-2.132187849,0.15192285,0.185741878,-2.355051409,0.397685947,-0.235880558,-1.457091068,-0.738045164,-1.324097059,0.230316884,-0.659014929,-0.3582963,0.895341159,2.101357927,-1.424452153,0,Normal
-0.595589175,0.787116598,-2.062173488,-0.713056163,1.045568307,-2.441804133,1.46577929,-1.586799562,-1.757109191,1.286355791,-1.417765157,0.548039568,-0.500696179,-0.26448055,-0.087234625,0.748752561,0.391010562,-0.510913288,1.28277381,1.702084326,-0.023125564,1.884071266,2.41446359,-0.555693712,1.143381177,2.167978994,0.173246532,0.235514259,-3.888587637,1.308745633,0.004476048,-2.526868188,2.560715351,2.133050557,0.544062458,-0.733248094,-0.844572815,-0.563969378,-0.568568798,-0.562376942,1,Intrusion
1.417641884,-1.365325088,0.368910135,0.506126728,1.031369609,-0.230470233,0.346212171,0.86220986,-1.355049742,-1.298690055,-0.62918484,0.650140929,-2.315349935,0.088788922,1.230594325,-0.56663808,1.733012326,0.179830847,2.104706208,1.171088451,0.80746825,-0.123130964,-0.883507256,1.638885113,-1.056955711,3.159110541,0.638833076,-1.158025554,-0.737031833,0.214875844,-0.178712541,-0.220316868,-1.751345294,0.030748058,-0.756738034,1.05902488,0.54209187,2.682632401,0.018393934,0.510245524,1,Intrusion
-0.365688531,-0.804265815,-1.109739671,-1.425917764,1.275794231,-0.758128437,0.490770812,-0.425172526,-3.182146882,-3.112110886,0.073995034,-0.349375747,2.079569679,-0.287854343,-0.675073824,-0.654439478,-0.245781066,-0.525026559,0.908534885,1.465683361,-2.620121523,1.776635647,3.889522461,-0.397622936,-0.808204637,1.896187153,-0.574059608,0.234883029,-3.627014705,-0.425809281,-0.09029702,-1.768988397,0.882728025,0.32040028,-0.277090622,0.341750025,-1.561022405,0.657564786,0.703905138,2.757087859,0,Normal
-3.308459822,-0.401175905,-0.180072578,1.550621808,-0.773374799,-0.806753701,-1.081323391,0.906227345,-2.188133642,1.745291612,0.460994752,0.443717608,-0.630920181,-1.505498694,0.839445294,2.166054341,-0.341473468,-1.150434258,-0.045366102,-1.111006387,-0.923102762,-0.457869474,0.830878256,0.057056138,-0.972310182,1.205752273,0.326525192,-0.3384558,-1.486688876,1.785065033,0.073457494,-2.235362781,4.553644755,-0.686063291,2.509604422,-0.148845472,-1.628879471,-1.252572908,-0.753189966,-0.582735691,0,Normal
-0.076616582,0.712801874,0.21791348,-1.386844139,0.096203056,0.058197618,-0.963463719,-0.324796233,0.014587636,-1.085190543,-1.11470388,0.789804777,-1.100558506,1.795676226,0.543657293,-0.748153301,0.615608692,-0.386916254,-0.180639301,0.747024053,-1.359486525,3.288966985,-1.429884238,0.547807305,0.212490258,0.016428873,0.304973799,0.8134594,-3.346139719,-2.201310927,-0.8773543,2.730301817,1.900877003,-0.82988022,0.363368015,0.595865687,-1.178034023,1.663729076,1.734896959,-0.255085189,0,Normal
5.664738502,-0.609116944,-0.685580629,-0.723445541,-0.732665752,-0.004830435,0.504873197,-0.001914763,-1.257700145,2.263096318,-0.9313559,-1.612208987,-3.509392483,-1.086097348,-0.228808968,-0.937839764,-0.524620613,0.129922007,0.189802943,-0.488629352,-1.07535203,1.67517264,0.342987774,-0.263961866,1.052984536,0.75116631,0.916779737,-0.126643466,-4.308388427,-4.945008448,-1.677192124,5.377351547,2.413406607,0.128903089,-1.032994398,1.337116059,-0.752627646,1.021143275,-1.339515239,-0.727504377,0,Normal
-0.333073048,-1.096818255,-0.504825763,0.775007137,0.288844535,1.689106667,1.442814536,0.697783528,0.41972727,-0.83078212,0.837952186,0.672722161,-0.264027766,0.224994627,0.073675807,0.642905016,1.254962736,2.698575192,0.60188543,-1.538227337,1.055252295,-0.333061437,0.708302735,1.109620214,0.942033888,0.185437306,-1.111597978,-1.031803212,0.72486289,0.052662663,-1.319806411,0.344660485,-1.165427155,-0.177287593,-0.900158274,-1.197600394,0.963405806,-0.14658999,-0.874659785,1.022674345,1,Intrusion
3.394073057,-1.053542391,0.580733605,-0.689083427,-0.801884702,-0.790720928,-1.36427388,2.716553758,-12.26004591,-5.732983131,-1.756108459,-0.354761624,0.4260134,0.475109609,0.343394517,-0.145574721,1.666154343,1.441785261,0.076278439,2.15657633,-0.912147643,0.908784843,3.28931902,-0.528259155,-0.358333673,7.696059758,0.365760291,0.082486954,-9.093165378,-3.387541574,0.304199606,-1.971364738,4.514252161,1.330983505,2.606374034,0.869523085,0.52259755,-1.127307163,-1.183398913,0.535824341,1,Intrusion
1.926628501,1.30221536,0.376483903,0.029242712,-2.454748775,0.392690047,-0.408590268,1.023037229,1.421990405,-2.129864307,1.054403488,-0.204879279,-3.408748397,0.295688789,1.238580728,-1.050724067,-0.10624908,1.060898428,-1.507079057,1.237678624,-3.249064992,4.330962767,-3.871091039,0.361424423,-0.058848499,2.467951439,-1.15665513,-0.72865634,-3.607444226,-0.906121896,-0.037857084,1.643982417,-3.146294228,0.370531824,-0.906919326,-0.228727799,1.179959599,0.285719274,-0.697233063,-0.943809336,1,Intrusion
1.78679064,-0.00096805,-0.699959189,-0.520716249,-0.391976149,-0.578221521,0.811116445,-1.197861193,-4.826495847,-3.346305285,-0.857768458,1.832987385,-4.179572818,-0.79036485,0.416923192,1.580718749,0.033300384,-0.408606912,-0.754380526,1.272377491,-1.503636128,0.003141104,0.908948546,1.456358942,0.719157341,8.139332497,1.102871035,0.258933102,-0.291537009,0.53304633,0.296099227,1.005264513,1.432969082,0.550429019,-5.133713798,-0.604153405,1.35753182,2.164221247,1.161129567,-0.602482373,0,Normal
0.999271782,-2.07591238,0.442171742,0.776662465,0.537407148,0.809722022,-1.670777222,0.233305894,-2.387820225,-1.411266976,-0.569014874,-0.47261113,-1.76551539,-0.25732042,-2.099003732,-0.639605134,0.924556593,0.58037747,0.424798151,0.150612026,-0.072323551,4.807499611,-0.473440961,-1.259252818,0.791618881,-0.590031184,-2.864904933,1.514330315,-9.581591508,-6.090431022,-2.83592307,4.350890904,3.495247892,0.988042122,4.333430079,0.881786313,-2.61976055,-1.237674904,0.339319876,1.867242694,0,Normal
-0.868994615,-0.841233185,-1.197471503,0.302122605,-0.631828781,-2.108114849,-0.204249871,0.008133824,-3.89839337,-1.638160954,2.069358857,0.120444936,1.358312326,-1.126969428,0.172346523,-1.294644181,0.311706439,-0.169352351,0.386292493,-1.654541281,1.107331302,-1.225632397,0.990860893,-1.466511706,0.627862336,2.039736974,-0.508090088,-2.339245784,-1.007594441,0.855105043,0.269109364,-2.889852106,1.304422204,-0.509267126,1.821696984,-1.861321277,-0.081976389,2.046381726,1.924790957,0.683862278,0,Normal
0.60662839,-0.4966812,-0.329520711,-0.219176839,-1.26965331,0.21485612,-1.404341668,0.366879929,-1.120397297,-0.465369971,1.149299983,0.663678481,-0.734269282,1.23548502,-1.120247458,-0.521838437,0.515581696,0.955385187,-0.336384378,-0.069058098,0.397453599,0.664279604,2.053763066,0.581867122,-0.112999493,0.351760564,0.363478359,0.498985523,-3.267216035,-1.679458372,0.914382329,0.529973905,-0.212087124,-1.359434692,1.049431152,0.422113879,-0.278891692,1.009460225,0.557194806,0.97911001,1,Intrusion
2.283958389,-1.177430808,-0.175130409,0.005479262,-1.793402965,-0.245701581,-0.511223859,-0.414995099,-0.140735456,1.738352076,-0.017770691,-0.128735045,0.427603643,1.708927848,0.643171578,0.578938711,-0.429475667,0.000655144,1.857271647,-1.783675923,-1.219988097,0.748162883,-3.533484,-0.708533902,1.313666018,-1.518772906,0.215179241,-1.321824802,-0.314412614,-1.836357995,-0.185435565,2.03297764,2.711940792,-0.82199302,1.134220102,1.741929638,0.594882257,2.143036466,-0.176076742,-1.085854474,0,Normal
4.872754686,-0.578604851,1.660877399,0.17225928,-1.46699079,-0.690545449,-0.207051384,-2.193431323,-4.713829139,-0.448958394,-0.32961836,-0.754424928,-4.316097456,-0.296539289,0.656710964,-0.368031673,1.704155926,-1.210242119,-1.546435578,1.208967907,-1.799617521,-0.342937107,-0.542304723,1.010852441,0.562969658,6.137021191,-1.592829262,-0.373732839,-1.082844902,-1.768372078,-1.114946847,2.946067647,2.871338571,0.772017034,-3.66957113,3.450554787,-0.923041299,1.470293423,1.231661807,0.34890143,0,Normal
1.560645342,0.842714739,0.574162183,0.79488325,1.209476075,0.312916309,0.08098248,0.699428011,-4.150474699,-3.078375034,1.052127074,-1.193554672,-1.668480202,0.924496643,-0.026948719,1.17559772,-1.882986567,0.649743515,0.5283165,-0.286775524,2.277546204,-0.576323332,-2.688648584,-0.095190801,1.297619389,6.066884053,0.902469612,0.8889301,1.77773447,1.318214576,-0.843455517,-0.305791896,1.351001965,1.480860659,-3.167701654,-0.404086742,-2.766045153,1.176336512,1.098154933,-0.155400428,0,Normal
1.456552005,0.595475953,1.102267299,-0.119589145,0.243395919,-0.233628316,-0.363170406,1.153917665,-2.889066819,-2.466345475,-0.578591507,-0.441028455,-2.172957886,-0.943961223,-0.928176721,-0.440186394,0.243554592,-0.28514136,-1.35944619,0.210302303,-1.356570229,0.719227853,-0.232739252,0.473473752,0.139432484,5.390970528,0.645896794,-0.005517055,0.29686159,0.607905699,-1.883341031,0.728291459,1.265581411,1.138449465,-4.189766156,0.568685654,-1.413565584,2.872329726,-1.189157044,-1.124544749,0,Normal
-1.848598649,-0.093662594,1.826909291,2.149032711,-0.624970148,0.013181628,0.971648131,1.64455458,-3.895414195,-3.809128997,-1.077016222,1.41515088,1.223073698,1.73790029,0.586836665,-1.272467691,0.021165429,-0.117048931,-1.126324629,-1.744667454,0.560701183,1.536127064,3.106372127,-1.138782112,-0.907387842,2.09532969,0.211485941,-0.102316491,-5.497176653,-0.507750268,2.331137023,-2.72966947,0.060937717,1.939412605,2.815972924,0.024654319,1.855617557,0.90805843,0.893818123,-1.197871268,0,Normal
-1.115716432,1.631685655,0.059287702,-1.271469072,0.196475072,-0.197202507,1.810005674,-0.429778196,-1.104481736,-1.723400181,-0.039862535,-1.134341615,2.462180036,-0.459172143,2.027440432,-0.805234468,-0.859158401,0.179329817,0.218553369,-0.116433269,-0.318743303,0.75392383,1.728155779,0.704296016,-0.167615929,0.752202343,0.94622751,0.861970021,-0.603152074,1.502226834,-0.579987097,-2.886288987,-0.184732587,-0.157842626,-0.18645464,-0.70552681,1.800772306,1.459622661,-0.882405007,0.708151626,0,Normal
1.420898216,1.163830376,-0.910680931,-1.854205216,-0.689784215,-0.766508733,-0.474902355,0.279066673,-0.29935197,2.359117928,-0.111337856,-0.195975633,-1.638256579,3.042556002,-1.063828406,-0.858479044,0.127462459,0.524858451,-0.378281398,-0.660977297,-0.667893642,2.912653878,0.241833076,1.689899312,0.589813764,0.814272634,-0.057067416,0.955090598,-5.30231049,-0.51708076,1.133733383,-0.635342908,1.444846446,-0.713229388,1.61898094,-0.128031908,0.124020686,-0.267572968,-0.822842552,0.293634283,1,Intrusion
3.711873158,1.057633365,-1.275822013,-0.785174948,-0.396433456,-1.270906271,-1.858949872,1.513382051,-5.644569566,-3.885630004,-0.780057486,-0.022279052,3.916799877,-0.60221817,1.591948073,-0.213484138,0.597601634,-0.294686952,-0.142999473,0.480288633,0.030244193,1.044050712,4.520023539,0.541164855,0.278278776,2.948188179,0.046669889,0.788156016,-3.074675326,-1.615163116,-1.65206483,-1.652541041,1.0888506,0.828569961,-2.104006999,1.70257126,0.430872928,0.258014622,-0.109602681,-0.879603998,0,Normal
0.892652743,0.341261837,0.964645022,1.00049305,-1.042793456,0.33899881,0.570250949,0.001249129,0.239217564,-1.583954638,-0.074844356,-2.733223312,-0.812335786,0.593839469,0.960436467,1.826100412,-2.081146655,-0.649185601,-1.422905394,0.659636235,0.060119585,0.315923145,-4.956481166,0.7005254,-1.78823204,3.532433277,-0.473399285,-0.46505551,4.100824061,3.100603689,-1.404231725,-1.050801557,-1.091828878,-1.511629487,-3.616965175,-0.195382101,-0.54739167,1.416384667,-0.025218083,1.420353917,0,Normal
-3.143720415,-0.723417846,-0.18317715,-0.439081202,2.01840517,0.11149122,-0.976004576,-0.32851285,-5.158948802,-1.689011229,-0.547885644,-0.611825082,-1.44060416,-1.183603405,0.270317019,0.578954706,0.604995753,-0.826138884,0.15620936,0.391649957,0.184927855,-0.626379275,-1.98977578,-0.695605232,-0.6482013,2.88123856,0.39010554,0.090291329,-4.48211006,0.31636917,1.257150752,-2.872828322,2.645961072,0.822140227,6.533517168,-0.099002895,-0.568443335,1.484596699,1.06545254,0.95020015,0,Normal
3.461991254,0.081342221,-1.126713065,1.732246906,-0.646903473,0.279538676,0.476466858,0.731171574,-1.827132987,-0.041484377,-0.198890125,-0.920120403,-1.89568845,-2.354492517,-0.740020284,0.323075881,-0.410276902,-0.952551769,-0.524726841,-1.281173372,2.216209266,-0.301101297,-0.76180558,0.929474556,-0.117871125,3.766589429,-1.267553806,-1.05214236,1.958708422,0.004689505,-0.211052612,1.827955992,1.659158393,-0.553964959,-4.720619508,0.666024441,0.145375611,0.757767187,0.529959598,-0.162749667,0,Normal
0.848941043,-1.211548557,-0.402008614,0.566405964,-0.961730056,-1.435625688,0.272261889,1.354812458,-4.042400048,-3.164967908,-0.566499962,-0.344543186,-0.918639999,-0.673958275,-0.563623493,0.926642249,-1.188902227,-0.023513476,-0.062829487,-0.2754078,-1.55655339,0.193648061,-1.043438529,0.911059385,-0.762849706,5.16592795,0.269778212,-0.985714948,0.896376773,0.59938906,-1.013490246,0.361860504,2.544151578,0.280270449,-3.318904542,0.269964791,1.059433543,0.947478621,1.64160803,-0.573089484,0,Normal
3.219180103,-0.302750996,0.363807995,-0.344974259,0.529990769,0.848570436,0.703803155,-0.100487227,-2.224800798,-0.813787951,-1.829631426,-1.97684817,-4.001183366,0.217912522,0.792956975,1.372884841,-0.162202256,0.241452089,-1.678547862,0.002630143,0.240945983,1.509295267,0.194005235,-0.638461702,-0.040400729,4.201618913,0.231044937,-0.099671109,-2.625411206,-2.007708526,-0.854009823,3.100445192,1.167468202,0.057330318,-2.900788595,0.220085283,1.566116618,-0.923176118,-1.581216941,-2.131054296,0,Normal
-1.409628959,-0.985858119,-0.41401498,1.464480293,-0.094475255,-1.052375568,0.292718807,1.064882064,-3.226071081,-1.583552568,-1.289650118,-0.803918065,0.001279804,0.247766786,-0.849974725,0.903422318,-0.26970663,-0.493249404,-0.626378057,-1.293171712,-1.460894482,4.766109141,2.56199697,-0.27180092,-0.655595502,1.148385668,1.473416131,0.171388793,-8.492584372,-2.52948866,1.204541427,0.495839445,4.739815643,-0.313299811,2.574100468,0.313648252,1.180857958,-0.047377198,0.000345754,0.355798643,0,Normal
-3.344455333,-0.164097247,1.25262308,0.996840091,0.874929649,-0.679753503,1.586074582,1.144494371,2.606730663,0.238128698,0.705030254,-1.247258348,1.305588805,-0.176845571,-1.092327269,-1.469670442,-0.910233653,-0.726241575,1.093569209,-0.248934289,-1.109004503,0.77347879,-8.419848944,0.003464176,-0.591176644,-2.51584074,-1.753114818,0.439454702,1.185093663,2.698947911,0.637924343,-3.149553076,-1.424370426,0.899103072,5.649328642,-1.010980826,-0.869823862,0.671780868,1.651974678,0.193648955,1,Intrusion
-1.009307546,0.06868779,-0.416307791,-1.37492433,0.00969114,-1.482855886,1.029832669,-0.107010795,-2.301774765,-2.683604145,-0.692027951,-0.425110662,2.309019748,-0.472874351,-0.376599324,0.115796382,0.403811375,-0.164647235,1.449765173,-0.39593375,0.202162694,1.590938435,3.234531666,-0.451888307,0.299142655,0.343480843,-3.032633649,1.069711821,-3.822464096,-0.807692503,1.158086062,-1.662333213,0.337595423,-0.130950735,1.381952684,-0.708357354,1.191283441,0.306833098,-0.481237122,-1.002998208,0,Normal
-0.310998935,2.219543945,-0.871766026,0.805406467,0.625807433,-0.847208654,1.073128639,0.446255191,-0.434250835,-2.772724071,0.684701625,0.818129468,3.393939063,0.81209184,-1.186166418,0.493646927,-1.090150217,0.978478228,-1.203324026,-0.548900838,0.5638613,2.900568002,4.059315371,-0.005622355,0.074720319,-0.771560162,-0.039522258,0.052332712,-2.994357918,-1.030499916,-1.741527369,-0.659646549,-0.25360828,0.453380999,-1.03667326,0.150867891,-0.479615886,-0.71738213,0.347731509,-0.072040945,0,Normal
3.748315182,3.542095013,-0.626327696,0.61775306,-0.166841516,-0.378343937,1.978587506,-0.059503439,-2.673148177,0.484003001,-0.062440222,-0.162136443,-2.545251313,2.431558639,-0.059670099,-0.241780696,0.002226972,2.102828745,0.5915689,0.426073269,-1.197521322,0.89045884,0.736293761,2.706921225,-0.953166151,2.719536864,-0.0211641,1.663891159,-2.574913639,-2.602080454,0.197828472,3.014651263,2.699729065,0.91841437,-1.94518088,-0.754078394,-1.145537625,0.152704663,-1.760352473,0.481476362,0,Normal
1.71914748,1.439728636,0.157091599,-0.055738162,-0.766325929,-0.171793474,1.0338844,-0.408459377,-3.182413663,-2.34296351,0.092214515,0.335160686,-2.108227986,0.027342664,-0.59044097,-0.385599894,-0.278351238,1.097433221,-0.687172266,-0.293541946,-1.00893906,1.040060777,-0.442037088,-0.122935522,-1.366702247,4.054544924,-0.661781861,-0.161797089,-1.567204138,-1.257176216,1.458978484,1.859144901,1.760338628,0.056049148,-2.158722127,-0.724170071,-0.462175757,-0.892284124,-2.453952212,0.373552601,0,Normal
4.60686438,0.170860029,2.277632467,1.128990682,-1.058963962,-0.891169023,-1.213904112,0.453529882,-1.411199153,0.879142836,-2.032635864,0.19945401,-3.219575056,0.332379846,0.368199253,0.660490628,0.813118101,0.572703054,0.406232708,-0.844760296,-0.894046075,0.723071025,0.342940501,1.010687366,-1.231982286,2.54665987,0.135871619,-0.220576719,-1.346353957,-2.630284101,0.677749399,3.932752825,1.543458802,-0.743332469,-3.313491468,0.368292578,0.06458768,1.346982558,-2.360296877,-0.040329082,0,Normal
3.242635896,0.777582165,-0.927074033,-0.141391416,-0.313511197,-2.026361786,-1.586574768,-0.150245207,-0.164451479,-0.134054567,-2.114154052,0.290254689,-4.930618373,-1.056357454,0.584133805,1.396220943,-2.0476412,1.089780311,-0.818089173,1.504717616,-0.152479317,1.5956581,-1.75174256,-1.002600496,0.48431524,4.643512351,0.441946229,1.202495822,-1.156137613,0.012395746,-1.227315378,1.755417315,-1.411196859,-1.605968037,-3.500382457,-0.752436111,2.191121605,0.000612656,-1.234924641,-0.202104536,0,Normal
1.192871873,1.101416911,-0.916762158,0.331985203,1.397525346,-1.280569389,1.5313434,-1.025718891,-3.264325632,-3.262128022,2.63532118,-1.313046319,-4.215811649,-0.837964091,0.893988534,0.832242945,1.714877293,-1.17913697,-0.416689343,-0.665685738,-1.529676499,4.048553279,1.363197019,0.03150649,0.655299119,5.362686578,-0.574768631,0.538416428,-6.813692523,-2.298650617,-2.946268928,2.208529352,1.116970508,-0.661939879,-1.418447005,-0.481201479,0.678593464,0.846020388,-0.406176357,0.015182906,0,Normal
1.360987986,-0.461535191,0.52724819,1.445641194,-1.703106028,-0.500978823,0.46641402,0.435083338,-1.618064357,-1.31936935,-2.155989295,-1.374668662,1.71037545,-0.63419028,-0.256748346,-0.185024909,2.081106122,-0.118245224,0.216157182,-0.287962607,0.040878762,-1.737502285,-3.166667523,-0.024059002,-0.398757422,2.539995186,-0.214964705,-0.673700894,6.016336655,2.470803209,-0.976252242,-0.918885542,1.365628048,-0.722110598,-3.98412261,-0.137274481,0.491689214,-0.952012368,0.821227438,0.518626376,0,Normal
2.610978398,-0.130655843,0.895240517,-0.38415007,-0.036414848,-1.678355823,-2.299191288,0.193542969,-3.978605614,-1.629250759,-0.085856339,-2.005628511,-2.248599245,-0.638344051,-0.07989145,1.718852412,-1.236627994,0.953833983,0.382529246,-1.267759537,1.358369105,0.76510139,-2.025316128,0.262412906,-0.024603032,1.942034652,-1.128837672,0.182502696,-6.409913649,-3.506685278,-0.841813993,0.660141999,-0.490130804,-0.157706618,4.873885063,-1.285740945,-0.14383315,-0.691270608,-0.582235485,0.582924574,1,Intrusion
-2.494599581,0.492923801,0.596341656,-0.846094815,-0.872428095,0.311239908,-0.287587709,-1.260758771,1.151099208,-0.410785433,0.57294631,0.269897677,2.653940433,-1.250619834,1.405152441,0.694229321,-0.43184845,1.29467215,-0.407506153,-0.699487935,0.085720565,0.52095125,1.132573007,-0.385471118,-0.421109405,-1.948014086,0.941842728,0.553710659,0.041194416,1.300906254,0.423898214,-2.258868229,-0.57561975,-0.508701519,1.26941443,0.418183665,-0.077344842,-0.466055491,0.544603861,-1.173549973,0,Normal
0.878068125,0.043429272,-2.441925336,-0.877075425,-0.26093346,-2.165160707,-1.578065439,-1.430067802,-4.427027816,-4.446937544,-1.392326784,0.222838186,-2.707029305,-1.425565827,-0.325056439,1.242790222,-0.753270058,1.753756669,-0.542356644,0.15183011,-0.557357369,0.608113353,-1.031179176,1.09999602,0.447948461,7.460825106,-0.928131186,1.465657547,-0.074010409,1.250075329,0.26650144,-0.293986022,0.609538969,-0.011168854,-3.86525207,-0.84035498,0.787626682,-0.939967085,-1.217873398,-0.551819527,0,Normal
-2.180578736,0.323990898,-0.540483613,-1.063585357,0.967105102,1.740841694,1.411588253,-0.754113829,-1.657549831,-2.56739529,0.614705084,0.244475489,-1.423311792,-0.755426606,0.469448509,0.465352568,-1.299777259,1.738384992,-0.554472155,0.505841089,-0.580079729,0.771191557,-0.713513802,0.486269229,-0.458460996,2.503500434,-0.066933394,-0.173312434,-1.793065525,0.613189593,0.708525345,-0.848143935,-0.048500221,-1.593258005,1.079986385,0.967502615,0.745564501,0.101037221,0.52063366,-0.199601766,1,Intrusion
2.514447643,-0.286139085,-0.523624506,0.230753697,0.167800653,0.379945407,1.512228018,-0.292579229,-4.909818376,-2.485940939,-1.150297075,-0.511573124,-4.884262032,0.392323161,0.396965805,-0.341740802,-0.469402959,1.665047278,-0.633174693,-1.259772184,-1.285380748,3.033288625,4.720740831,-0.451750595,-0.083991661,5.191242054,0.532218811,0.703919249,-7.750953694,-4.892097062,0.121332676,4.907691108,3.471816766,0.238690821,-2.247205465,1.751614547,0.931023226,-0.817803213,0.695617163,-1.193775817,0,Normal
5.057372496,-0.899026375,-0.687786431,1.76384814,0.084856582,-0.100492579,-1.294937053,-0.111224775,-8.644929677,-3.665691399,0.2112744,0.704863076,-0.571620825,0.874540158,0.375902639,-1.088225329,-0.356322553,-0.346639664,0.613186738,0.556016769,0.316659665,0.302842752,1.521234379,0.109938943,-1.188623097,4.081249797,0.445790849,-1.473876149,-7.572657207,-5.558246847,0.585194229,1.50051336,2.436381208,-1.216561497,2.855682884,-0.366163927,0.728141107,-0.461818133,-0.913706659,-0.776067557,1,Intrusion
-4.38965626,0.416812798,1.167640337,0.81079005,-0.993638212,-1.181390384,-0.329648534,-0.672641461,-5.173989455,-3.345453608,-0.654109892,-1.181679625,-2.115263897,1.327510144,0.321588499,0.171209404,-1.138796588,1.129453915,-0.960217192,0.460484878,-0.436413629,-0.990103037,2.09719047,-1.011908756,-0.417462426,5.611863781,1.003605281,2.14899596,-3.02616394,2.435076325,-0.334528671,-4.07038343,1.011375666,-0.383415636,2.456703157,-1.13937455,1.40227182,0.002262393,-1.6836665,-0.715258161,1,Intrusion
-2.149224755,1.456312447,-0.776735892,1.53352013,-1.734438602,-0.13052394,0.381717032,-0.248195357,-0.52977294,-0.191942629,0.434538134,1.436942463,1.09374058,0.185511199,-1.586808174,-0.729618975,1.396181512,0.747131848,-0.089526366,-1.445772878,-1.461534605,2.842277455,2.544452838,-0.930150085,-0.23036406,-0.160774869,0.713634024,0.896428407,-3.364267368,-0.023299163,-0.068669281,-0.545608518,3.156710103,1.965732522,0.323547582,-0.462504242,1.556520272,0.220524662,-0.367124929,-0.209733391,1,Intrusion
4.19717326,-1.288266105,0.19904541,-0.888237442,-0.785781327,1.182794584,-0.764716776,-0.933569161,-0.636217288,1.465222348,0.599129034,2.948980927,-4.433191123,-0.065145152,-0.215555699,-0.196595454,-0.114942111,-0.170236691,0.863903505,-0.150663127,-0.232967665,2.219865101,-0.636923822,-1.487187703,-1.468454671,1.65080348,0.296725019,-0.853022542,-4.560232125,-3.666215741,0.429765598,4.284429965,1.048208348,1.964939232,-0.592344782,0.649710721,0.142973473,-0.374764026,0.546975765,-2.210652327,0,Normal
-2.125314673,-0.222153457,-1.58592105,-0.080026012,-0.643336067,0.810851902,-1.228247954,-0.057404452,2.106565575,2.720876933,0.656191096,-0.00883691,2.076062549,1.971049962,0.172676994,1.177605049,-0.010019051,-0.056192677,2.146168379,-0.230744264,-1.970854526,0.377131133,-0.303853944,1.093852016,0.646049986,-2.310133171,-1.632311368,0.385850094,1.865974248,2.285370049,-1.159768135,-1.715164702,2.267133819,-0.300581563,0.21294387,-0.098748837,-0.428388009,-0.189887829,-0.601836429,-0.000136546,0,Normal
-2.538825574,0.189002868,0.880528676,0.871650407,0.786074629,0.147681011,-0.801612872,-2.325004658,-3.688165996,-1.177636908,0.36243604,0.000518785,-0.096875035,-1.513611736,-0.412772606,-1.154981302,-0.584143536,0.518081904,0.143645106,-1.648613881,0.392635341,-0.621118129,0.617825719,0.46646634,0.717663287,2.209485361,0.132516269,0.633134977,-2.323243377,0.953164234,0.462172512,-2.62212062,2.300126706,-1.285682778,3.058291,0.248896173,-0.570602516,-0.042708285,1.053392193,-2.008311497,0,Normal
1.471598778,-0.802981659,-0.266841504,-1.001241174,-0.578891459,0.718982071,1.714301353,0.545513418,-0.19998983,-0.745644596,1.111872738,0.208313204,-1.324688209,0.216116829,1.75290959,-0.137138922,0.53756201,-0.624108313,0.315751573,0.045044655,-0.425292389,1.697960721,-2.793675729,1.154079571,-0.365058826,1.964903683,-0.957323503,-1.177522585,0.240747698,-0.148931705,0.586651259,1.598814694,1.019862774,0.9898661,-2.225181348,-0.13498461,-0.219340834,1.979029402,-0.066580901,0.741604507,0,Normal
-0.693856836,-1.042118326,0.873691483,-0.38590774,1.416097837,0.038054217,-0.19817134,1.281650894,-3.188484132,-2.251193614,0.367012923,-0.744553637,2.075798232,-0.30286774,-0.630181825,0.122893674,-0.445122406,-0.227863618,1.578498122,-1.583642827,0.349988679,0.14581509,3.129189344,-0.852827363,-0.266402863,0.765633344,1.317599159,0.360460417,-2.353267888,-0.800183048,0.942405337,-1.236029788,1.406645186,0.382668628,0.948035941,1.083998669,0.535352182,0.424222899,-0.882155148,-1.614418142,0,Normal
-0.347646845,0.357685529,1.534529453,-0.437175253,0.085335605,1.266204355,-1.502155775,-0.065855567,-4.276668937,-3.871415418,0.090109689,1.153663254,-1.170406425,1.295510955,-1.676230112,1.80692856,1.201023103,2.280731697,0.116070615,0.559715805,-0.999347085,1.561463577,-0.95601807,-1.107403546,0.108833136,4.808237347,-0.276808317,-1.185614997,-2.168904225,-0.135548324,-0.382521777,0.072902121,2.45008147,0.624495279,-0.957712381,0.219194385,1.519887921,-2.154802538,1.316021508,1.218212405,0,Normal
-1.459718007,1.281359252,-0.012234146,-0.312828526,-1.611469338,0.200831299,-1.490257435,-0.533051554,2.710213119,0.192802092,0.656768773,0.008300392,-2.728199014,0.570917838,0.400207298,-0.79699367,-0.45556645,-0.334535925,-0.192504383,0.532495046,-0.082864692,1.416639596,-1.74531403,0.777127146,0.352578782,1.3307112,0.841624026,-0.123678121,-1.654726969,2.73109205,-0.759068059,-2.906230505,-4.913223259,-0.71774662,1.391540086,-0.111616102,0.461534497,-0.489145479,0.994827808,-0.260400436,1,Intrusion
-0.978001518,1.035312663,0.311342104,-1.076817552,-1.668380512,0.075842665,-2.024972748,0.824877383,-2.650039014,-2.623148154,1.073170839,0.311881514,-3.472222971,0.3502505,-0.718340125,-0.298820798,0.866634854,-0.013537524,-0.601490095,0.651924362,1.958959569,0.419240372,-0.900487369,1.332547777,-0.601542317,5.769450774,0.989764519,0.440785001,-2.782259906,2.348148624,0.340915775,-3.323508142,-2.547065397,0.524275874,0.933805876,-0.515414877,0.018250641,0.405812362,-1.490523354,0.243177943,1,Intrusion
4.083201353,-0.784609175,-1.477434054,0.40229038,-1.097370384,0.931777146,0.828536501,0.210018077,-3.833691261,-0.645646995,0.47973855,0.180146408,-3.376360354,0.62095655,-0.420887767,-0.839372684,0.336958467,-0.394915168,0.59660816,-2.226161413,0.791683896,-0.578174972,-1.067525824,-2.120167157,0.651378302,5.249613456,0.975312765,-1.707103355,0.434461579,-1.188588107,-0.065094026,2.741069479,2.594383723,0.148742658,-3.917069994,1.050576554,-1.022505877,2.035412285,0.457126384,-0.33422486,0,Normal
-3.348444433,0.374412945,-0.350999386,0.189452261,0.892339937,-0.655145146,-0.516752657,1.587058262,2.737096736,-1.603851238,0.457400471,-1.138393067,3.239833129,-1.212547053,1.733625649,-0.017086054,-0.116619635,0.542303005,-2.617354408,1.069764885,-0.65956861,1.653400661,2.929034476,-0.23301233,0.654059665,-2.746637762,0.676775266,0.826690354,-0.132219942,1.164719492,-0.820686004,-1.81892317,-2.17680245,0.817501943,-0.05872453,-0.03790702,-0.393653818,0.00132979,-0.779085139,-0.371105766,0,Normal
-1.79513541,1.87039672,1.047667206,0.051733538,1.054156421,-0.550936808,-0.157570768,-2.127144936,-1.897617499,-2.563258117,-1.155768,-1.338346681,2.086213883,1.10964504,1.357334853,-1.143517532,-1.232814142,0.36354808,0.326605699,-0.214783578,0.125016613,2.748061257,-1.808684705,-1.075193908,0.332571831,-0.312354715,-0.652203345,-1.371536507,-2.7370917,-1.166806924,0.717905936,0.28870752,3.433696811,0.377207724,2.052859099,1.716981516,-0.986938976,-0.586832765,-0.443836108,0.252428583,0,Normal
-0.472295971,1.133330205,-1.688128545,-0.022807358,0.556202263,-0.026126213,0.446077129,0.77621039,-1.474536902,-1.928146902,0.531422042,0.99933247,0.44148821,0.000448616,0.84341608,0.823869682,-0.589365507,-0.864876797,0.982253877,0.666539585,-0.80319411,2.26552128,-0.996301843,1.492810029,0.833367507,0.499409185,-0.531983062,-0.367867139,-1.689457302,-1.645003736,-0.297819728,2.090123451,3.31050935,-0.83850893,-0.355451371,2.168408366,0.334150733,-1.253907977,1.768480856,-1.437717981,0,Normal
0.409646122,1.967094063,0.356869334,-0.504366422,-1.555202032,0.758297527,-0.568607768,1.161068926,-5.181289878,-1.843962389,0.463451866,0.238290542,1.430417034,-0.411588038,0.623581774,0.738002779,-0.361158259,1.019072775,-0.848833209,-0.059642205,1.04806434,0.222936382,5.05874142,-0.244122802,0.193347248,3.733887103,-0.566250255,-1.191039287,-2.198077169,0.131379375,0.315958471,-1.642637688,3.763270724,-0.206578313,-2.019884565,0.669669353,0.602070813,0.201996637,0.698732963,-0.27919289,0,Normal
-0.754698117,-1.745609189,0.202431521,-0.829523718,-0.1851705,-0.144055673,-1.728419675,0.570088195,-2.398711219,-2.963016463,-0.075972891,0.025416683,-0.255788385,0.761939231,-0.091402749,-0.946299508,1.148129469,0.181847378,0.03061022,-0.786068399,0.158648671,3.567645306,1.439900463,-0.101139756,-0.887972733,1.524656087,-0.31694181,-1.624524448,-4.921003577,-2.42532751,0.457029159,1.977051871,3.044748646,-0.032363711,-0.062819079,0.85344777,0.336634539,0.036152695,0.171379188,1.934415391,0,Normal
-1.471905854,-1.778051418,-0.672931993,-2.263702142,1.493917909,0.202696046,0.257942228,-2.011983464,0.171307091,-0.100460877,2.137861482,0.363922194,1.780958634,-0.403476876,0.898844754,0.540084953,-1.609004805,0.781008382,-1.919460509,-0.118310122,0.642022185,2.558676992,2.055919086,1.161841157,-2.181471854,-0.649889933,-0.335897775,0.507560157,-1.888896421,0.213659762,2.45517743,-0.455669916,2.516544217,-1.728038321,-0.605455533,0.615097575,-1.025138853,-0.447165918,-1.661719751,-0.841790888,0,Normal
-1.745868769,0.088649631,-1.380036112,-0.162191312,-0.652939855,-0.724823209,-0.092886495,-0.976411049,-0.977267366,-1.891911333,-2.033247587,0.474646002,1.385463417,-1.093060163,0.675139749,0.470552274,1.187235196,0.647574254,-0.033549073,-0.279363554,0.108482823,4.314679401,2.539071599,0.350579154,1.920822129,-1.113660273,-0.281407051,-1.431264349,-6.614059996,-2.485002178,-0.979294169,0.651207955,2.317357144,-0.194897647,2.316884345,-0.958650688,0.065939549,-1.355206505,2.080745336,-0.292485621,0,Normal
-1.676415549,0.180990047,-0.161148164,-0.103975328,0.65786442,-1.411408797,1.114198198,-1.961881527,0.364566443,0.929840958,0.701131905,-0.082920344,1.655680788,-2.077287781,0.372660408,-1.273804902,0.389387142,0.018176239,-0.043470517,-1.622334272,-1.023887573,1.774363492,-0.134702499,-0.044425829,-0.923165591,-1.88649541,0.071386121,-0.615737664,-1.690309457,-0.122488232,1.061865306,-0.355519828,2.867563536,-0.287412865,1.766008859,-1.593374083,0.446275832,0.161252081,-0.05878523,-0.581949832,0,Normal
-2.678750524,-1.597852003,0.078309232,0.698850976,1.431694976,-1.340979495,-0.212595446,-1.975007304,2.250924893,1.223518775,0.010583191,0.22966267,2.011491506,0.162348919,0.105514126,-2.066982915,0.494449177,-0.206131702,-0.638324472,-1.198263859,-1.309568973,2.104859634,0.792948252,-0.575584549,0.722318826,-2.430945298,0.299500682,1.111253219,-0.566258093,1.213824479,0.296466204,-1.10334456,1.616945572,0.781870094,0.519414171,-0.888352549,0.479520864,-2.009689177,0.769358873,-1.703769736,0,Normal
2.516214338,1.870186672,1.482706105,0.580248244,-0.147753346,1.256494182,-0.085673232,0.879939758,-2.254869166,-1.137413912,0.489670518,-0.102637332,-2.592518925,-1.04619978,-0.419563816,0.864087211,-1.003510456,0.257393556,-1.54810328,0.33723048,-0.205376835,1.092702364,-2.247861499,-1.437150973,-0.194451972,3.404770336,0.102475703,-1.502702333,-1.472026697,-1.260468039,-0.734138346,1.949025517,1.23006223,-0.094097945,-1.358440368,-0.217413909,-1.027041423,-0.582009422,-0.978491711,1.281276665,0,Normal
-0.1342433,0.292058024,1.100893033,0.095988621,-0.882130935,1.070949605,1.229914755,0.178266281,-0.139739213,-2.016413825,0.07104306,0.905811109,4.139225294,0.844079006,1.086470084,-0.784736026,1.287856698,0.813503487,-0.32583905,1.907876709,1.024068532,0.616456001,2.813480714,-0.430819759,-1.342493582,-2.257167143,0.593733067,-0.459226672,-0.761324813,-0.960959067,-0.682602273,-0.961576572,-1.107935245,1.766421642,0.341023975,-0.647421841,1.279809613,-0.760542988,0.278479435,0.893791644,0,Normal
-1.448187809,-0.896885768,-0.360251173,0.542766478,0.956846771,-3.183301344,-0.066916982,0.465110881,-1.146338731,-1.828372903,-0.353936495,-1.345225597,1.893701631,-2.436079854,1.976743852,0.938680531,1.266858549,0.318697578,0.330553696,-0.643417919,-1.01999597,3.486480378,4.226980675,0.312213006,0.557031492,1.186909186,-0.630156022,0.493118493,-4.012037333,0.51686894,0.59050153,-1.891813702,1.453951233,-0.054081943,-1.063096364,1.272815793,-0.289884094,-0.263443236,0.547306233,-0.605539333,0,Normal
-3.503802561,-0.256493487,0.998406382,0.815203129,0.028109504,1.175992619,-0.367319378,-1.347224739,1.221158357,-1.506453678,1.196060241,0.267697651,1.514031449,-0.088127287,1.143267486,-0.56076775,1.112988515,0.818726103,-2.06575259,-0.112943582,-0.84588857,3.079447589,-0.356025635,1.33817787,-0.423938696,-2.682400905,-0.081427571,0.922975634,-4.219286817,-0.862291121,0.061605594,-0.656161907,-0.116158019,0.924552938,4.190118705,-0.562734881,1.066871459,2.644392847,0.852324807,-2.273337038,0,Normal
4.127439061,1.960571103,-0.125564755,-0.062635954,0.390518493,-0.827507018,-0.891411205,-0.622326167,-2.675882747,-0.372689659,0.49453244,-0.061753974,-3.021395064,0.8012246,0.125287607,1.964406537,0.859082519,0.787648811,0.348542286,1.537145916,0.017624518,-0.408868191,-2.310853476,1.092306046,1.32076386,4.281012885,-0.141333584,1.227535251,1.085456087,-1.032355201,0.926512006,2.759972821,1.803723949,-0.140298985,-3.622753405,0.459270919,1.299703624,1.425422807,0.338830271,0.429111769,0,Normal
-0.710072115,-0.131677791,0.535722395,-2.057095913,-1.771401726,-1.082674613,1.171749167,-0.542109001,-3.674639954,-0.741757453,0.202012726,0.286474319,1.110957411,-0.359559617,-0.504003541,0.100341927,-0.289485156,-0.341462069,0.023274507,0.330562841,-0.850113363,-0.376503267,1.303276436,1.55967423,-1.861026292,2.529831277,-0.445797986,0.214929112,-1.292566684,1.416155118,0.961507956,-3.035732352,2.427218618,-0.349157825,0.848397972,1.494277488,1.502195102,1.192964072,2.115363504,0.09800301,0,Normal
-1.966025314,0.021810973,0.480539333,-0.966637375,0.524464901,-0.41841702,-0.531814493,-1.850747596,-1.556022653,-2.467607371,1.866432146,-2.031279886,1.391360619,1.670743391,-0.559504403,-1.070939847,1.506926496,-0.061631238,0.198025188,2.617259382,0.042578934,2.836612319,1.684624303,1.233196276,-1.524473596,0.124389248,-0.489406019,1.383112132,-4.795078563,-0.894896669,1.356978645,-1.048470722,1.031123568,-1.541805436,2.205687365,-0.8309108,-1.379352487,0.908811476,-0.526704383,2.261333261,0,Normal
-4.732086967,0.901687651,0.560714031,-1.83519854,-0.555855801,0.789044045,1.587977648,-1.569475358,3.538044605,0.102759577,-1.158748897,-0.205200195,1.654652104,-0.174054728,-0.890980268,-0.369034095,1.371487542,-0.899755797,0.292647691,-0.07614157,0.957057123,1.965926033,-1.125758607,-0.018613225,0.369836664,-3.137646722,0.670039353,1.103789339,-0.549900235,1.991100686,-0.544772381,-2.195424015,-1.087880503,0.131125217,2.841233481,0.150875431,0.849695448,1.559453882,-0.391255332,-1.097272724,0,Normal
-0.679808389,-0.400549522,0.640140602,0.008955084,1.325105553,-0.944348214,-0.991272667,0.367903028,-3.590051366,-1.316780822,1.090796413,-1.235475798,1.151320349,0.741947605,0.010828843,-0.373972246,0.290002853,0.976604327,-0.009676487,-1.226118799,1.10440104,0.252563063,2.150221555,-0.034014017,0.597249712,1.288897922,2.372576802,0.705958673,-2.907955519,-0.629843562,0.066217942,-1.265176823,2.572535704,-0.778682836,1.631182042,0.015664415,0.388061042,-0.993745038,0.706014311,-0.563043034,0,Normal
0.853478941,0.706680193,-0.509497708,-0.385357886,-0.784828369,0.543391881,0.088817592,-0.909300825,-1.805805735,-2.256525839,0.349203748,-1.207597935,-0.435163047,-0.92589616,0.532755516,-0.549983969,-0.843499467,0.431259834,0.636715153,-1.661167147,-2.540660815,1.9431195,-0.622659524,1.100732213,0.145975908,1.289591459,0.910840788,-0.05862923,-1.940248413,-2.24293403,-1.331281456,2.640556547,2.150330832,0.599164341,-0.997550393,-1.139088372,0.530396353,-0.03296799,0.788953572,0.743820681,0,Normal
4.394335394,-0.167443953,-0.228486923,0.088835228,0.154808993,0.986681854,-1.174762807,-0.869812694,-5.064456861,-0.55521798,0.85675744,-0.956248484,-2.93989753,0.912323683,-0.541013525,-0.309136109,-0.662201294,-2.668360703,0.578815231,-0.576701308,-0.683097001,0.070320574,-0.097088757,1.134744933,-0.58717522,4.376878373,-1.166977268,0.057625463,-2.591598164,-3.082448757,-0.438343194,3.244204379,3.838354338,1.196693716,-1.702916799,-0.208220614,1.23951651,0.293557916,0.191649303,2.09932037,0,Normal
0.449822471,1.186037556,1.264650809,0.505472356,-1.737624359,1.435154207,0.429254681,0.005717938,-1.6736288,-2.056863827,-0.563296123,0.15594849,-1.154717821,1.124646065,-0.252231226,0.239910919,0.47429409,0.369716031,0.726883366,-0.899878851,-0.365867437,1.5687955,-1.490072346,1.128815119,-1.907406963,3.447340371,1.237471019,-0.992043586,-0.650210958,0.641516873,1.723537374,-0.021698495,0.826774906,-1.832157334,-1.882562586,-2.299922622,0.306411317,0.207416345,-1.289195125,0.405375539,0,Normal
0.878996886,1.431097137,-0.953178345,-0.64460698,0.26372429,0.075351672,0.727501514,-1.726374992,-1.01089507,1.355182015,-0.549003521,-1.352182081,-2.78172964,0.176986606,0.161970377,0.137940934,1.53806067,1.16062963,-0.942430751,-0.005852556,0.7766472,-0.713680895,-3.600830472,0.063631871,-0.58807436,2.367292494,1.094235287,-0.564039373,-0.605130629,1.255063103,0.970957102,-1.429029654,-0.349522615,-0.710669128,1.933269492,-1.605600981,0.898736465,1.133646718,0.332004249,-0.681773721,1,Intrusion
3.199093572,0.196033875,-0.118780885,1.472632945,1.036816207,-0.715788641,0.333068505,-0.994776954,-1.906563346,-0.621783156,-0.127962459,-0.108671636,-2.597704779,0.743878538,1.888668669,0.46225922,0.961598502,-0.405394039,-0.151727362,-0.113270938,0.076921056,-1.465480403,-2.717579623,-0.878944993,0.77177686,5.578230099,-0.425143251,1.306725103,4.368682877,2.12364484,0.086736897,0.308954706,0.205351355,0.433512207,-5.511213885,-0.884467903,-0.124948614,1.45762867,1.95626889,-0.991435177,0,Normal
0.893832616,0.666731984,-0.155035753,-0.983826365,0.63980993,0.937612671,0.223400973,2.12045503,-1.089841205,-1.667476925,0.701750715,1.064361874,-0.147591516,-0.45558357,1.100596675,0.156704236,0.588780303,0.640467534,-0.808162024,-0.683214063,1.009710878,1.538038645,-1.790345264,0.280982936,1.731445297,1.985855913,-1.642303041,0.347890863,-0.331701091,0.03773969,0.627236184,0.387112807,0.804825872,-0.785522396,-1.471647592,-1.509020302,1.932529224,-0.14716421,-0.547851262,-0.126970244,0,Normal
-2.619221065,0.667512988,0.535862043,1.48422202,1.279402101,0.902663363,1.231164542,0.476939697,-1.479523031,-2.870922187,0.371210877,-0.047096903,1.768194449,-0.477274634,-0.962769683,2.232385742,0.815003368,1.046423122,-1.419501855,0.657752884,-0.534566579,2.574562458,5.325545602,-1.81511277,-0.572429803,2.569963813,0.049250969,-1.129600365,-3.1694619,2.214768059,0.546497399,-3.822191477,-0.221903015,-0.043073343,-1.522121969,1.228577359,-0.172423482,-0.55082449,-0.706583258,-1.30260179,0,Normal
1.614053088,-0.046150614,-1.621215712,0.242941658,0.552990594,1.170504067,0.505879552,1.614481007,-1.055620739,-1.004561775,0.977191955,0.327137273,2.395697931,-1.330448431,-2.415969531,-0.206471951,-0.653452021,1.826702198,0.051467488,-1.281522322,0.003222499,0.585119293,-3.099115685,0.301235722,-0.753282611,-1.139005336,-1.297171867,-0.19058804,1.576386149,-1.761472208,0.248160483,2.271802156,3.034758012,-0.739039416,-0.68686577,0.693929602,1.086053027,0.092558733,-0.969403399,1.533085403,0,Normal
0.111096387,0.260339381,0.697411762,0.201263743,-0.682790634,0.861947863,-1.304624904,-0.983904349,-2.121651907,-3.441987909,0.459368851,-0.478204875,3.030549756,1.021417953,-1.619516529,-1.112105495,-0.18215848,-2.919010863,-1.881851015,1.145209565,-0.220229407,2.470407742,2.745231519,0.543199594,0.561176896,0.354194262,-0.150451166,-1.171563595,-3.864220642,-1.171604283,0.270064473,-1.366121564,-0.226879428,0.623533476,0.467094514,1.062113633,1.01689126,0.578875567,0.839199132,0.249717977,0,Normal
-2.485422675,0.252952471,-0.60577768,-0.050779613,0.872372569,0.708542491,-0.088314439,1.145497407,-0.04375027,0.362990678,-1.205131175,0.715980101,1.017956278,-0.037556287,-1.454302136,-0.147445713,-0.702401061,0.793755541,0.243765403,-0.859184158,-0.157061018,1.498455314,-0.144423954,0.695898632,0.105091249,-0.688018247,0.505492924,0.571466654,-1.595260618,0.840848685,1.169902653,-1.309403494,2.343628178,-1.014475892,1.784883784,-0.746927309,0.443076793,0.030469938,-0.463667776,0.897370042,0,Normal
-3.599668451,0.924190869,0.387497677,0.241086382,-2.04455004,2.232650252,-0.312672121,-1.60547809,5.866355247,0.107897003,-0.681310148,0.15483873,4.079962952,0.30260772,1.86250336,1.542562062,0.932806064,1.00906158,1.010675537,1.291340526,1.366575903,2.042934041,0.516687382,-0.816634479,-1.505822551,-5.042358541,-0.412904928,-0.671100011,2.041285333,2.29388332,0.52526122,-2.032444199,-3.043215939,-1.777409766,-0.11555717,-0.445089035,-1.072428407,0.946207304,-1.698238849,-0.078603084,0,Normal
1.558665875,0.817515921,1.554982323,-0.136763535,-0.383019701,0.836038871,0.739575207,0.890171883,-1.860062416,-1.737203154,-0.575098426,0.627960452,-1.486966157,1.1804104,1.497857786,0.673068109,0.17653283,-0.080811747,1.105505243,0.270097854,-0.670446864,1.759242179,-2.072831854,-0.714592346,-0.806579855,1.69247735,-1.054097822,0.226920793,-2.109276928,-2.375663357,0.536554787,2.882316573,1.908762151,0.243801414,-0.424633157,0.750253171,0.752679214,-0.395068522,0.780343577,0.272466952,0,Normal
-2.195686979,0.896092949,0.22142792,-0.365954375,0.85006675,1.436221554,-0.774049289,-0.912073261,-4.406089101,-2.45892893,-0.880560382,-2.080751276,0.329134384,0.123746208,0.503264846,0.182740484,-0.984823116,-1.61666968,2.212434862,1.692173319,-2.232483828,-0.474663673,1.225077229,1.626559326,-0.047238623,1.603381701,1.161429724,0.197287793,-3.913821536,-0.734915266,-0.090853401,-1.910771073,1.59215526,0.071624653,4.282746059,2.266275876,1.862636857,0.768782085,-0.232575501,0.409468186,0,Normal
0.866658046,0.226486508,2.194043486,0.537388667,1.063899503,1.024153262,-0.616159791,1.182752354,-2.958665973,-0.686775409,-1.173169386,-0.682267374,-1.531651224,-1.621863247,0.192121037,1.656065176,-0.496251927,0.723675901,-0.200542263,1.420378597,0.745151113,1.128993609,0.87909316,2.047825849,-0.325329017,3.244873362,-0.107863313,-1.258421194,-4.131112223,-0.085490613,0.063445176,-1.484117816,0.611737875,-0.180121989,1.067434524,1.733711245,-0.468800616,0.292211385,-0.709699175,0.109968562,1,Intrusion
0.5770974,1.062096776,0.37955711,1.156072713,-1.659517286,-0.501271299,-0.561028507,0.354713922,-0.083534722,-0.89323533,0.100116175,-0.844754704,1.086821538,-1.477494895,-0.688054294,-1.277678895,-0.205091831,0.219353499,-1.846758473,-0.440146657,-1.198931356,0.271318263,-3.273793197,-0.848327354,-1.220396706,0.404672551,-0.079159394,-0.482669712,2.569905433,0.649793747,-0.316539612,0.365554872,0.988506595,1.155858313,-1.447405688,-1.66803783,-0.774239576,-0.351465695,1.109867753,0.759374227,0,Normal
5.464496133,-1.245760571,-0.208797268,-0.670324961,-0.345534222,-1.320561044,-0.035630319,-0.02464824,-12.31491317,-3.667010582,-0.561421878,1.19612945,-3.843602053,-1.079752125,0.973828674,-0.376492829,-1.70016762,-0.319659365,0.342048577,-0.068445586,1.782850763,-2.026744578,1.2814116,0.054853498,-0.860967992,7.07239796,0.115796495,-0.568880153,-9.444577111,-6.297835881,-0.719518924,1.355706324,3.122864266,-1.23316726,5.411484714,-0.468957495,0.30437657,0.101815539,-0.977085726,-1.866607332,1,Intrusion
-0.44769104,-1.038474658,-0.025145407,0.908934922,1.118871644,0.379939751,-0.178374879,0.325412017,1.527891183,-1.464696497,-0.242951138,0.179349923,-1.067935124,-0.33487661,-1.390458933,0.719540229,-0.086501574,0.806871941,0.259528369,2.110144615,2.001531214,4.096282567,-4.11460547,-0.575559133,0.921939829,0.547689223,1.498371755,-2.078617043,-2.601363771,-0.039162839,-0.808794251,0.56447222,-0.635891633,-0.307765058,0.571533867,0.232355166,0.256247902,-1.22837993,-0.787284723,-1.627688009,0,Normal
2.623363157,-0.631449258,2.162512173,1.801444329,0.683402301,0.365491551,-0.832694114,-0.40264325,-0.880471342,-0.197836071,-0.04479609,1.262684057,-2.919382539,-0.36372104,-0.817521091,1.240625775,1.808003748,0.223669166,0.337401871,-1.602884738,0.045012509,2.319216461,-1.37659521,-0.154356585,-0.587418775,2.436622484,0.508315824,0.432335085,-3.090608751,-1.664887918,1.337614415,2.181647436,0.619329579,-0.125536867,-1.056246413,-0.927360531,0.147602739,-1.035458961,-0.698540886,-0.443524577,0,Normal
2.580774651,-0.833480381,0.537696189,-0.627321164,-1.700380129,0.146560183,1.288427495,0.454062775,-5.127118297,-2.362401594,-0.444490932,0.774864432,-1.586665659,0.446427139,-1.440071077,0.088487352,1.110542012,-0.738731295,0.544978659,-1.161084712,-2.062025913,2.009024031,0.581587885,0.18916154,-2.913864192,3.733271728,0.188666414,-0.624670976,-7.475567473,-2.654023361,0.760009941,-0.489496791,0.580449617,0.624792533,2.833231568,-0.376025145,-0.114165063,1.017908436,-1.446198899,0.781809656,1,Intrusion
1.993192589,0.063784763,-0.346820358,-0.6473329,-0.087356912,-0.740862325,-0.156198528,-0.51150958,-1.293281469,-0.653444381,-0.158437837,0.882996028,-1.281473812,1.199288746,1.541376938,-0.034000274,0.930611294,0.224495615,-0.048274372,0.936486958,-1.156503909,1.070671212,-0.749547636,-0.089999286,-1.292725185,2.548484732,-1.420840576,-0.325648664,-0.270562528,-0.430786193,-0.723603773,1.354374486,1.304564779,-1.648020722,-2.577982115,0.787830969,-1.554662694,-0.275049033,-0.03052437,-1.24969273,0,Normal
-0.378722336,0.978336237,-0.177188195,0.344225041,-0.720037036,0.887039737,-0.190629441,1.307319151,-4.379815982,-2.688457752,-0.40207016,-1.890074209,1.623892101,1.36246893,0.459156831,0.964397071,0.044766107,0.361093872,-0.768240569,-1.329184845,-0.509484822,1.538467539,4.282320943,-0.759036944,0.091300629,1.70799846,-0.64648633,0.239887523,-5.105002718,-1.663435461,0.844413085,-0.994330314,2.473928627,0.140930798,1.171352569,0.114773501,-0.189124491,0.746573481,-0.204346669,2.568229605,0,Normal
2.672490962,0.153258968,1.199793523,0.243332952,-0.853951686,-0.113332821,-1.225419095,-0.844978949,-2.120100699,-1.129311348,-0.643620589,-0.35772875,-1.090557517,0.053473309,0.083555657,0.559926985,0.080257756,0.231387686,0.932573517,-1.607853217,1.180435921,1.41738013,-1.667589308,0.484008317,-0.655033603,2.073106106,-0.170294498,-0.322848211,-1.998483441,-1.827035614,-0.419708112,1.768676599,1.329457165,1.401241723,-0.695671343,0.571645544,0.208462933,-0.494285331,-1.903482647,0.059616119,0,Normal
-3.33887187,-1.270001757,-1.296236552,-1.028312973,0.32679121,1.029493518,-0.677964802,0.474859245,-1.27915952,-0.051956341,1.227290174,0.643558763,0.710932815,0.956002066,0.214613611,-0.721748735,-0.117359914,1.497841314,-0.257464072,-2.660698415,-1.989023525,-1.793962059,-1.544923353,0.613690146,0.867120759,0.423931385,-0.984776116,-0.344297105,0.751132978,2.666339158,-0.372329102,-3.811551784,0.432563062,-0.041849287,3.605789796,-1.405162254,-0.777210299,0.050109625,0.384638996,0.127803149,0,Normal
-1.194319562,-0.392440369,-0.771954483,0.002954893,-1.633735384,-0.534314533,0.066945245,-0.112220832,-0.952954628,-2.854688645,0.187232662,1.221314557,2.335332675,-1.474829469,-0.115209262,0.145458221,2.117838173,0.978734007,-1.317121527,0.583429837,-1.415554065,3.267294976,2.740304457,0.019220932,1.38719503,0.104019526,-1.880058089,-0.325799544,-3.947817037,-0.626708803,-0.868961721,-1.079754731,0.327124452,2.789879781,0.181721174,-1.182826519,-1.927335165,-1.310406559,0.387580797,0.873078427,0,Normal
-1.803570297,0.286868688,-0.740580953,-0.020146654,0.254819565,0.514260591,0.24434117,0.165126631,-2.884850575,-1.157829996,-2.066469428,-0.13719216,0.633061543,-2.244240561,1.881049576,1.305889111,0.761240453,0.345223054,0.158030814,-0.235988643,1.158239877,0.340189065,0.087919026,0.153775929,1.490735016,0.348566323,-2.687994813,-0.255819398,-3.236429776,-0.775176797,1.31301495,-1.073776246,2.370009092,-3.078838032,3.715014845,1.602603719,-0.340652853,0.383666551,-0.762068496,-0.582692692,0,Normal
1.618241724,1.971596484,-2.216549203,-1.253472757,1.478747084,0.798552322,0.004456274,-0.578005329,-2.593015875,-1.111463403,-0.967928581,1.743511556,-1.757914872,0.391413312,-0.879989703,1.21957123,-0.212122498,-0.42165001,-1.227377461,-0.770255098,0.386930757,4.803238635,0.752118169,0.336073556,2.037039935,4.926552844,0.12118148,-0.804207446,-7.243610621,0.737207293,-0.615303044,-2.712871709,0.405501239,0.311539319,-0.048830218,1.384940922,0.816057725,0.93181134,-0.521950573,-0.862459363,1,Intrusion
4.343753868,1.10332712,-0.286875683,-1.792971594,-0.020476399,0.628133008,0.185463546,0.660489013,-3.165922283,0.10631578,-0.232426492,1.707097256,-2.219184931,-0.369585127,-0.158370485,-1.322233371,0.119344918,-0.154454765,-1.96675648,-1.549919362,0.145993143,-1.534166572,-1.452319071,0.18955637,-0.949431523,4.886011623,0.666612886,-2.334775232,2.424741695,0.379490735,-1.220630791,0.994842471,1.563929371,0.208455377,-4.269072162,1.339084157,-0.041947279,0.003720695,-1.138951329,-0.951380407,0,Normal
1.81609951,1.302446256,0.961825716,0.65293248,-0.93412241,-0.345543572,0.784317614,0.727471382,-3.510502456,-2.031969243,0.444809316,0.066817578,-2.72622928,-0.426639694,-0.249317043,1.142966602,1.236137946,-0.563614713,-0.761062481,-0.281472547,0.767234164,1.02229514,1.183842098,0.22024576,0.709476064,4.983623394,1.507148447,0.928329795,-1.971509461,-0.925791931,1.885006933,1.606352321,1.925155958,-0.60784334,-3.084054519,1.676449205,-1.686809086,0.371796703,2.602229507,0.454469998,0,Normal
-2.846205417,0.045601229,0.448259836,0.533234122,-0.87780748,-1.365616409,1.175168975,0.248596999,-6.234214509,-3.304386336,-0.737465899,0.213193684,-1.641654328,1.721886896,0.457547582,0.609860056,0.029303451,0.296151705,1.178360401,-1.86762342,0.785675536,2.690419521,3.123831656,1.005927335,1.424860083,4.350331093,1.05188,-0.328087389,-8.883546152,-1.388192401,-0.209675807,-1.487105193,4.11575655,0.515740798,3.952217835,0.996806646,-0.081529987,-0.760589982,-0.423893762,-0.399640592,0,Normal
-1.749274557,0.505661039,0.625991021,-1.084358435,1.110342918,0.076106742,-0.426459984,0.226249257,-3.752710165,-1.277038927,-0.556145047,-1.833175238,0.908417767,0.370410762,-0.547922077,-0.673963866,-1.24418694,-0.990144907,1.16959314,0.384786864,-1.77592687,-1.529606168,1.308764349,-0.973730306,1.937433816,1.715906192,1.964361867,-1.38868429,-1.062089842,0.784359855,0.481214775,-2.595070748,1.788375018,0.609789619,2.333731597,-0.83467942,0.415398904,-2.19010218,-0.420354572,0.01043413,0,Normal
1.567724956,1.541340218,2.062173388,-1.200546502,1.73143545,1.538234128,1.876973822,-0.288921051,0.739566245,-0.19920948,-0.500812498,1.693844976,-2.584667087,0.726719629,0.144327958,0.344332836,0.173982179,-0.022544411,-0.475896752,-0.06170201,0.576981436,2.474104629,-3.014825489,0.30030977,-0.157579402,1.428203299,-0.755894568,-0.264810539,-1.914709045,-0.814230925,1.79888513,1.777149296,-0.433894412,-2.218177882,-0.615048446,0.422877337,1.61261037,-0.748418198,-0.543022237,0.056765047,0,Normal
-4.074017286,1.602472853,-1.134962479,1.720431262,0.288494997,-0.861465021,0.046928187,1.160200471,2.036148995,1.09704613,-2.133963825,1.11026218,1.0656492,1.068465211,-0.205368041,0.34856149,0.44104755,-0.247353296,0.349291884,0.461457746,0.993775686,1.591986299,1.046106787,-0.318163719,0.54151984,-1.384590306,0.320359628,-1.831041527,-0.277337793,2.348211174,1.068611072,-1.958285208,1.515417657,0.229992451,0.638243503,1.129173068,0.345356901,0.76550798,0.763504951,0.738385737,0,Normal
-0.351147486,-0.632718969,-0.547709307,-0.453377828,-0.258054105,1.215484078,1.034461145,-1.17448493,-3.078922694,-3.714860447,0.32282673,-1.299987215,0.986770029,0.333474439,1.629642918,1.009122256,-0.215758757,1.016821044,-1.79151609,0.74310826,1.074006809,1.00135712,-1.743755139,-0.787717507,1.278312975,3.366281481,0.496033502,0.425184631,0.167665386,0.957467237,0.617839953,-1.131450018,1.395947453,-0.417358998,-1.263427705,-1.34667937,1.236916332,-0.670310296,0.001342218,-0.000568079,0,Normal
1.559842501,0.961142121,0.644966013,1.822907755,0.773982616,-0.065013588,-0.197906521,1.72789181,-1.002340359,-1.792391961,1.226642677,-0.266957571,-0.976502778,-0.301580366,-0.235938227,0.440210938,0.386549978,-0.27249651,0.39963773,1.894815269,-0.951589369,3.773969724,-1.110897452,0.606896706,-0.08836077,2.519386338,-0.335776839,-0.832727896,-5.162206986,-0.334478083,-0.386330075,-1.208909339,-1.429484963,0.2855646,0.704020948,-0.786699461,-2.162380129,-0.727618323,0.449878854,0.755806946,1,Intrusion
-1.870710214,-0.611829306,-0.561328456,1.942318568,0.621411237,-0.057201301,0.613219087,-0.244298919,-4.600242702,-1.987290126,1.15283353,0.118936452,0.98818821,-0.161394845,-1.099218586,-0.449434696,1.767442154,0.364606834,0.9366929,1.190555194,-0.987110195,-1.623088578,-0.324096453,-1.825609912,-0.751323842,2.717643854,0.657795599,0.424247474,-1.357708348,1.666419711,0.229702852,-4.221018863,1.089600493,-0.826052825,3.549160781,0.552151739,-0.328189592,0.966803489,-0.591525164,-1.428822047,1,Intrusion
-3.247571767,0.726133128,-0.217985313,-0.014844104,0.584906418,-0.210098282,-0.643364663,1.291486024,-1.534591942,-1.41857451,0.062015276,0.877867157,-2.908245163,-0.1360533,0.638083407,0.013644154,0.825701546,-0.956882005,0.860132564,0.936473449,0.623305872,0.736435116,-0.196280035,-0.217885407,0.551750537,3.35767699,0.009603451,0.784833433,-2.594284116,1.694085742,-0.359170443,-1.808729727,0.238458174,-0.356886521,1.658599417,-0.466353745,-0.738990294,-1.923222978,-0.124644554,2.226412696,1,Intrusion
1.864603324,-0.26143582,0.629055267,-1.151193938,1.533684411,0.727840986,-0.621477469,0.520465912,-1.233228998,-0.492093561,0.15883883,0.259124882,-1.61410828,0.845080669,-0.496168971,0.370124561,0.05097736,0.449918813,-0.350734464,-0.120586514,-0.753500132,1.330368497,-1.75193388,0.627733703,-0.629037398,2.513712183,0.499791729,-1.300555652,-0.786419194,-0.422715332,-0.904052535,1.218026933,1.30528028,0.224518262,-1.699325649,0.093769859,-0.040452384,-0.146223932,0.022326787,-0.314301066,0,Normal
-0.755587692,0.136544386,-0.697143394,-1.770171611,-1.591571559,1.172363702,0.513543078,-0.975183276,-0.852662109,0.298907312,0.79963549,0.023500786,2.9944601,0.358861075,-0.31698632,-0.49460378,-1.293464903,1.888836586,1.618145352,-1.413089031,0.941487438,-2.90504003,0.082173951,-0.826510533,-0.610876876,-0.443959885,-1.748013426,-0.710892461,3.668275963,2.549706479,-0.303118382,-3.532915664,-0.314445059,1.783457133,0.521175612,-1.267225559,0.621580528,-0.064833165,0.090540432,0.116588593,0,Normal
1.667086819,0.084662611,0.518920891,0.715805984,-0.128292184,-0.494044499,0.289046796,-0.251415204,-4.848680113,-0.443527445,-0.7750689,0.605789795,-1.285213518,1.472240114,-0.908856632,1.022518658,-2.677443917,-1.078603379,-1.824041197,0.635334053,0.455939371,1.218971687,3.217895613,1.246542846,0.041354238,3.51366104,0.512249235,-0.614518616,-6.088280932,-1.552958267,0.27882059,-0.816625831,2.689987321,-0.483919502,1.249334934,0.937926844,-1.353767596,-0.10996752,1.904318083,-1.437928272,1,Intrusion
1.635678756,1.61875856,0.411211964,-0.569189653,-0.118009426,-1.282982037,-0.474889508,1.092367252,-2.63207171,-2.195017121,1.250084958,0.173936755,-1.776673806,-0.140487689,-1.431118528,-0.295632359,-1.003952275,-0.419599098,1.274385911,-0.460852717,0.380858554,1.58001791,-2.071901611,-2.083182091,-0.065672375,3.452924642,-0.602653204,0.209111312,-2.092516742,-1.002428191,1.473997315,1.119331076,1.097335514,0.880008489,-0.769541854,-2.116535031,0.217436674,-0.400243,0.305718451,-0.373198399,0,Normal
-1.83134495,0.165999156,-0.468658031,0.91996938,0.25200223,-0.006097459,-0.625133345,-1.193502706,-3.264914369,-2.537330814,0.776391121,-0.949059751,1.233528718,1.989704187,-0.678100366,-0.242332712,-1.084826612,-1.991975201,0.306096359,-1.1326827,-1.099994114,-0.236569074,1.667215795,2.016945975,0.965743915,1.019315011,0.217783649,0.081660787,-2.686693947,-0.33817625,-0.196800416,-1.923663565,0.71622793,0.064735768,2.77205924,0.425798829,0.425507084,-0.137578076,1.082660759,-0.489809452,0,Normal
1.934917564,-0.814756157,-0.50111781,-1.084072032,-1.624173298,-1.214695905,-0.904515058,0.824878675,-3.359698937,-2.926058015,-0.583544579,0.163927478,-2.390586959,-1.177853517,1.444679933,-0.684880824,-0.024711916,0.341148683,0.634399058,-1.125726878,0.238233393,1.482932598,-1.015561328,-0.46746884,-0.419878245,4.507488399,0.985126721,0.074045679,-1.957261615,-1.451036044,-0.964259151,2.081218966,1.543758991,1.351994805,-2.231948141,-0.266092474,-0.957036225,-0.917805408,0.315423675,0.27899699,0,Normal
4.475728836,1.859037068,1.065923092,0.51464227,1.213665725,0.495642675,-0.475176915,0.845846487,1.391733973,3.411027788,1.71697257,2.005781952,-1.926295799,-0.331808002,-0.733952565,0.132799344,-1.024577319,-0.117716371,-1.398401243,-1.388622191,0.633312407,0.590452044,-4.067566146,0.46116057,-0.251982346,-0.428223403,0.411163854,-0.215826251,0.440306135,-1.245921041,-1.413677688,2.457903437,0.612873139,0.715954236,-0.777899648,1.268440342,0.555281903,-0.780216764,0.521329062,0.4021486,0,Normal
2.529891496,-0.32848027,-1.452133622,-0.036547169,-0.095094422,1.460238679,-0.342430479,0.418833742,-1.252023233,0.487171957,1.078357996,-0.056537526,-1.762978663,0.140354457,-1.131478686,0.379994106,-1.099827622,1.380153373,-0.863954761,2.861716363,1.486740318,0.897533593,-3.447052619,0.154769332,1.120218498,2.601553789,-0.102136571,-0.255836353,-0.453276639,0.183436768,0.699830372,0.335684463,1.119699282,1.129995964,-0.779224375,-0.595460466,-1.718875803,0.907338063,-0.431181015,0.712334623,0,Normal
1.837944012,-1.72798432,-1.492758459,1.819947016,0.648879697,-0.24543816,0.910567808,-0.160045849,-2.843144022,-1.375193885,-0.082458141,1.744306532,0.055325905,1.452547923,0.505650222,-0.966861853,0.412272629,0.084275772,-2.710479836,-0.055239947,0.446066964,1.266699279,-1.252975248,-0.612684982,0.657675278,1.02988551,-1.97654379,1.130478693,-2.321514815,-2.594233267,-2.471002164,2.132098704,2.947213744,0.922736334,0.375200061,0.872885165,0.542988968,1.379234457,0.406822184,-2.759676413,0,Normal
-3.901729014,-0.086747465,-0.250870338,0.2108597,0.872154191,2.392811923,-1.746756719,-0.215060247,0.942710857,0.322370438,0.000479917,-0.647071958,1.014950102,0.016347653,0.70526357,-1.363383204,1.002420335,0.189244633,0.494182169,0.280018342,0.522187185,0.795396024,-0.325517135,0.576539886,-1.557529164,-1.324000192,-0.289954093,-1.367390409,-0.810801956,1.745588727,-0.096875472,-2.253321546,0.864635436,-0.576960918,2.694566982,0.370976791,-0.74447716,1.415137599,1.289960241,-1.173812998,0,Normal
4.213460149,-0.988760134,-2.134862528,-0.344630731,-0.98360073,-0.552405287,0.7344184,0.965738682,-7.58475873,-3.96059547,0.296249128,0.012102033,-0.09736556,1.389863702,-1.08474382,0.706587067,-1.047683784,0.4240928,-0.216237719,-2.10044521,0.250517549,1.996764577,4.207831039,-1.493972205,0.010619433,3.98775486,-0.841110644,1.114021217,-8.726794099,-5.115718589,0.411024233,1.129698906,2.118123071,-2.421813473,1.345322848,-0.239977044,0.527064543,-1.968828718,0.927584078,-0.473457039,1,Intrusion
1.862066841,-0.666450423,-0.157297787,-0.319425501,-0.866077255,0.736599233,0.81973822,0.205840692,-2.674837789,-2.133133147,1.001535428,0.372378322,-0.77265002,0.910013971,0.313928737,0.013352999,-0.306735493,0.487179256,0.382282789,-0.45187921,0.322565142,1.306171453,-0.010636892,1.401909883,-0.975897583,2.961383409,0.055036078,0.048365755,-0.918402669,-1.435900814,0.152088757,2.134100375,2.342254919,0.466950655,-2.783964466,1.036062061,1.406463372,-0.543557313,0.837985991,-2.012599404,0,Normal
0.18496196,-0.0300184,0.010659123,-1.264230493,-0.348657272,1.072964559,0.248967449,-1.057498235,1.278818717,-0.972489577,-1.079320752,-0.880844922,-2.387559293,-1.750923393,-1.077471583,-1.444139486,1.018631044,2.04542936,0.196818805,-0.844553004,0.784369949,1.98751005,-2.20381159,1.143470452,0.256816919,1.80644517,1.206172042,0.24161753,-1.548202509,0.766229704,-0.512083207,-0.319252809,-2.777514064,0.393380488,-0.254575456,0.718440874,-1.23331064,-0.925365811,-0.799207601,-0.59979697,1,Intrusion
2.428388914,0.099437676,-1.238746637,-1.330038447,-0.401067383,0.179129111,0.556700412,-2.235212448,-6.956478721,-3.919778084,1.249434189,0.860715857,-1.590310304,0.176909512,1.539341628,0.149450486,1.094983792,-0.206241609,0.614397636,-0.035111065,-0.564391997,1.623669068,1.271461113,0.418240011,-2.51105944,5.303181544,0.132138044,-1.615780932,-7.894015387,-2.633208823,1.659594592,-1.013711288,0.695444636,-1.37768167,2.71184472,-0.574409738,0.234010228,1.908277917,0.077401535,-0.302716861,1,Intrusion
1.764038582,0.362981022,0.373163383,1.658395592,-1.040565897,1.081326393,-0.812142934,0.09467189,-6.789786846,-1.523027165,-0.035233327,-0.072742585,0.167091812,0.268292067,0.277407849,-0.789296171,0.457402352,-0.766566885,-0.400678799,0.400353706,-0.92084984,0.874885924,0.859792135,0.467786687,0.822473205,4.039321114,-0.376133929,-1.762114212,-5.848638201,-1.254184775,1.409839874,-2.074846275,3.749434318,1.506651548,2.795645559,-0.749112422,1.201836758,0.2366748,-1.984080124,-0.492866329,1,Intrusion
1.676622933,0.018644756,0.597403594,0.876799315,0.43643114,-0.565441935,0.418635818,-0.389861286,-9.768962216,-2.906332053,-1.374747669,0.841359112,-0.477145013,-0.13873913,-0.145646002,-0.598059047,-0.871617784,0.294793281,0.946174311,-0.440907697,0.253654829,0.128778538,1.197928243,-0.341528805,0.853616125,5.218814357,-1.168731732,0.215637572,-7.242302946,-2.975030424,-0.096278371,-0.872567198,5.754119015,-2.28108066,3.986014584,-2.001454955,-1.001047291,0.242157741,0.183652505,0.023547233,0,Normal
-2.27801207,1.677226584,1.916354241,-1.434962236,-0.68126352,0.571263594,0.073536743,1.522347637,0.910951871,-1.035098262,-0.322414637,-0.734643623,2.720748654,-1.446804637,-0.840503992,0.062462337,1.23975773,1.752952786,-1.077548159,-2.69302525,-0.566706486,1.819328259,3.245804586,1.535459177,-0.31787839,-0.53867338,0.956090674,-0.484547374,-0.779907693,1.85753847,-0.258342535,-2.704921323,-0.442531443,0.387939216,-0.934133369,1.296091727,-1.361808168,-0.036531583,-1.585399718,0.777695993,0,Normal
-2.126431617,-1.428204318,-1.712129225,-1.64430061,-0.487181717,0.974635533,0.096907147,-1.494740077,-1.421079522,-2.564384316,0.845305239,-0.924040842,1.543563568,0.962610951,-0.292488437,0.895982356,0.346055374,-0.298292977,0.768340968,0.889802673,0.059452541,2.206479663,2.126490401,-0.900485643,-1.76148114,0.492639102,-0.414091605,-0.149277902,-3.75325796,-0.056960509,1.399083544,-1.787698516,0.291244459,0.630300094,1.550775378,0.097047972,1.637097924,-1.105368957,1.463226063,0.317503681,0,Normal
0.793796395,-0.157579304,0.958296106,1.244260263,-0.303793756,0.038217155,-2.640505362,0.670896908,-0.455720484,-0.945294029,0.371994282,-0.287063333,0.242509348,0.921045771,1.28873421,-0.109960045,-0.535242143,-1.131652506,-0.168630316,0.09628853,0.129187195,0.223869953,-3.017058854,-0.275612963,0.145709043,2.077601649,-0.487940467,-0.585922545,2.659592521,1.728556837,0.729038952,-0.584134559,0.464633947,-1.610351475,-2.368918332,0.977848595,-0.557756723,0.068458443,-0.743600628,-0.484110305,0,Normal
2.244615756,-0.548854142,0.739951379,0.353476792,-0.037346997,-1.81748665,-0.492928079,0.69530638,-1.259141746,-1.204298587,-0.231767401,0.056896402,0.174342448,-0.461991181,0.748965255,-0.345696213,0.495072564,-1.621955162,0.193675962,-1.998359548,1.201427148,0.404715652,-0.56164936,0.613249315,-2.092872826,1.535104417,-0.728279134,-0.22467798,1.372005785,-0.937075051,0.479798281,2.065281475,1.541409246,-2.535434064,-3.331298452,-0.47138125,-2.076274613,-1.248069872,-0.623530419,1.820036832,0,Normal
0.176962427,-0.178365809,-0.737677053,-0.372587216,-0.438392819,1.852229585,-1.188678318,-1.081311938,-2.941203016,-2.305936023,0.695148062,-0.784466838,2.469119997,0.645201085,-0.628904972,-0.802555718,0.466764966,-0.691656783,0.312431437,0.932796082,0.022360212,0.828720359,2.665960795,0.186381681,-2.073022353,1.694967978,0.059024092,-0.393209097,-1.826682686,0.312185281,-1.26808532,-2.249306921,0.854557688,0.240046836,-0.478203102,-0.271298701,-0.19076363,0.444503222,0.161141626,0.238198608,0,Normal
2.571294007,1.078321305,-0.796845523,1.01139751,-0.300624899,-0.848795385,-1.175625774,-1.955816927,0.528764049,1.129198803,-0.4870065,-0.391473416,-0.164385122,0.339308644,0.321599458,-0.077347575,-0.611900265,-1.011213496,0.694840919,-0.96078303,0.893614879,0.824691417,-3.33486678,0.171776446,0.693015558,-1.334608505,-1.577394898,-0.122406163,0.445937639,-2.1856918,0.047563623,3.216377385,1.892519624,-1.21984411,-0.333085694,-0.188601531,2.023306305,-0.669985135,0.077042001,1.142627747,0,Normal
-4.212930471,1.180629759,-1.632591882,0.324819839,0.16446154,-1.050189596,0.572041709,0.463393566,3.490866208,-0.714724588,-0.750139127,-0.442514701,2.283091223,0.083633497,-0.431267534,-0.022584858,-0.14725147,-0.927846211,0.254562535,1.215443087,0.04947949,3.583184748,1.760063315,1.1052994,-1.307480586,-4.508070413,-0.491957141,0.771961067,-2.42897474,-1.041424154,-1.254367707,1.144557058,0.698056951,0.482912019,1.460293176,-0.60283815,1.653051583,0.437671469,-0.935467835,2.481106393,1,Intrusion
-2.065018298,-0.088849073,0.803784925,-0.50360346,0.389455657,-0.315544851,-0.380020373,-0.376659684,-7.866278284,-4.409656118,-0.145362716,1.412186084,-4.276381256,-0.290493652,0.415721765,-0.376580288,0.261908444,-0.387876633,-0.049174293,0.269241717,-1.077538294,-0.601837843,-1.615749354,-0.13087657,0.76736447,9.255184464,-1.21591669,-0.886919305,-4.201378877,2.244984196,-0.466866885,-4.016755772,1.467084863,0.247671966,2.673802248,0.212932729,0.5050395,-1.626255846,-0.245836327,0.01978049,1,Intrusion
2.609193971,0.265240836,-1.042142394,-0.35796774,2.331954973,0.49348869,-0.590669592,0.515763781,-2.016714948,-1.356292095,0.248344103,0.870682406,-2.172674823,0.630122558,-0.854677635,-1.480005178,-1.400574363,-0.253808612,-1.495721896,-0.053864746,0.603562422,-0.49418993,-4.293519436,-1.640348766,-0.311283432,4.462577629,0.251544795,0.440893096,2.301969349,1.053397381,-0.641191337,0.379814989,0.062098084,-0.074003959,-2.732628026,1.808129849,-0.026927243,-0.061373322,1.508499472,-1.287488972,0,Normal
-2.279530672,0.202979492,0.992076322,0.584011386,0.269034588,-0.055956033,-0.425190465,0.226403858,1.722528594,-2.360531217,1.007745086,-0.033542286,2.833304482,-1.658639562,1.16627451,1.054659164,-1.361664092,0.734640385,-0.646171538,1.30807013,1.201006894,3.99084938,3.120746406,1.232672728,-2.007914623,-1.764764219,-1.295331322,-0.750373768,-2.958422654,-0.253028978,-0.205159164,-0.576390241,-0.627472385,-0.137305011,-0.621609186,-0.539302794,1.466930235,0.403634382,-0.986505766,1.313587516,0,Normal
1.756742525,-0.700934098,1.06710904,0.183218458,-0.226514116,-1.028907382,-0.358254788,1.285911518,0.702447782,0.202352698,-1.283831442,0.001733951,-1.303294945,-0.824465904,2.281210347,-0.305203282,0.31733166,-0.059102549,-0.682659854,-0.819130198,-1.649308527,2.867814328,-0.259231444,0.858755539,-0.872882224,-0.938462876,-0.318214356,-0.644303445,-3.024768486,-3.41938212,0.460351744,4.256732056,1.710567024,-0.645004914,-0.70013427,0.400637853,0.722753672,0.631037452,0.102224099,0.126551972,0,Normal
-0.999810491,-1.518646528,1.105132474,-1.287749394,0.752411106,-0.669031014,-0.421795912,1.830236248,-2.818925824,-0.666672868,2.639801661,0.325488611,1.185197011,-0.538131832,0.59587969,-0.805821361,0.157719194,0.776863784,-0.341349384,-0.57406254,-2.321519204,2.530096941,5.44314845,-0.553128565,1.445790909,2.477249494,-0.38965025,0.256524556,-3.876361999,0.650169838,-0.997383399,-1.81385622,3.837651683,0.040918098,-1.728119941,-0.157713788,0.227468687,-0.100050397,-0.174121804,1.000997547,0,Normal
-0.85076758,-1.021484356,0.655281474,-1.138822517,-0.670293858,0.660326005,0.339263229,1.663419585,-8.026331369,-5.097482265,-0.252327949,0.406181068,-0.107043601,0.593982987,-1.268295362,0.054788695,0.314816956,0.083828408,-0.015138559,1.345708589,0.200468783,1.481339617,3.970965879,1.012112048,0.532361043,4.986550654,-1.119937332,0.26054898,-8.541384799,-2.0374755,0.909851227,-2.28784703,2.296562721,0.761571062,3.695601256,-0.207306119,-0.488925126,0.142082176,-0.341551002,0.8245264,0,Normal
-1.52959891,-1.064595201,1.538969563,0.880116516,-1.377130312,0.780751274,0.567225536,-0.264501297,-1.891624807,0.213604239,-0.11568088,0.486443945,0.799762392,0.756539669,-1.333215304,-0.173547385,-0.298166992,-0.122760569,2.347736149,-0.6236533,2.159611926,2.010306823,2.442722289,-0.354943437,0.91051302,-0.130464104,0.115822812,-0.72221396,-3.916659602,-1.060422358,-0.151136315,0.076875907,4.375052726,-1.590086191,1.409909345,-0.290572473,1.096014838,-1.748842903,2.428526548,0.197720568,0,Normal
3.044114632,-0.665225636,0.966245597,-0.642263504,1.874596958,-0.454898614,1.264073834,0.546613736,-2.07745864,-0.099257509,-1.201539535,0.081671765,-2.245133185,-1.276085373,-0.292491016,-0.704525176,0.624713648,-0.935811721,0.854891211,-0.414620006,-0.144285879,1.523463913,-1.085155539,1.40636936,0.316854838,2.297032629,0.912455358,-0.130428469,-2.503828209,-2.312854266,0.872487857,2.777144973,2.29631205,1.579452096,-1.142888628,-0.541767804,0.40918451,-0.593557119,1.086730432,0.309123974,0,Normal
0.05307833,-0.163852873,0.97964295,-0.425910736,-0.528447534,-0.219874795,0.917216094,1.032078209,0.164910407,-2.548087091,-0.079920439,0.335775939,0.168996717,1.941898121,0.080945473,0.383836394,0.178497031,-0.634447586,0.693548185,1.974928518,0.567015042,3.025192028,-2.02306245,-0.378643516,-0.392802534,1.133218833,-0.933860097,-0.12418588,-1.443478851,-0.177380445,2.492688462,0.460628103,-0.376557302,0.571726197,-0.991295859,-0.097510802,0.713246581,0.272930216,-1.049624191,-0.317681843,0,Normal
-1.133381971,-1.878738145,0.319383308,-1.796058886,-0.279577138,-0.114257461,-0.436611016,-0.122541385,-3.864012513,-4.163542867,1.114414695,-0.530790569,2.349329798,1.112528141,-2.058628925,-0.153587033,0.39579557,-1.418784994,-0.271194338,0.977652213,-0.427656688,0.385855982,5.812462943,0.150412977,0.425498084,2.217208452,-1.641561523,0.86999435,-3.219035058,-0.188982452,-0.351739135,-2.604031657,-0.472116113,-0.297589644,-0.094102149,-1.327764904,0.252776899,-0.513337836,1.398099054,0.362443946,0,Normal
1.999238806,0.249614805,0.432121199,0.010684931,0.901958264,-1.881635902,-1.734786482,-1.557275486,-3.66889162,-1.191114792,-2.05170313,-0.167662903,-2.81537307,-1.789792134,-0.006000124,-0.846060553,0.339801697,0.528524427,0.331487076,0.837175986,-0.841556418,2.848303321,1.951377321,1.073467032,-1.679491743,2.439025421,-0.209043864,1.924832104,-6.638861316,-4.485496386,1.706659899,4.02192415,3.923951924,-0.283511507,0.13952583,-1.760361352,-2.079293274,-0.866286483,0.312119572,0.19285577,0,Normal
-1.132821083,-1.395614163,0.648473901,0.06267555,1.890297413,-1.686036787,-0.445577299,0.354640028,-2.847304011,-1.459243377,1.328956145,-0.980488231,1.038226272,0.025663768,0.148819802,-0.706840246,-0.071389421,0.505697824,0.505287023,0.328443784,0.352926217,1.832085869,2.698840661,0.269418622,0.118151245,2.308020655,-0.257762231,-0.341085045,-3.043052646,0.637996423,0.763093803,-1.884472968,2.744478243,0.575165906,-0.287414487,1.890723944,0.784101181,1.24542626,1.408826878,1.114978976,0,Normal
1.646391634,0.025620179,0.626803985,-0.278653244,-0.376357304,-1.374997157,0.856855009,-1.880257895,0.491857518,-0.647281914,-1.051322597,-1.281611515,-3.794329266,2.277518584,-0.033030447,-0.820054402,-0.441056503,1.177117526,1.29138507,0.866132309,1.352992409,4.154348184,1.339007077,-0.386851459,-0.28305437,1.17489804,-0.471099448,-0.057854465,-5.761007524,-3.605758487,-0.756128532,4.433793392,0.365256726,-0.295453155,-1.263270036,2.478941004,-0.39692954,0.16361598,1.58054708,-0.062235574,0,Normal
2.707247193,1.173177424,1.096224972,-0.353595707,0.156739777,0.371517433,-1.406285711,0.290567579,-0.542121474,1.24845356,-0.617257236,0.242872929,-0.996925837,0.218226423,0.162034096,-0.646439363,1.885477677,0.372859247,0.966552271,-1.383561243,0.6151769,1.819666441,-1.0964213,-0.098656515,0.009560254,-0.528564712,-0.275848761,0.183060284,-2.787868662,-3.004501065,0.51984608,3.115384555,2.504507728,-0.852608502,0.329585875,0.177994927,-1.94504973,-0.829205459,-0.026898567,1.81905384,0,Normal
1.381511278,0.358528682,0.192869802,-1.286593084,-0.422737238,0.967445451,0.728869404,0.431888902,-4.636766877,-3.159763615,-1.280424603,0.529518752,1.795603249,-1.923808105,0.227542542,1.4837314,0.255709601,-0.364895891,1.84803473,0.132525544,0.086473509,3.80600052,3.348980274,-0.062952134,1.621013103,2.37447491,-0.33690334,0.123200312,-6.690165883,-2.490594501,-0.56565009,-0.155512171,3.264352479,0.191527537,0.066053605,-0.568395091,-0.277789236,1.759339892,-0.670294369,-0.346534825,0,Normal
3.155388807,-0.568936142,-0.286652909,-0.341723993,1.413889797,0.873877294,0.927656587,0.211122949,-4.386731535,-1.755849774,1.022489049,-0.539214745,-1.852272625,0.325787689,0.190866774,2.312313915,0.897720458,-0.643774706,0.153526804,-0.391204448,-1.329832239,0.117164362,-0.129472787,-0.768426912,0.031992938,2.481012707,-1.173037474,-1.149094476,-5.0682012,-3.419192333,0.734397713,1.100299155,0.019801705,-0.018556147,2.616924082,0.949851705,-0.039577819,1.195338258,0.125288412,-1.003550783,1,Intrusion
-1.171278161,0.99886999,0.550869875,-1.199613807,-0.494606235,-0.705775405,-0.011039174,1.046120176,-0.162175276,-0.801403116,-0.138747269,0.46838547,2.51422647,1.037367478,0.702438223,0.359492699,2.433267432,0.866820494,-2.060067862,-0.191089876,-1.13977282,1.503189115,1.652021811,0.585138185,0.206554365,-1.188046236,0.278395572,0.370043089,-1.410425352,-0.086717804,-1.039145128,-0.928378917,1.107137853,0.771033676,0.470291948,0.674342228,-1.303236259,0.786608416,-1.253272584,0.824951261,0,Normal
-0.398837377,-0.161762558,-0.317443586,1.213209745,0.61391181,-1.164190763,-0.289286791,-0.979543386,-1.355246027,-3.761490283,-0.297844287,-0.441053152,3.08356632,-0.300847254,0.456276385,-1.577050947,-0.131656031,-0.981316128,-0.300504323,0.777838876,-1.318879235,2.889797889,3.096814399,-0.082179294,-0.306342319,0.667839405,1.980764505,0.51079473,-3.178956359,-0.31879128,1.050090063,-1.702040187,-0.788289382,0.498995493,-0.757265346,1.242612264,-0.194283331,0.462446473,1.158966731,-1.130238519,0,Normal
0.026884949,-2.115636733,-0.034440933,-0.388876131,-0.093866142,-0.196829752,-1.168947495,-1.723218711,-1.958873449,0.322913652,0.006050102,-0.67726527,2.347893564,0.439608138,1.22378447,0.046741966,0.376858767,-1.512182575,0.982429228,-0.37211236,0.812716424,-0.225671829,3.353393441,-0.919411479,0.634782254,1.33127606,-0.311092298,-1.35671715,0.784217794,1.665593254,-0.504220121,-2.206927569,2.701064042,0.982203015,-2.306033548,1.037300987,2.293534122,-0.191701703,-0.501457533,1.353794726,0,Normal
-0.004657186,-0.841964017,-0.226703456,1.019497881,-1.374754635,-0.211655949,0.671096048,1.642323345,-3.557790011,-5.053705904,0.198348182,1.111473851,-2.599430233,1.326474379,1.041490694,0.214512136,-0.312569445,-0.592657454,-0.702754222,-1.289687037,-1.696628405,2.657505085,-0.600346204,-0.707124936,0.408210654,5.887104149,-0.567755487,0.778478988,-3.432400293,-0.286879532,-0.481811509,0.359181378,0.033921718,-0.386276803,-1.771267998,-1.23661961,-1.417643034,0.097349796,1.65538046,-0.87035171,1,Intrusion
0.571208314,2.323426281,-1.643916114,0.763232202,-0.48669558,0.465708395,-0.300188479,0.251823773,0.13137151,-1.400908377,-2.038129584,-0.867718283,0.923017161,0.472112759,1.416156807,0.836699162,-0.885406506,-1.754724873,0.847514246,-1.502304112,-0.1062776,4.075165022,-0.662619115,-2.590474964,-1.908150551,-2.147531814,-0.289038488,-0.053084928,-4.425937254,-4.016081447,0.178819669,3.689517656,2.407744771,0.63058562,1.086079502,-0.136728348,-0.050120767,1.380268792,0.065794608,0.499525532,0,Normal
-2.770047341,0.560477778,-0.796513103,-0.986850545,0.163154701,-0.333216561,0.208068385,1.153883007,0.233786774,-2.115540642,-0.00899357,-1.332157151,1.414662486,-0.781802393,-0.720206294,-1.030126851,1.161242575,-0.053311655,0.347556955,-1.169780214,2.291506983,4.362636132,1.64032261,-0.726913727,-1.003911499,-1.1163269,-0.496246707,2.770294744,-5.56679707,-1.033994598,1.467179674,-0.494333692,0.844593061,1.425939615,2.236947131,-1.461199019,1.250701342,-0.93511502,-0.571380359,-0.020870488,0,Normal
-1.145657364,0.507837723,-1.730496017,0.450001203,2.91497016,0.055593426,0.072963537,-0.211536965,-0.775483168,-1.793806058,-0.256240962,1.059298197,-6.750380146,-0.068780326,-0.839404391,0.39159277,0.729909014,-0.566923917,-0.791157032,-1.981596706,0.978217414,0.131933759,-4.4522477,-1.887008547,0.350246776,6.86356902,1.135232365,-0.255519131,-0.787313626,3.380039247,-1.304059943,-2.103605905,-3.716519547,2.505435335,0.038746479,1.037977385,-1.258701242,-0.034549313,1.344330753,0.012496934,1,Intrusion
0.293569561,-0.444590768,0.200373719,-0.179571323,-0.502725471,0.527361782,1.827882613,1.351610218,-5.244336524,-1.597666409,-0.627841953,-0.102387785,-1.340849213,0.2192066,-0.915967094,0.662330432,-0.82459785,-0.385976611,0.152188733,0.260648938,1.6955495,-0.018681754,2.056491187,-1.585918575,0.637367835,5.014968539,-0.527938854,-2.08990507,-3.588492032,0.527285233,0.597950483,-2.329744121,1.977234793,-1.39727429,0.58279734,-0.806545506,0.506136095,0.088947714,-0.292344596,-0.099637671,1,Intrusion
-2.025256311,-0.253341947,1.003344918,-0.033623453,-1.322237246,0.139676425,1.085408377,-2.25529165,-0.205732754,-2.105657239,-0.145347989,-0.62203397,-2.081631028,0.791137395,-0.410580004,-0.653949423,0.550777933,-1.579243879,-0.590247192,1.878610972,0.229586253,1.002557237,-1.916750532,-0.054328273,-2.043811199,2.737238482,1.609723867,2.255647549,-2.065524081,2.08858867,-2.916287247,-2.83158912,-3.159834013,1.958831171,1.939491832,-0.099008405,-1.127719109,0.09174919,0.626325065,0.242975224,1,Intrusion
1.264312578,-1.888386438,1.103172758,2.029335721,-0.051706204,-1.283306862,-1.672113668,-1.478891953,-3.032692855,-1.108380664,-0.271204263,-0.022755373,3.05137505,-0.500474385,0.776929725,-1.497232558,-0.212646628,-0.161728651,0.302968319,-0.52400785,-0.58772721,-0.387566299,1.977084604,-2.621132776,-1.851552243,0.559498613,0.362511254,-0.599585853,-0.341488759,-0.386401875,0.694689222,-1.311625474,1.907246643,0.670791205,-0.393566792,0.827127267,0.887284791,1.283520564,0.311625265,-0.660607427,0,Normal
1.121180258,0.465950423,1.149717047,-1.399448127,0.622717801,0.048803715,0.806101458,0.912483876,-1.956810469,-1.887169121,-0.735811478,0.134529348,-3.568782479,-0.756198257,0.098569218,-0.833654372,1.008753152,-0.96639363,-0.441972503,-0.781821054,0.735773979,3.004614225,0.878808178,-0.113728062,0.87409376,3.371466772,-1.145532903,0.57601689,-4.689517812,-2.499221753,2.061592822,3.162865553,1.611368349,-0.527139973,-1.513003413,1.723852862,-1.165914732,-0.303831916,-0.348778889,-0.762501167,0,Normal
-1.106705278,-1.131853182,-0.409924132,-0.350915688,-1.470575652,0.927991778,-1.076464151,1.218465679,-2.885953787,0.024996773,1.276442494,0.864778681,1.06785113,-0.923256627,0.058345021,-0.662320824,0.589640218,-0.448859309,-1.60778308,1.221632304,0.816833532,-0.533468538,0.123640706,0.929837601,-0.761083605,-0.314250721,-2.06043168,-0.066473156,-2.296179337,-0.853835282,0.681772646,-0.96426063,3.017344064,0.551107004,3.689923495,-0.205977062,0.868933982,-0.901458848,0.306573224,1.153776415,0,Normal
-3.411757136,-0.535110187,1.415565332,0.043073578,1.069692572,0.153206509,0.296786352,-0.381221728,1.893905256,-2.098216486,-0.402086968,0.005890282,-1.914279063,-0.72632791,-1.542328763,0.246945754,1.219693298,1.640301913,0.071805645,-0.91936086,-2.09905635,4.23244295,-4.2137945,-0.917857445,-0.139713097,0.729910056,-1.147338452,0.40124524,-3.63800681,1.054007841,0.669495882,-0.807745932,-1.43208659,-1.07609531,2.631196804,0.997671512,-0.298647968,0.598176718,0.721923987,0.14169085,1,Intrusion
0.321336809,-0.2532066,-1.559510052,-0.939968113,-0.397040171,0.519199168,0.176124146,-0.34311466,-1.704530562,-2.221825266,-0.978827048,0.812670874,-0.246181706,-1.581992956,0.127639795,-0.644662805,0.628458979,0.309398546,-0.606797145,-0.467915228,1.613568742,0.995454936,-3.158573144,0.752024594,2.524641738,3.461179056,2.722520612,0.711313126,0.76853649,1.762292859,-0.554309635,-1.336052364,0.388094997,-0.540345586,-1.468571794,1.245345017,0.500782688,0.341955962,0.118958863,-0.734187537,0,Normal
-0.579053092,-1.292114624,0.427538862,-1.806699766,0.291550267,-0.588208254,-0.683325768,-1.062631487,-5.36366711,-2.820446539,-0.13934177,0.256995554,1.016495931,-0.303160079,-1.652786973,0.49705588,0.765103314,0.56370694,-0.43750422,-3.064748841,-1.018185442,0.605355502,3.5548579,0.200017234,-1.186847914,3.090404285,0.368217162,0.393199252,-4.716564846,-0.610561583,1.44073167,-2.329053659,2.130426808,-0.287936076,1.730754794,1.08582266,-1.504317206,0.111063766,0.779301586,2.060354004,0,Normal
-2.115241092,0.864719855,0.884928152,0.777741744,0.58797487,-0.356937007,-0.343991968,2.367027744,-1.031467708,-1.70386615,-1.914026153,-0.309222852,1.110328123,0.506604145,2.078345316,-0.883996216,-0.326371165,-2.765666825,-1.062106141,1.204619878,0.15668437,4.345331824,1.815179525,-1.356534333,-0.908855969,-0.242816026,-1.663036852,-1.358315858,-6.06391423,-1.312570014,-0.826658872,-0.246962543,2.531276719,-1.057307701,1.996655957,0.962001089,0.268092372,-1.156785621,1.400645085,-1.940432291,0,Normal
-1.105869068,0.145024774,0.18891886,-0.89756659,-0.084792754,1.154386575,-1.250345867,-1.406509281,-5.271589426,-5.62990758,0.860979897,-0.207175416,-1.783505798,1.212787944,-0.847786898,-0.000683824,1.085691167,0.288907329,-0.102635257,1.169611042,-0.140074584,2.766785454,0.264716501,-0.841126312,-0.043161018,5.622868594,-1.296845284,0.537800247,-4.471472006,-1.299313729,0.150615975,0.996523691,2.898491697,-0.505705696,-0.808492375,-0.147226765,-1.724303331,1.789945734,-0.926313767,-1.296035756,0,Normal
-0.751650034,-0.11704421,0.219354205,0.233273001,-0.460954649,1.084827726,-0.636739922,0.095825026,-0.766599244,-2.500334308,-0.395351513,2.006370499,-1.162022647,-1.061596837,2.854899314,-0.790816602,1.122387308,-1.684237332,0.545186236,-0.367971922,-0.578520874,3.679523954,0.248573339,1.7279431,-0.852205431,1.906108873,-0.230635778,-0.622174473,-4.04294464,-0.98609126,0.101453864,1.025575781,0.837686589,0.671428487,-0.53017604,-1.56611064,-0.485875019,-3.21180166,-0.348420919,0.684116485,0,Normal
-3.180832488,1.527131151,1.136293089,-1.195091527,1.276107598,1.03527946,-0.766760262,-1.38529037,-0.984424278,0.193750085,0.644375873,0.817172018,0.242481136,-1.121989135,-1.047779338,0.820373386,0.162131736,-0.249883841,0.499888335,0.638106059,-0.419647553,0.116799726,-0.970885601,-0.84400576,0.042963832,0.0908953,0.370892343,1.984731072,-0.947326365,1.305870586,0.801533965,-1.810603264,2.383348563,0.765075097,2.823064962,1.619677962,0.585835234,1.456284599,-0.983710103,0.152834058,0,Normal
-5.058642449,0.031372872,0.413463855,-1.199486115,1.461436688,-1.163152533,-0.445644034,1.121488965,-2.041927667,-1.796175805,-1.321900072,-0.035454937,-0.68202767,-1.741536676,0.029876995,-0.224686114,0.288216835,1.137217844,1.120202523,-0.114089621,1.21349587,1.019459681,2.133679729,-0.325719558,-1.338452646,2.643450914,-1.464437663,-0.888426397,-3.281699987,2.535924669,-0.734068868,-3.782463351,1.111707777,-1.141814303,2.385768027,0.83513713,0.113817409,0.047600216,0.274105629,0.003435395,0,Normal
-1.173366082,1.234299447,-0.522074846,0.390396321,1.097874537,2.419058586,1.858765329,0.560499008,-3.291888251,-2.063181163,-0.688609247,-0.382827891,1.588272297,0.322750366,1.248003196,1.448804066,-1.80983461,-1.187056116,2.343577512,-1.14373779,0.428154667,0.372685067,2.367069976,1.238569128,-1.334408126,-0.225211053,0.699286262,0.72860817,-3.925791613,-2.062129612,0.691315715,-0.383589479,1.908561288,1.353804218,3.155999408,-0.984377443,-0.060536454,-0.181468276,-0.343059225,-1.340188804,0,Normal
6.138043088,-0.283962152,0.093120064,1.001467472,-1.777301926,1.2960338,-1.232477924,-2.315040529,-3.40362364,1.384737959,0.571895306,-1.584577304,-2.766965718,-0.7984375,-0.505115241,-0.505142765,-0.046808709,0.165958195,0.804371199,-0.387870112,0.247801289,0.422623985,-1.946730214,0.564755311,0.267541986,1.208751288,0.448855583,-0.09405386,-3.200208127,-5.450712201,2.712172581,5.597609498,3.991858875,0.551156713,0.004691605,1.090784382,1.007027251,-1.276335638,-1.073744529,1.268420312,0,Normal
-1.722273239,-0.08602862,0.093797894,0.299725881,0.332707057,1.033809411,0.230127507,0.846109637,-0.679693447,-1.614894461,0.04450702,1.572423014,1.72647745,0.179450511,2.634041233,0.899878858,1.167846272,-0.840399212,0.726122865,2.048295981,0.752271863,2.076483125,-1.598094716,-2.757433502,0.859949334,-1.707703107,-2.0505683,-1.255652328,-3.944766972,-1.237163883,2.036487278,-0.935768236,0.396485732,-1.192364172,4.639672631,-1.244936723,1.35597947,-0.627930612,0.196314832,0.553988849,0,Normal
-0.994382624,-0.504968755,-0.254354055,2.182397399,-0.008602403,-0.225778247,-1.524666497,-1.733603808,0.018689573,-0.659291919,0.791346631,0.499341266,0.161275732,-2.33950813,0.659031771,-0.940077714,0.702305491,0.687798548,0.375359048,0.616923803,-1.250121448,2.162218381,-0.145232189,0.997529447,-0.34463373,0.01966148,-0.816953292,0.22583989,-3.305300329,0.052300294,-2.361667209,-1.261286289,-0.348469327,1.115821127,1.958602427,0.480886497,1.528583707,-0.752238903,-0.666671883,-0.018472996,1,Intrusion
-3.848071046,1.279281052,-0.399114834,-0.538561114,-1.562123915,0.985284738,-1.366132344,0.326338774,5.812372151,-0.259602184,1.036603518,1.05132282,3.641431293,1.631515881,-0.01588654,-0.734370464,0.554082239,-1.160518216,0.531385365,1.167627347,0.441925034,4.176903791,1.821582651,-0.105645453,0.233888256,-4.544061085,1.448168735,0.148930775,-0.483876086,1.69224353,-1.37060409,-1.4733659,-2.1155565,-0.224829903,-0.621159057,-0.103733683,-0.96551267,-0.101340458,0.003638909,-0.624117999,0,Normal
-0.890839853,-0.652525638,0.453700736,1.834578638,-0.113630286,1.230948672,-0.245181324,2.005612962,-0.572134555,-2.246921896,0.025113679,0.279147306,3.538461489,-1.66199818,0.842967669,-0.803635072,0.508793182,1.102310402,-1.65122484,1.701355754,0.189395486,-0.309609484,2.483124654,-0.734188938,-1.192864821,-0.939699863,-1.527244344,1.518441445,0.368850508,0.469742007,0.33943624,-2.14163726,-1.512993585,1.669322272,0.086347991,2.546817739,-0.590941343,-0.827880956,-0.044333338,0.566716211,0,Normal
-0.344916321,-0.105688465,-1.481524808,-1.162838246,-0.564491232,-0.001026185,-0.644062441,-1.377635444,-2.546596298,-0.032835831,0.755291543,-0.202163827,0.369472631,-0.694768386,0.10538883,-0.911371096,1.415072991,0.840357157,1.581582259,-0.046683133,0.832016852,1.824282635,1.184267484,-0.63324711,-1.011823097,1.757150931,0.297524257,0.847623232,-4.108694991,0.385232084,-0.165176941,-2.207547347,2.40040884,0.265799358,1.639579912,1.700778025,-1.560401723,-0.665770109,0.32163599,2.013384904,1,Intrusion
0.150074973,0.280407134,-0.061344392,0.433010027,0.847728587,-0.979092313,-1.224001635,0.458634375,-2.876326864,-2.600370228,-0.488041166,-2.091532865,-1.233468323,-0.937945979,-0.739270202,-0.044184153,0.557586161,0.5002336,0.188181999,-0.326754886,-0.070164207,2.857001772,-1.081646829,0.324891903,0.033070451,2.344147647,-2.1497784,0.375046095,-4.755832792,-2.038157118,-0.972639566,1.299426705,2.200815311,0.239152076,1.20850322,-0.817284995,0.831671469,0.751106837,0.138232473,-0.105061324,0,Normal
-2.347869224,0.788012589,1.653110274,0.565537095,-0.31613158,0.096519022,1.02536618,0.103999398,-2.015952708,-2.777677109,-0.40443244,1.105412089,-1.036795096,-1.419723581,1.638599731,-0.292685087,-0.52025058,-1.068989357,-0.740140448,1.478959456,2.161793216,1.787494276,-1.538487345,-0.046093095,-1.967190549,2.66653811,-2.016384608,0.233254741,-3.420542533,0.878009922,1.066361772,-2.025303647,-0.063646619,0.709086071,2.481060281,-0.969663112,0.802531123,-2.377157906,1.638080034,-0.236968986,1,Intrusion
-3.152556523,1.976812418,-0.338808075,1.118537323,-0.688494414,1.132513538,-0.255828443,-1.82332074,0.573665023,0.843606729,-1.746033442,1.107467168,0.669205759,1.153041143,0.010131041,-1.29111739,2.184073075,-0.671975027,-0.468613622,-0.481249189,0.69046649,1.190231461,-2.503967679,0.306937453,0.772110457,-2.005791607,-0.241210674,0.925160101,-2.063666579,0.493057154,0.572648142,-1.377202578,1.72807731,-1.519829647,4.65737406,-0.062579054,0.589339538,-1.580725093,0.358049613,-0.639997598,0,Normal
0.616702102,-1.065940462,0.636637439,0.659098724,-0.231444897,-0.093041657,-0.895031583,-1.398509049,-3.723104834,-3.531865267,-0.838233811,-0.698810567,-1.487404363,0.022892887,0.382428208,-0.687246888,-0.438580487,0.236116958,-0.420492212,-0.41230673,0.325109086,1.330126217,-1.218410371,0.404370224,0.253181063,4.033012794,-1.350574995,-0.064311085,-1.769301922,-1.231906813,0.404472306,1.598509089,2.208635785,-0.347493705,-1.312676011,1.672520099,1.480220448,-0.949032876,-1.531483231,-1.047701238,0,Normal
0.835836781,0.311867469,1.901659185,-0.140052137,-0.609112104,1.3750812,-0.391925165,-0.779999337,-7.621912144,-1.569133608,-1.004221149,-0.09163241,-1.190789985,1.288012181,0.661560725,1.157346286,1.14083943,1.392667093,0.730731187,0.937509285,-0.277263475,1.800189532,-1.85787551,0.152022513,0.345722703,2.876119343,-0.815976102,0.658778487,-8.242212172,-4.047437384,-0.023819597,1.035805938,6.880033972,0.255388797,5.934736272,0.247269378,-1.660157723,0.080804175,-1.485201886,-0.28305274,0,Normal
2.373012212,0.264860459,-1.227984961,-0.118118041,-0.404001944,0.09702714,-0.40939281,0.308210982,-3.038902849,-0.419701169,0.152383625,-0.395689509,0.718053554,0.037320633,1.278807541,0.319728561,0.200610043,2.245341181,0.350635734,1.081523694,-0.4633802,3.725409544,2.584734133,1.301330033,0.643398749,1.699100425,0.09917818,1.017566199,-6.711534596,-1.913856608,0.385853367,-0.528475952,2.629406862,0.939404126,0.523552807,-1.796721664,-0.135231205,-0.637018719,-0.585052289,-1.779619464,1,Intrusion
-3.536777512,-1.585022418,-1.934107078,0.299743158,-2.559039253,0.556753716,-0.117705492,-0.122705414,-2.15049771,-0.564515263,0.889572899,-0.280608539,-0.306432417,0.298253448,0.958095481,-2.559766919,-0.016602809,-1.184688377,0.573345946,-0.372413646,0.465784067,1.14763753,2.100657052,-0.714777249,-1.734413957,0.543321221,1.258572897,-0.528062333,-4.000802241,-0.26592327,-1.867383173,-0.836805582,3.38303981,0.286112871,2.941080866,-0.006785329,-0.332005683,0.353498505,-0.158250731,-0.117163024,0,Normal
-2.426640653,-0.418607872,0.268194669,-0.963631696,1.347027471,0.553077352,-1.244558839,-0.108577003,2.341458971,0.429712759,-1.029318208,-0.897542096,2.309090857,2.374181865,1.891573376,-0.716161381,-0.631328886,0.219229782,-1.657727107,1.627045936,-0.107406041,2.1354506,-0.052004486,0.044442956,-1.958314181,-2.678401288,-0.472505631,-1.69090171,-0.550538851,0.897503878,-0.078435734,-1.067544814,0.588372246,-1.053576937,0.981042999,1.141141971,0.653588983,-0.337928733,-0.808552445,-0.861544598,0,Normal
1.637101468,0.568359633,1.538653603,-0.853212331,0.233957469,0.711279222,-0.195617858,-2.016792322,-4.331980869,-2.157467217,-0.02144303,0.328595456,-1.661541281,-1.456921538,1.486255273,0.512580222,-0.312437815,-2.371066287,-1.438823679,-0.15786223,0.261268254,-0.11811476,0.078610613,1.555082396,-0.900769858,5.513794055,-0.81287688,0.020908123,-0.018894309,0.421623807,-0.161373078,0.144071381,2.380369112,0.529742963,-3.133848342,-0.179434406,0.555181813,-1.180209016,-0.010438953,0.29320318,0,Normal
-3.919113613,-0.217179115,0.670734623,-1.188889414,-0.892148748,0.684465168,-0.123541559,-0.257419812,3.513214961,-1.875610224,0.889255655,-0.334094794,-0.210888855,1.248421485,-1.843664074,0.104835033,-1.0670257,-1.356148042,-1.647544404,-0.088497976,0.731832884,3.833570044,-2.297710448,0.602489763,1.278082983,-1.556890972,-0.562951901,1.393787147,-2.416003032,0.839969926,-0.444244355,-0.570988044,-2.375241311,-0.248920571,2.038163172,-1.380130291,-0.65028838,1.626893388,2.384770274,1.161902908,1,Intrusion
1.429210766,0.073458052,0.259844745,0.846429571,1.312530836,0.714187964,-0.926751322,-2.133744131,-6.124248723,-0.0826139,-2.010718543,0.050664621,-1.833995656,-1.51863641,0.877529462,0.545769006,-1.376763923,0.879836462,-0.640243242,0.931201957,-0.689811396,-1.026997831,3.424804615,-0.200076746,-0.784862613,4.001189868,-1.120891334,-1.315894474,-4.83088786,-1.460767534,-0.896839549,-0.901636754,3.258171905,-0.753981091,1.869266986,-0.849606202,0.048127967,-2.298652408,-0.964487739,0.344667399,1,Intrusion
1.000966053,-0.25176758,0.324408549,-0.559908757,0.7675237,0.136603111,1.023682347,1.012309511,0.819367099,-0.766862973,1.493910424,0.525404829,-1.05420723,-1.831416523,-0.101968943,1.022871144,0.507624727,0.349089362,-0.254108529,-0.146405062,1.02022065,3.103142167,-2.831960774,0.377988476,1.088624539,0.271241705,0.193134392,-0.595388881,-2.499805022,-1.173835672,-0.113196084,1.496415802,-0.173320077,1.419862961,0.20879316,1.459735252,0.288195949,0.364831092,-2.196825425,0.226058437,0,Normal
0.664160741,-1.215358997,-1.966588444,1.075740381,1.064151605,0.762108485,0.767869101,0.496779272,-0.040178425,-1.786767497,0.83531849,-0.476190091,-2.665459045,0.399635298,1.721110788,1.32668515,-1.289952547,-1.301114175,0.264014991,0.311759629,-0.815129774,3.361924338,-1.668718579,-0.410852762,-1.032273291,2.678891114,0.39938416,0.889497212,-3.417450957,-0.524675287,0.267664866,0.984409277,-0.862902809,-0.075461173,-0.799233519,0.563491051,-1.315854311,0.198203844,-0.662567763,-0.24269404,0,Normal
0.820085289,-1.419519919,1.144515158,-0.2049409,1.082005701,0.243334731,0.134791036,0.008819809,-1.285923117,-0.569756881,-0.413888917,0.453641983,-0.377098584,-1.996118768,-0.196373684,0.588221888,0.410875457,-1.185407863,-0.158428608,1.589315535,0.067538763,1.791659301,-3.377355355,0.019126105,-0.084913339,0.235168024,-0.533552106,-1.026934712,-1.855314079,-1.809516475,-1.091355812,1.959552609,2.796607386,1.157306678,1.222842934,-1.974413551,1.240610461,-0.343331789,-0.46044371,-0.72100034,0,Normal
-1.903598861,-1.387615364,0.784824464,0.831062749,-0.01905499,-2.09437215,-0.491478459,-0.38747041,1.30817673,-2.585501041,-1.608180812,0.450207483,3.361118623,-1.031485375,-0.02032886,0.666705874,0.36673437,0.318690251,-0.119564568,0.11363843,0.862383902,3.367058273,2.570278292,-0.026287016,0.947674802,-2.37864001,2.306522164,0.842815729,-3.334681466,-0.742597693,0.857952924,-1.031535718,-1.485933298,0.068128681,0.984105279,0.880509803,1.987209528,1.115907789,0.640621482,-1.928395911,0,Normal
3.097974949,-0.129125012,1.453480892,0.464987823,0.806567433,2.858634552,0.247743043,1.229532215,-2.679679273,-1.298881226,-0.717860357,0.52799945,-3.504940949,1.689775525,0.997781584,0.487658714,-0.129291559,-1.413609244,0.716646629,-0.228517922,-0.573581749,0.368523247,-0.179439964,1.597151678,-0.323128338,6.089274907,0.732586455,-0.708195044,0.121490271,0.576363257,-0.533010346,0.865225041,0.372849647,0.289717959,-4.728589132,0.367997999,0.62895661,-0.444240267,-1.303719164,-0.235857256,0,Normal
-0.418305273,0.019925745,-0.970671058,-0.929074094,-0.384026413,-0.558326538,1.465012878,-0.279110008,1.053830814,1.702426223,0.03391006,-0.718405466,-0.086088787,0.594800912,-1.590944107,-1.302715446,-0.04716152,-0.621713425,-1.928642465,0.946226851,0.675915694,1.934032237,-1.960412586,-0.121997049,0.934728038,-0.664534343,0.922661489,-0.624825875,-2.15997029,0.838280146,2.117194982,-1.448951115,0.56385682,-1.035073107,2.140841032,-0.746652547,-2.725585318,0.932810447,-0.881809279,-0.093649785,1,Intrusion
1.009076523,-0.586111821,-0.21701704,-0.27680759,0.170269314,-0.499508553,0.842079966,0.610319126,-1.682525995,-1.013024396,-0.26068306,-2.736373012,-1.461766833,-0.035904596,1.991365929,-0.372709796,-1.068534439,1.016694152,1.46996823,-0.604104953,2.386990908,0.36639867,-1.807167731,0.982521566,-0.078821673,4.234621089,-0.984375185,1.152755956,0.682631773,2.100831685,-0.450238068,-1.525643131,0.03116473,0.867381692,-2.175828353,-0.239426696,1.431821702,0.82832092,0.684425977,-0.50011112,0,Normal
0.272673746,0.830596431,1.637933717,2.48018021,-1.187336775,1.137309944,-0.144096273,-0.945999619,-7.571673958,-2.984364442,-0.370005017,0.21450947,0.036954874,0.346003977,0.792384246,0.097723334,-0.867517596,-0.23605662,-0.921747612,0.665404366,-1.597012731,0.000223341,1.301600089,-0.36041989,-0.140962052,3.789532074,0.738915915,1.202889447,-5.876964904,-2.092852727,-0.658170797,-1.326556966,3.793555323,1.440233328,3.877695468,0.27312175,-0.29194764,0.303014771,0.645960337,0.813876286,0,Normal
-0.380254517,-0.721287283,-2.675841658,-0.381217899,-0.538026152,-1.296153114,-1.200212822,-0.907387201,-5.850694135,-2.474262931,-0.938129823,0.004110212,0.004655187,-0.747142625,2.690487255,1.576589427,-1.039308281,1.208545254,1.319899616,-0.432507712,0.584520585,0.838492947,1.307147231,0.409342782,-0.054278198,3.475213329,0.510969394,-0.106743892,-4.916377873,-1.094739626,1.655774812,-1.304347676,3.625559371,-1.481130672,2.399016936,-1.474799875,0.044016931,0.153896469,0.518354727,0.218953671,0,Normal
-1.286531514,1.208044604,-1.587533209,-0.530216276,0.787049264,0.16619659,-0.269054186,-2.01791273,-4.070403948,-2.411070047,-1.309045044,-0.316644568,1.028864991,0.468902435,2.060967818,-0.976785681,0.40571924,0.152964373,-1.616230041,0.313792447,-0.509746723,0.745416412,3.158727545,0.426217191,-0.053677227,2.352036595,1.643881651,0.793954691,-3.811965171,-0.13469728,-0.083474968,-2.151480533,1.886949016,0.871059253,1.402439954,0.185919504,0.811314971,0.120135299,0.015344787,0.191143652,0,Normal
2.199577708,1.253590512,0.235337473,-1.493741803,0.442822685,-0.573070644,0.990969225,0.34673704,-1.729060917,-1.804745201,-1.39115957,-0.448713101,-4.534956968,-0.350849861,-1.052219233,1.471354662,0.706982903,0.145133549,1.106827211,-1.940624111,1.160411263,2.754323433,-0.276296198,-0.893379417,-0.995568687,5.097475818,-0.275337573,0.23273532,-3.271822186,-1.170571363,0.250360638,2.517935545,0.430354049,-0.230859671,-3.222548143,-0.017398025,-0.851782898,-0.154510983,1.810167946,-1.271544606,0,Normal
0.638898763,-1.051293356,0.282164685,-0.217859812,0.294697877,-0.46291436,1.707521608,-0.118436679,-4.660161793,-0.196934481,-1.141116849,-0.30508971,-0.714600676,-0.244054594,-1.405289528,0.193488195,-1.082570887,1.397347251,-1.275759104,-0.694034347,-1.28410513,-2.44225297,-2.669753058,-0.783731891,-1.120252319,3.741020198,-0.473670439,1.769350028,-0.500197694,1.823463184,2.080420409,-3.880689236,0.818854116,0.499428718,3.215093842,0.894552855,1.359379944,0.019648842,-1.885075256,1.074523336,1,Intrusion
-2.058231485,0.582919384,1.530917319,1.047886393,0.945686238,-0.420431016,0.225972915,1.622156733,0.972461154,-0.927135214,0.908026945,-0.150032131,1.604210453,1.631931452,0.190138968,-1.010212636,-0.57802514,1.049089588,-0.357220609,-0.604341428,0.940722325,3.648845732,-1.198156344,0.902742178,0.478716235,-2.314242978,1.657922286,0.683602152,-3.824910099,-1.155130691,-0.4471455,0.184953243,1.306546329,0.221623976,2.896343529,-2.046782619,1.68118723,-0.817715079,-1.828841668,0.15942158,0,Normal
2.650237219,1.3031128,-0.303745321,-2.041081536,-0.684928398,-1.066486805,-0.50109337,-0.534286651,-1.865750551,-0.184647843,-1.071370385,-0.078219346,-2.065297632,-0.910278706,-2.038445742,-0.609714929,1.1178603,0.226530872,-0.5456798,-1.146553342,-0.26020114,1.139037734,-1.531230989,-0.729660409,0.64976681,2.481534547,-0.654434053,-1.309210064,-1.39338033,-1.518198794,-0.153665085,2.268100086,2.073335321,0.625292098,-1.501838998,0.364207317,0.689795362,-0.195620297,0.629421018,0.503971254,0,Normal
1.200543035,-0.949241033,-1.361033627,-0.90807828,0.021494775,1.095057621,0.342158879,0.762388511,-2.809649202,-2.540656755,-0.90544904,-0.052319988,-2.835785338,1.614005433,0.834719166,-1.292730876,-0.659527151,-0.179465819,0.365648545,1.96294673,0.334971984,2.22130336,0.094895685,-0.767907248,0.287044648,4.484573575,-0.170641057,-0.887534399,-3.583075874,-1.046570492,0.246678174,1.174151751,0.827296873,-0.478500821,-1.506906085,0.902792294,1.74056901,-0.799731999,-0.885276705,0.096838945,0,Normal
0.611904509,-1.502684261,-0.038775205,0.206676716,-0.226373805,0.2358977,0.595329394,0.172228986,0.31431551,-1.438162973,0.107353097,0.590852819,-1.173176213,0.196129866,2.13541726,0.12271198,-2.079684456,-1.14707862,-2.112761832,-0.03299676,-0.389880243,1.222214415,-4.829489434,0.117224997,1.431512748,2.94015156,-0.475228998,0.563242266,1.925547352,2.213059738,2.99534792,-0.764988244,-0.986385584,-0.519121499,-2.064088191,1.896618884,-0.157325276,0.071792663,0.732993792,-0.742883422,0,Normal
1.287378987,-0.139244262,0.106471997,1.559123295,-0.711046963,-0.35012951,-0.870458641,-0.31612082,-4.685144996,-2.274961124,-0.366203235,0.487446226,2.340022504,-0.280020951,0.762135992,-0.541710349,-0.392694899,-0.960826728,-0.062474914,1.445494629,-0.543108669,0.616677829,3.966980001,0.194147966,0.100933455,1.948334861,-0.56541039,0.8126932,-3.104545008,-1.44896846,0.580757367,-0.879684195,2.66203302,1.026566754,-0.414151534,0.09167076,0.025425827,1.658976795,0.41721748,-0.639574451,0,Normal
-4.669627244,0.925393602,0.006427152,-0.277965589,0.295508035,-1.448182052,-0.956001042,0.027467105,4.279117738,0.422372996,0.626870874,1.193985004,1.836422186,-0.384245789,-0.101385137,-0.253081104,-0.436091829,0.046716476,-0.513685096,-0.063642444,-1.257721503,3.176342889,-0.117640505,-1.226840781,-0.02709348,-3.398288145,0.451806123,-0.18110255,-1.226117924,1.932779231,-0.551521629,-1.889927634,-0.737119865,-0.812474269,1.85228241,-0.476801283,0.30804134,0.119852817,0.396698912,1.102555563,0,Normal
3.913724982,0.878566452,1.682970304,1.107596073,-1.078041153,0.278908117,-3.190302722,-0.842823281,-4.481069771,-1.144424213,0.226940423,-1.068027795,-3.521663115,0.094758505,-0.97006456,-0.763260458,0.320977634,0.296622983,-1.770242252,-0.817945533,-0.666741384,-0.90726117,-0.685971483,-0.074900326,0.009271013,6.737675246,0.873369742,1.066715345,0.909220444,0.027837601,0.896484723,1.443083589,2.141016821,-1.135610377,-4.669206414,-2.14637501,0.550189548,-1.078607934,-0.151589032,-1.519705546,0,Normal
-0.362810287,0.958282455,-1.550201017,-1.614561446,1.14160935,-0.898282898,-0.151691041,0.387917286,1.635373684,-1.136379385,1.440065828,-0.480259525,-0.480475547,-0.614549223,0.221039885,-1.163202287,-0.166147598,-0.639110743,1.204261542,0.848345383,0.097244353,2.483403778,-5.450061377,1.818016441,-1.024164303,1.172238374,-0.621859384,-1.806936908,1.00253594,1.85318991,0.107210307,-0.508309323,-0.747611663,-0.818819751,-0.863413938,-2.098050622,-0.483037939,-0.242586622,-0.825711531,0.734173089,0,Normal
2.16196036,-0.032797004,0.636709325,-0.629065162,-0.21103758,-0.000476251,-0.147184046,-0.620639221,-3.172752834,-0.34032456,1.720327883,-1.158319323,0.485613693,-0.151451541,0.612473454,1.394629841,0.353686689,1.578321133,-0.430152182,0.132451465,0.070597476,0.558492355,-1.733316158,-0.406893343,-0.469537288,0.670916796,1.896043951,-2.986851791,-1.322679892,-2.473880609,0.591358128,2.199310889,4.352441995,0.056060837,0.410240524,-0.457197937,-0.463165319,-1.223582703,1.45765208,0.437236888,0,Normal
-0.019980004,-0.87088875,-1.219929025,1.877460087,0.65040646,0.375880324,-1.207647339,-0.655879579,-2.769718891,0.939236631,1.26652617,-1.610722605,0.124422025,0.614024213,0.081006044,-0.059714533,1.060054486,-2.480315691,0.011003731,-0.811790113,-0.047328009,1.690957467,1.330413413,-1.781507634,-0.541205264,2.829583397,-0.363866833,-0.993370295,-3.381737544,1.633798616,0.449009028,-3.094670048,3.202196486,-0.541366738,0.509108123,1.281781944,-1.741050034,0.850643724,-1.040734288,-0.222282301,1,Intrusion
-2.11428989,0.842682053,0.299793909,0.241409437,-0.844901087,-1.186659968,0.021075561,-0.276749907,3.435858493,-1.879611249,-0.69630262,-1.321389008,-5.174997772,0.604966239,-2.074130049,-0.223415437,-0.302450785,1.991208139,-0.248081997,-0.246310889,0.498598913,4.117019824,-1.310112216,-1.799837961,0.688790619,2.827743636,-1.604076957,-0.395992708,-3.681769277,1.50410138,1.087744877,-0.137360752,-5.118808111,-1.259089426,-0.719451214,-0.148074276,0.810561257,1.181470315,-0.316688711,-1.132438218,1,Intrusion
1.947648154,-0.13632965,-0.578797395,-0.893099042,0.948743151,1.540954787,-1.496490517,1.808409445,-0.953010805,-1.388135434,-0.51831258,-1.006146618,-2.369573222,0.193611642,-0.478389612,-2.217927247,-0.897570528,-1.689863891,0.787364416,-0.428855203,1.305509832,1.967688379,-2.978687178,0.44830584,0.079471018,2.059158159,-0.765542344,-0.416211978,-2.24533648,-1.713422304,0.224377285,2.227101762,0.151904279,-0.265620482,-0.266552978,-2.097209298,0.078531977,0.702006843,-0.243412043,0.03447339,0,Normal
2.982419603,0.152341286,0.437767613,1.493948905,0.90386738,-0.978532904,-0.408059233,-0.431929263,-6.197948697,-1.183719666,0.903209116,-1.209889546,-0.999310611,0.743016822,0.690765955,1.304043352,-0.949095272,0.996808236,-1.666436009,-1.335259885,-1.793423508,1.156656515,3.792864221,1.205835851,0.37027692,3.784229511,-1.105470501,1.331492188,-6.951131737,-2.998563972,1.663893067,0.083182838,3.117952619,0.599024767,1.186537741,1.681935457,-0.587478028,0.374408572,0.191816151,-0.147525967,1,Intrusion
-2.257087102,0.192525574,0.794129062,-2.212033945,-1.314803136,-1.148371796,-0.230740656,0.355695685,-4.845567906,-0.615595323,-0.367185998,-1.001042796,-0.076557307,-0.424548967,0.290148797,0.771147709,0.788350004,-0.782311427,-0.421167175,0.505426999,0.242251507,-2.780470485,0.161929999,0.18881934,-1.455041811,1.303268646,-1.261412061,0.792438538,-1.921265389,-0.138833459,1.386334463,-2.204112996,2.711176107,-1.659105942,5.264123886,0.211328278,0.127395242,-1.171769091,0.052957473,1.045993643,0,Normal
-2.420930741,-0.239331521,0.984324631,1.625786126,0.847671546,0.317969572,-0.485137746,-0.769250136,-3.925992267,-5.729288611,-0.564491126,0.364065935,-1.42163359,0.349177828,0.30553115,-0.19746974,0.125698925,-0.011534894,1.273662889,0.085914655,0.171568221,4.613781825,0.00547513,-0.309678088,0.203492703,4.064567229,0.101035361,1.008359307,-7.559107803,-1.479918758,0.478403482,-0.156951947,1.335912991,2.510283914,2.10679058,1.063877097,-0.75282346,0.483265663,-0.189341407,-1.117915894,0,Normal
2.486578072,-1.674483856,-0.400696599,0.379582177,1.047491868,-1.702321418,0.64660841,-0.104569651,-3.851387126,-1.192684475,1.723676855,-0.655270044,-1.591525345,1.187036391,-0.25983822,-0.978702386,0.938856275,0.76513749,-0.476640058,-0.046344704,-0.800568719,1.672318404,-1.111952303,-0.920321473,-0.578643219,3.178288823,0.270963748,-0.76442164,-5.640974473,-1.6019538,1.499441591,-0.75009602,0.528467812,-0.938634043,2.532325743,-0.508528062,-0.05450969,-0.559943033,-0.260401526,1.098935485,1,Intrusion
0.731201612,1.307970574,1.587975054,-2.468762825,0.457294898,1.535840609,-0.093017491,-0.479829219,-4.436165297,-0.463565036,0.882613814,-0.475753504,0.231448619,1.668402742,-0.977654368,-0.337799717,-0.087787437,-0.958958257,0.714518018,-1.072697564,0.831158397,-0.152732776,2.745381988,0.355625583,0.222128252,2.172690516,0.478763947,0.463255515,-3.405574879,-1.06870758,-0.191821005,-0.885285826,3.10410515,0.135196378,1.18402999,3.085705808,1.525958009,2.816940685,0.470949653,-2.559997629,1,Intrusion
-1.228130687,-0.713675053,-0.052283629,-0.593561426,-1.505335006,0.231186429,1.86542157,0.061869117,-1.49835391,-1.817577668,0.026018708,-0.044790938,1.71281532,-1.376500119,0.30764332,0.004182616,-1.271753103,0.374873151,-0.582541646,0.248009905,-1.263695592,2.703936051,1.742696014,0.371832949,-0.329956299,0.812046963,0.722371235,-1.156168317,-3.297405318,0.0880619,-1.317380394,-1.413599964,1.692048466,-0.998947985,0.317747344,-0.677244165,-0.279698152,-1.849536185,0.885028927,0.548219494,0,Normal
-2.498829359,0.406610579,-1.474090188,0.538498136,-0.764518583,-0.701776668,0.269264468,-0.319650256,-1.234322942,-0.389849874,2.275928442,0.338749003,0.978069473,0.514904366,0.180573236,1.255730798,1.293542675,-1.646019351,0.835284384,-1.230139206,-1.096873123,0.40904503,-0.064095305,-0.942954423,0.46476881,-0.53532729,0.274262515,0.219765822,-2.149309305,0.272955848,0.494954277,-1.692558259,1.598090843,0.866675121,3.390211156,-0.345096405,-0.466859075,-1.1794326,0.193371356,1.568060824,0,Normal
-2.531825702,0.157876825,1.338295896,1.831659228,-1.469591386,-1.141912608,-0.545012691,0.69760287,-0.159340087,-2.759130861,0.963659921,-1.430382005,1.606643241,-0.136365339,-0.984871108,0.388547094,-1.571161821,0.514411371,-0.441132564,-0.932208102,0.579838652,4.183115604,0.838359311,-2.446271979,-0.208426986,-0.851584859,2.067768501,0.513866005,-5.834932945,-0.917796453,-0.36051017,-1.254685906,-0.197412327,-0.511961432,3.09999049,-1.078594618,-0.719706786,-0.941588464,0.736916685,-0.931632574,0,Normal
-2.099057384,1.727364792,-0.31754084,-0.64540965,1.837909707,-0.514945156,0.821492944,0.261191547,-2.227450004,0.163510668,-0.405023087,0.252145687,0.21563659,1.699680832,-0.045424517,0.462600725,0.041810498,-0.140698918,1.440751841,-0.332799674,1.099916571,-0.20195672,-2.549266636,-1.066860719,0.147571255,0.439069091,-1.552509755,0.701472371,-1.756771342,0.766215909,-0.609126607,-2.142204103,2.513313657,0.842046828,4.398749405,-0.779581693,0.07050961,-1.364988322,-0.207821888,-1.138165254,0,Normal
2.023716343,-0.139052884,0.218791719,-0.185288856,1.167332027,-0.745376618,0.537708175,0.542471728,-0.933997108,-0.659457645,1.33969753,-0.817564692,-1.632294729,-0.000491946,-1.198661779,-0.866836026,1.001862258,-1.363022261,0.208914231,0.996552508,0.129658109,1.373797775,-1.953356288,-0.362731243,-1.434351903,3.264401019,0.394151729,0.853075246,0.128549683,0.562366067,1.030006853,0.579145923,0.680456401,0.296648044,-2.849994762,0.44908059,0.74821437,-1.402645425,-0.151643759,0.00372732,0,Normal
0.981732338,1.719927695,0.148117231,1.182602326,0.571180747,0.600983929,-1.572602508,-0.24646539,-3.84399007,-2.172450944,0.524016773,0.504640185,1.655009697,0.008020283,0.595352528,2.498801474,-0.096525496,-1.195073151,1.877820715,-0.631199548,-0.092322737,2.107771282,0.486478976,-0.792083142,-1.026513189,1.74928741,-0.375544707,-0.441941656,-3.957016344,-1.329933602,-0.265977822,-0.718071829,2.7739876,-0.586427921,0.994527755,0.504311924,0.837141582,0.30367039,0.566835087,-1.651173875,0,Normal
0.450017315,2.409548292,1.617500438,-0.022667609,-2.061965953,0.062806647,-0.470076108,-0.57750825,-6.173491454,-2.887022826,-0.183636444,0.503300581,0.942326884,-0.070565694,0.05503245,0.061040499,0.181828077,0.05835729,1.340454846,-0.435574267,1.695648035,0.325178959,1.950878891,-1.485516892,2.186705734,4.085027988,0.695045076,0.272576155,-3.918092078,-0.284787424,0.726092546,-2.502284677,2.586772938,-0.119869468,1.306353807,0.512753106,0.843898142,-2.128002398,-0.683145472,-0.729441279,0,Normal
-0.568246072,-1.004572721,-0.220640861,-0.933557911,-0.53471406,-0.891619899,-0.317778703,-0.415087793,-1.673495294,-3.864256033,1.288952626,2.056958203,-1.974406066,1.082183938,-0.435130159,-0.242396633,1.074470704,-0.603760065,-1.253962068,-0.363927723,-2.004698275,3.488971468,-1.712103923,0.103295645,0.081247293,4.353549063,-0.1753162,1.025702465,-2.798415561,0.322738311,-0.052471188,0.273115265,0.292310725,-0.672268368,-1.666415605,1.927736371,0.311461722,-0.261974228,1.554431279,0.603836944,0,Normal
-2.357022911,0.525593347,-0.23086237,2.125697791,0.7577809,0.200285232,0.720083315,-1.437579826,1.023252025,-0.854945328,-0.861494785,0.610086928,1.958979066,-0.054600779,0.914015178,1.413664167,-0.2185295,1.246883265,-0.629386422,0.585835707,0.47105896,3.5386583,2.744969343,0.83613426,0.092344215,-0.77429803,-0.166182992,0.097072408,-2.739255658,0.64525128,-1.210916051,-1.13948008,1.176032039,1.779053099,-0.579965347,0.504625213,0.438874371,0.728237087,0.374250884,-1.249455859,0,Normal
1.832049512,-1.180522669,-1.152677763,-0.834956827,-0.268507394,-0.118072653,0.593637141,-0.458302769,-0.408001713,0.151699905,-0.316691872,1.187474223,-1.090808793,0.909159015,-0.335631413,-0.329669297,-0.686105907,0.648580938,-0.377921204,-0.047112904,-0.607089216,1.36420357,-2.140039671,-1.420827336,0.014347606,1.17913571,-1.831574199,-1.447569996,-0.373459032,-0.786236117,0.064902118,1.75882043,1.585233015,-0.654628208,-1.380310822,1.4142279,-1.842594059,1.164208789,-0.489384315,-0.795176048,0,Normal
-2.421289731,1.104901689,-0.806240357,-1.133897472,-1.427944276,0.958253485,1.22286204,-2.091675349,-0.949595743,-1.375618469,-1.160360081,-0.664070827,-3.447614887,-0.189393888,0.46606603,1.850426245,0.001339995,1.182305807,-1.021496198,-1.033199644,-2.216418238,1.242285351,-1.516203752,0.680700754,-0.244255237,3.575639654,2.6729136,-0.150841909,-2.908609084,1.769437745,2.129573175,-1.91505181,-0.998592459,-0.566358849,1.790710503,0.335874352,0.481204112,-0.807065522,1.429807075,0.315865062,1,Intrusion
-1.725011171,-3.01655731,-0.414973693,1.935869854,0.20350765,-0.528670189,0.193543571,-0.09548135,-3.616009229,-5.025001493,-0.489866327,-0.402806101,-1.387462349,0.124091164,0.843231993,0.933919115,1.360959756,-0.284538577,0.669692259,0.40969088,-0.062886315,1.773476865,-1.381575909,-0.330971613,0.216049917,4.382011353,-0.447377664,-1.245495479,-3.139609486,0.020383209,-0.514686968,-0.734339116,0.232977578,2.040003191,0.833120643,-0.574577463,-0.327062461,-0.079037101,1.222761967,0.48341749,1,Intrusion
2.378310072,0.335655288,0.344375908,0.638504381,-0.798147912,0.125695729,-0.651472826,0.060216831,-1.056720771,-0.420425279,-0.539337584,-1.327821323,-3.687144752,1.960516214,-0.068160581,-0.862541245,-0.245497729,1.297711486,0.381693366,-0.173038456,0.978363482,3.141095683,0.932011982,0.833675309,0.649245975,1.672259071,2.252700706,-1.615817775,-4.90601952,-4.12225781,0.477543361,5.148148091,2.327258648,-0.590356601,-1.503564603,1.437767758,-0.818935669,0.497312857,-0.644145169,0.330511434,0,Normal
2.906147387,-0.532685901,-0.077465164,2.184276755,0.189169322,-0.954425033,0.545699688,1.276814341,0.155250946,1.620237079,-0.113370328,0.160416417,-1.661538105,1.581920478,0.912001647,-0.950731219,1.628684447,0.959177584,0.768120443,0.5899673,-0.040776515,0.697465959,-4.906090427,-0.654819287,1.154349772,0.421485492,1.131063304,1.045692874,0.320906681,-0.961091993,0.452004289,2.060322293,1.396459718,0.952241651,-0.053431925,0.352362926,-0.784685944,-0.53351229,0.684374044,-0.170584637,0,Normal
-2.064288371,-0.015182811,0.515993404,-1.501279079,1.194723411,-0.424992651,-1.429126248,-1.084125185,-2.804602755,-0.809119513,1.556699532,0.775472552,-2.459185581,-0.912969029,-0.145946164,-3.261003499,-0.834024504,0.629443854,0.319988124,0.990984829,1.265135793,-0.947689931,-2.143562514,2.138102652,-0.064632402,3.576678533,0.69026484,-1.11086397,-0.959519787,1.830608436,-0.537828071,-2.167979769,1.061625729,0.546871627,2.34405391,1.272220771,1.951144812,1.327643426,-1.000298062,0.871721111,1,Intrusion
-1.260815802,-2.067029986,0.136400006,0.116383783,0.588677985,-0.490869659,-1.877141209,-0.469725968,-4.269603994,-5.109013925,-2.856111556,-0.505579846,-0.327786179,0.026144529,1.255384077,0.392235143,1.095598139,-1.585068648,0.943370143,-0.590745645,2.858650385,2.887643772,-0.014714394,0.10057819,0.2898757,2.916949822,1.098180544,-0.26271122,-5.085567952,-2.361174586,0.353881551,1.214050381,2.485239628,0.126365061,1.252724813,-0.735001887,-0.380558067,-1.42148053,-0.342331884,0.017538158,0,Normal
-2.702977492,0.237767778,-0.253060946,-1.013235122,-0.593900295,1.425696922,3.214524523,-0.646969763,-0.043040183,0.938967277,-1.639086141,0.329762355,0.538289824,0.312380806,0.443531844,0.40803897,0.140493527,0.030875212,-0.014187213,1.278086092,-0.329300038,2.106715697,-0.420716732,-0.775223198,0.594128628,-1.833720676,-0.833330273,0.542520633,-3.364634826,-0.739360653,-1.571923398,0.108858167,3.599178525,0.414941281,3.431244981,0.96896411,-0.706223524,0.160592701,0.296020177,-0.576987299,1,Intrusion
3.195345194,-0.664702537,-0.839027194,1.119713187,0.638514046,-0.773049272,0.400163317,-0.876043627,-1.167994645,-0.291254096,-2.211171368,1.785976394,-3.655882887,-0.412769407,0.447005757,-0.954385141,-1.416007665,0.742825177,0.135995395,0.057207127,0.149918988,2.454140115,1.677130996,-1.492548697,-1.180929631,2.676216663,-0.682106352,1.23776857,-3.905371652,-3.072796217,-1.218411602,4.021925324,1.176360921,0.189561166,-2.772961041,0.96983956,-0.476628012,-0.165187328,-1.342906904,-0.389954231,0,Normal
-1.766559533,-0.303222882,-1.094801746,0.124884561,0.094701229,1.105736589,0.923194002,-1.38477771,-0.840514263,-0.549815217,1.462773885,0.40285281,1.273759239,-0.026909276,-0.035114447,-0.744775291,-1.342619658,-1.017639949,-0.013659134,-0.437539376,0.18850308,3.249460035,4.21215804,-0.034945167,1.227555709,1.243640392,-0.966392571,-0.158074217,-2.922807807,0.864965389,-0.185726113,-1.097015511,3.294861441,-0.542683871,-2.081224265,0.250461718,0.414363965,-0.012176138,-0.599282338,0.160269409,0,Normal
-0.708553966,0.63540792,0.314338899,-0.282132918,-0.096273966,-1.722548396,0.84197053,1.63129632,-4.739200134,-6.386863303,0.250895292,-0.589062656,2.087980388,1.085343851,0.749609595,0.572606491,-0.610331218,-0.092287503,0.356296631,0.399577684,1.165457614,3.398804528,4.368529588,-1.827096374,-0.053934237,1.419559069,-0.87353911,-1.940279636,-8.815367172,-3.59814576,0.599523201,-0.876297566,-0.7208886,1.573424106,3.359668015,1.125308891,0.482841074,-0.110682613,-0.546330067,-1.280941044,0,Normal
-2.802936011,0.172589024,0.691514874,1.342445404,1.854377685,-2.147739543,1.261255374,1.334285169,4.46893084,-0.021709492,0.289669833,0.572349647,3.307482839,-1.108916754,0.359088447,-0.889831277,-0.591167031,2.209773432,-2.005543809,-1.150802757,-1.09331843,4.610857764,1.9191118,-0.222798663,-1.885013904,-4.128831304,1.27959427,0.271411922,-1.849055779,0.375995557,1.104587513,-0.332387427,-0.195204733,0.467731141,-0.46870782,-0.605406003,-1.000078769,2.380920138,0.292869619,-0.948096487,0,Normal
0.401017478,0.605160556,0.816851623,2.426415232,-1.39030417,-0.151028733,0.942889734,-0.73768843,-1.997302639,-2.020482489,-1.19927942,-0.30433414,-1.110193598,-0.106356575,0.664489126,-1.023242104,2.451751885,-0.856052493,-0.042856451,0.12360002,0.7367877,1.661590906,-0.675487503,1.167573922,-0.587528219,2.957289787,0.014018963,-0.229962715,-1.155036287,-0.388817433,0.474750966,1.112540742,1.942025038,1.310811172,-1.87623676,-1.284484078,0.802380443,0.082076447,-0.899182866,1.786539823,0,Normal
-4.233928425,-0.120351314,-1.041240652,0.816874682,0.621685234,0.249759009,0.603427846,-0.195980524,1.56008674,0.712933642,-0.927469481,0.425791174,-0.613847904,-0.809734333,1.127232711,1.702976076,0.389594643,-0.467130976,0.337075997,0.143009186,-1.082961821,1.393313834,-1.379617453,-1.669787696,0.320167963,-0.612621478,0.861924896,0.98372406,-2.458710772,2.469098492,-1.128668241,-3.410630871,-0.868937078,1.299952509,4.21646596,-0.827080706,-0.495519345,1.317958696,-0.374722379,-0.553508368,1,Intrusion
-0.185213952,-0.837391122,-2.613142182,-0.080111617,-1.48671131,1.410380779,-0.309121519,0.832897647,-2.174381154,-2.182526047,-0.340804478,0.338382303,0.369657326,0.880905237,-2.536415558,-1.795572422,-0.948936648,-0.127496801,0.355127871,-0.674296215,1.952753755,1.129124847,-2.52783335,-0.775734154,1.056968549,2.080457826,-1.013246296,0.521017106,-0.393952831,0.249079482,0.403735606,-0.252708579,1.874378888,-0.754914368,-0.088781463,-1.031100046,-1.04298734,0.263080646,-1.167146513,-0.076916259,0,Normal
1.762870153,-0.448747467,0.142133777,1.11200681,1.818856205,-2.067801927,1.284676259,-1.06880225,-7.503255237,-4.351431883,-0.116720676,-0.919231636,-3.217324667,-1.465434224,-0.422271658,1.618760922,-0.58595441,2.031349534,-0.104489359,2.86885581,2.221636856,0.348128382,1.816047835,-0.737726178,-0.879165899,6.542751051,-1.421366303,0.787733877,-7.610225464,-2.294127509,-1.497845709,-1.145579113,-0.292632063,0.469859434,2.868770806,2.273945535,0.621182278,1.332016704,2.359727778,-0.057020998,1,Intrusion
-2.215528602,-0.627903247,-0.645590538,0.441618074,-0.5239433,0.583747114,1.301330699,-1.254574692,-3.02507092,-5.163592747,-0.491118131,-0.877874604,0.258680323,-0.346833569,1.590731076,-0.418612414,0.089287622,-0.414680963,-0.144545517,1.961835992,0.887583853,2.585367705,0.286842536,1.585132051,1.532839634,4.235218895,-0.061923883,-0.023024292,-1.874278173,1.00089223,-0.579878294,-1.087505044,1.296925675,-1.227385039,-1.704118101,-1.024849693,-0.600562208,-0.227310587,-0.384259816,-0.951801644,0,Normal
-3.374826894,-1.382232148,0.933904498,-0.334717283,1.149243384,-1.833378909,-0.251049625,-1.050331071,8.611344554,1.43689857,0.488220922,-0.459651385,3.221843574,0.474336811,0.506647479,-0.087806383,1.30057108,-0.031933301,-0.63613708,1.338702674,0.485561245,3.818557484,1.127702548,-0.676554623,-1.261651458,-8.314999833,1.474506048,-0.228684905,-0.260223452,-0.578676633,-1.018493224,1.36021963,-3.262810188,-0.636626279,0.800989064,1.200877804,0.010092653,-0.476072634,-0.122494117,-0.961175119,1,Intrusion
-0.925017371,-1.582341236,1.82619261,-0.659133096,1.316838235,1.462762,-1.033462408,-0.83765941,-3.32683393,-0.702018094,-0.410970452,-1.154130592,0.635304571,-0.548486383,-0.261750055,0.169584349,1.942524705,1.004833364,0.460263181,-1.675669635,-0.282036589,3.240402266,3.440402768,-1.497969437,-1.233153002,3.65863545,0.132235183,1.043999053,-5.260370009,1.652308124,0.355493239,-3.631329014,3.206861516,1.333033544,-0.149438191,0.455249859,-1.752494114,0.551608008,-0.49587176,1.474776686,1,Intrusion
0.101951261,-0.1784413,0.637640515,0.932450083,0.929564568,-0.849677362,-0.084351496,-0.426636879,-2.488399288,-3.227293843,0.22634631,2.181909609,-1.072947044,0.188823634,-1.677512802,-0.391207973,0.139995035,0.732037317,-1.635841846,-0.096395523,0.46715239,2.052832074,-1.452303069,0.496963474,0.195521821,2.863362959,-0.373741242,-1.255160645,-2.609895476,-1.06507999,0.216212661,0.936916569,1.071802895,-0.316206609,-0.157927256,-1.520455366,-0.696526336,3.10990382,1.085433672,-0.444531503,0,Normal
0.845427696,-0.127879876,0.549346342,-0.277022105,-0.761646617,0.429834798,1.035898963,0.631275982,-5.021186737,-2.062519517,1.798951588,-1.188242246,1.901334518,1.550381152,-0.098507185,-0.543948792,0.348557318,-1.008891929,0.024866053,-2.746264871,-1.083709767,-0.317872608,4.100173884,-1.215021718,0.448183638,3.777975755,-1.374560054,1.22020593,-1.26153181,0.758399491,0.704781095,-2.55022655,2.493632242,0.808399511,-1.867823775,-0.491145284,0.734366016,-1.979810732,-0.036656516,2.697509177,0,Normal
2.060301248,-0.372200355,2.248295209,-0.65541158,-0.287455042,0.283663771,-1.258819025,0.072538065,0.766135277,0.482634096,-1.512496096,1.001635907,-0.186279,1.460970643,1.157350831,0.561948273,1.039350687,0.697673893,-0.100024368,0.890243539,0.515781144,0.536750637,-4.021356785,0.967494357,-1.041272285,1.052254108,1.370871784,1.405625671,2.886514233,1.066588721,0.836957187,0.613443661,0.483728627,0.576205803,-2.600601066,-0.431118335,0.705544941,0.05420159,-1.319961973,0.101835096,0,Normal
-3.222911897,0.275805421,0.065203848,0.173151995,0.395418035,-0.403413417,-0.464583038,2.385938549,-1.107755356,0.609239747,-0.207547714,-0.629631624,-0.531705185,-0.293760586,1.303565002,0.856880285,-0.248630521,-1.814301992,0.865923083,-0.641672025,-0.00219375,3.372254226,1.593102078,1.069957163,0.294151012,0.387268944,0.23512898,-0.297421806,-4.862065702,-0.232960585,0.546977419,0.018715085,5.278488232,-0.877720514,1.706709293,-1.07979646,-0.676023374,-1.277456897,0.332834315,0.009132493,0,Normal
-1.220554664,0.09469427,-1.047898127,-1.566569612,2.254874987,-0.333852602,-0.211649538,0.446519453,-4.267582063,-2.539970401,0.612909105,0.751318069,0.525397598,-0.412371558,-0.689764961,0.912519311,-0.163269223,-1.728312615,0.815249424,-0.348391237,0.496501988,0.235783851,-0.995701147,0.770631897,-0.025476702,0.482431213,0.910650271,1.336189448,-4.756898298,-2.264585163,-0.28721881,-0.599908538,1.861919511,-0.601646398,5.621889439,1.442974134,-0.399651859,1.072889334,-1.116357566,-0.257765386,0,Normal
-0.539169166,0.442714695,0.082038552,-0.052487104,0.581230754,0.831215321,1.086022864,-0.308217222,-0.742463623,-0.29959422,-0.272827185,0.441773579,0.045914805,-0.314244778,0.889088366,-0.738568731,1.056594142,-0.575403841,0.185741393,-0.987412178,2.220190069,0.059322651,-0.461050514,-0.736253139,-0.612519914,0.621608675,0.243435473,1.461828182,-1.018003592,0.662248293,1.060934002,-1.56200625,-0.321613417,0.659424656,1.465371103,-0.529540601,2.592486,0.427712211,-0.209765947,-1.413348342,1,Intrusion
1.72757818,0.274447349,0.580749382,-0.504819986,-0.261644331,-0.231173539,0.132045355,0.664950151,-3.234860629,0.37488032,0.50919859,-0.457608191,-1.194492728,1.57541976,-0.284533156,0.015739865,1.646685508,-0.566642888,-0.561985231,0.854779421,0.017283431,1.845267881,1.267589454,1.192601718,-0.421752439,2.14731433,2.579686505,0.353951409,-5.985264624,-1.509424898,-0.040719618,-0.694004784,2.001440942,0.512032551,2.175578438,-1.190890161,-0.669495534,0.706255813,1.063737969,0.533572463,1,Intrusion
-1.329531225,0.465527614,-0.502093452,0.198252933,-1.782513305,0.489532909,-0.658875103,-0.26806498,-5.056535823,-2.551163062,1.190471171,2.386232245,0.243998459,-0.92466615,-0.585434376,0.429457858,-1.997764577,1.825858275,-0.515404234,-0.325132861,-2.26581146,1.506492877,3.999768732,-1.304133911,-0.434823104,3.159507637,1.384450688,0.305837757,-5.399409454,-0.915317208,1.307425457,-1.286911659,3.483254474,-0.344082511,1.234434567,-0.52770181,1.488987758,0.355966819,0.033482326,0.3755823,0,Normal
-1.473695997,2.572082158,0.010521052,0.028826009,1.691950524,-0.36228383,0.340821352,0.211259576,-7.438862101,-2.019281691,-0.545481755,-0.469008609,-3.726498757,0.34601824,-0.562954142,2.048971365,1.040141538,-2.068984475,0.348392552,1.042089783,-0.321990434,-2.6200745,1.54333997,-0.339203262,1.000734868,8.539600576,1.435256353,-0.953939092,-3.606695454,3.39304133,-1.051173752,-6.24257616,0.020206923,0.145971007,2.946908901,-0.174088145,-0.171101579,0.476090782,-0.286506157,1.265770229,1,Intrusion
1.036729486,-0.929776579,-1.105036531,0.098450526,-0.813583141,0.113882729,2.193217009,1.426108919,0.517377371,-0.41495449,-0.687730995,0.893994233,-0.759905888,-0.910124809,0.011895141,-0.455884512,1.580620708,0.669790996,1.171535941,-2.071715522,-0.492346519,2.662616905,-4.233046434,-0.093372423,0.755187466,0.15586376,1.508339737,0.64019242,-2.253852053,-0.747683101,-0.334522184,0.651673765,-0.112489527,0.473129026,1.406475922,0.194714133,0.282512722,0.00246651,1.474484418,0.762931775,0,Normal
-0.519347156,-0.699187212,0.8936028,-0.219503799,-0.657548397,0.198016814,0.292824711,1.041529494,-6.670385398,0.083184924,-2.057799376,0.860690156,-1.036040931,0.030540836,1.357382415,1.310288101,-1.092038654,2.101313072,0.081114359,-1.394274244,-0.409951926,-1.751717426,-1.942855458,-0.479728878,-0.017954341,3.421016564,-1.380175253,1.69976062,-2.866279766,-0.19661794,-1.065930797,-1.846543795,5.575576674,-0.873055666,4.708533595,-0.047794457,1.668943468,1.133743191,-0.123855839,-0.243135243,0,Normal
-2.130523924,-1.348494598,1.760402738,0.05599186,-0.626990422,0.71823092,0.61450641,-2.215537379,-2.413413959,-4.164017696,1.091675909,-0.175418209,1.385018069,0.741615661,-1.018767955,0.272059777,-1.243120104,-1.390637723,-0.708506432,-0.779598363,0.891169133,3.287135737,-0.945190255,-1.476797116,0.519736146,1.064192093,1.271493237,-1.18930238,-3.650770875,-1.166720214,1.217572291,0.217906466,2.440050053,0.914692222,1.402502328,1.033167739,-1.494755301,1.001929884,-0.315027991,0.062444221,0,Normal
-2.183753693,0.075591165,0.301683276,-1.617449319,1.326649521,0.931347162,0.955672391,-1.739736826,2.491348963,-1.79685336,0.479195291,-0.463700769,3.965880434,0.264127555,0.174091448,-0.334149903,0.421725676,-0.853076029,-0.64575427,1.200298426,0.168490659,1.3113778,2.642737409,-0.015154474,1.134449402,-2.224559337,-1.051542272,2.691871253,0.965461239,1.71993268,-0.130329798,-2.499942206,-2.799659601,0.373351062,-1.106091265,-1.951667391,-0.708525249,-1.474541574,-1.094624912,0.721697649,0,Normal
0.565217896,-1.309016187,0.527942333,0.925569958,-0.031190723,0.650475459,1.17657125,0.755065046,-1.558367317,-2.086485095,-1.025363124,0.464996861,-0.226026149,0.545463882,1.458686302,-1.71756393,0.561080356,-1.583873237,0.049850868,-1.557320369,0.595110704,1.038502386,-3.094609272,-0.813010179,-1.524941852,2.585306993,0.814245047,-0.189924886,0.869708465,0.531779285,1.008859591,0.354810676,1.344692773,0.850894814,-1.667210505,0.717735746,0.843665536,-0.712721025,-0.33074805,-1.229128263,0,Normal
-3.801677273,-2.301315376,-0.447935769,-2.104734443,1.451573566,-0.467016119,-0.582963801,-0.774832148,0.788425202,-0.548391791,0.061125554,0.405153365,1.545288588,2.596339482,-0.916904592,-2.298125335,-0.75043488,-0.53071954,0.191137845,-0.784908345,-0.08726823,0.270537394,1.073763787,-1.980637455,0.772517755,-0.349180421,1.004634948,-0.316148818,0.493297902,2.75157251,0.555720287,-3.158971466,-0.243936758,-0.629842482,0.848158754,-0.084985411,0.074175528,-0.656455731,0.29181536,-0.742062898,0,Normal
-0.482197855,-0.093629395,0.092839664,-0.305485308,0.545060352,-1.604022106,-1.140299796,1.00917973,-4.908964163,-4.421800514,-0.767411697,0.245970728,-3.174190599,0.265426051,-1.025014728,-1.374914777,-0.720949176,-2.034953378,-1.119007374,0.060466123,-1.63584493,2.611539823,0.520643327,-0.187174687,-0.452785918,6.657820715,-0.062836958,0.572795981,-4.40964898,-0.484169106,0.584186819,0.577317768,2.462171874,0.813903034,-1.60474821,-1.196986649,0.304488222,-1.082471124,0.772452849,0.372998782,0,Normal
-2.998135995,0.05242328,-0.08365801,1.159390271,0.011841814,1.735374634,-0.17096731,-0.229687588,1.087798021,0.868468194,1.150095837,-0.083687243,1.13374687,-0.661442217,2.289308481,0.09731833,0.053699408,2.151979663,2.162926382,0.172734321,-1.258228165,2.406714197,0.748443294,-0.940125949,0.398929448,-1.562676318,-1.553354189,-0.482765131,-2.272017083,0.757953754,1.3295141,-1.078567461,2.328363401,0.236680681,1.629075386,-0.296024801,0.021264778,0.299200444,0.209626105,1.513827993,0,Normal
-2.686744209,-0.355831643,1.483277345,-1.180302437,0.780042205,-0.706439814,-0.684356588,0.834708864,-2.446532651,-0.117440606,0.373634762,0.432438691,-1.245064827,0.724326693,0.420124569,-0.568466992,-0.909068894,0.185311111,-1.786769767,-1.387689098,-1.363277497,4.48663335,1.40810851,0.322841793,-0.328184324,2.044218133,-0.093972225,-1.627768355,-6.666951089,-0.530840195,0.171015504,0.028831992,6.092941586,0.801472459,1.578636931,-0.449343952,1.461041908,-0.691469365,-0.408043529,-1.177278615,0,Normal
3.938703248,0.06494233,-0.713418588,2.447964379,0.083445693,-0.284154943,0.128517379,0.199769009,-2.314448803,0.010351595,1.52093192,0.860601125,-2.735564136,-0.045750559,0.260085524,0.503391398,-0.031021189,0.051870882,0.817672819,-0.022752253,1.741555069,1.36287899,-0.157143278,-2.665826601,1.710968562,2.574804246,-1.497649761,-0.20104071,-3.281200038,-2.845197201,-0.669401597,2.92960112,1.523620493,-1.531259796,-1.201666119,0.137669854,1.826924362,1.461431148,-1.12777834,1.315066949,0,Normal
-3.329651575,-1.245009945,1.881310626,-1.045373168,-0.745401694,1.659578064,-0.042540339,0.619417598,1.229865265,-0.630657784,-1.146990527,-0.624102903,1.581164014,-0.295868883,-0.463191778,0.590058065,1.008398558,0.323004611,1.896689811,1.243380674,-0.239491344,2.00621736,-0.739190528,1.525868923,-0.464744827,-2.069467896,-0.847841174,-0.729896639,-2.322679213,0.598959646,0.237062046,-1.750367896,-0.055157829,-0.634952857,3.393135238,-1.141217402,0.253803496,-0.027371394,-2.035153377,-0.713421943,0,Normal
0.731233897,1.905637291,-0.865597565,-0.127869711,-0.276133053,0.620192454,-0.244738572,-0.889064616,-2.788152183,-0.926601443,-0.151138132,0.408807324,-0.875483576,-0.393648056,-0.270309436,1.045089016,-0.934472749,0.678127611,-1.299003072,-0.466601941,-0.571503806,3.712773223,1.86097346,-0.242326749,-0.520347308,4.17949127,-0.754845077,-1.047184212,-5.949073775,0.85237711,0.858165755,-2.663520668,1.339342904,0.770110178,-0.197016508,-1.44469926,0.035822446,0.552835099,-0.541548225,-1.586262453,1,Intrusion
-2.890779598,-0.820799667,-0.252464184,0.772604664,0.097373524,1.940189415,0.447383221,1.134534179,1.245110795,-1.307826944,-0.303007621,-1.024262048,1.88543184,0.158127788,-0.349528518,-0.013963065,0.83158987,1.756133995,-2.114228635,1.419062629,-2.675214704,2.2357756,-1.239243384,0.729050866,-1.425561028,-1.803531333,0.34792621,-0.022115765,-1.811061596,0.607784481,1.500511372,-1.575870264,-0.41191721,-0.784925012,2.640614273,1.222395197,-0.992943664,-1.185027577,-1.621291453,-0.189957545,0,Normal
-3.571754785,-0.759662126,-2.412221751,0.617647679,0.180105879,-0.367626163,-0.585022707,1.13976042,-0.098121842,0.209719485,-1.354169109,2.369542682,0.798865113,-0.407254758,2.66800543,0.524063142,0.223649503,0.791367737,1.120897432,0.701954407,-0.002060834,0.566166068,0.713673998,0.435902903,-0.181580038,-1.541979012,-0.912230159,-1.003019193,-1.96385756,0.228678432,0.820789852,-1.076026114,1.892495394,-1.5161121,3.280703726,2.665207868,-1.081850256,0.047923885,-2.520417287,-0.007791168,0,Normal
-3.639959087,-1.635834819,0.142353688,0.314533247,0.75369113,1.853301172,-0.409749247,-0.23953462,6.069644509,0.885034389,-0.814754461,-0.162302587,-0.78743617,1.367167404,1.050023832,1.035524765,-0.673256965,0.495109438,-0.190944986,0.530570998,0.498187045,2.992807547,-4.438304599,0.911069106,1.065378229,-3.033027656,-1.055293388,1.635169306,-0.633082415,2.232061517,-1.030645122,-1.451280543,-3.923614504,1.305058859,2.879276182,1.631044802,1.225629062,1.175812813,-1.42056428,-0.022460978,1,Intrusion
2.66525033,-0.481952441,2.340652671,0.528136669,-1.540165078,-0.523322207,-0.204480909,-0.420924844,-4.484195346,-1.901154297,-0.340872599,0.383564999,-2.852280344,-0.757604682,-1.258166995,-0.698844473,-0.334056766,-0.589934867,0.233719881,0.525089283,1.541748741,0.556469531,-0.352067777,-0.658818732,0.457011487,5.445442458,1.449477282,-0.301893867,-1.689687566,-1.179416213,0.129433801,1.771162264,2.702290998,0.219699252,-2.598151206,0.101238499,-1.254352973,-0.638821457,0.827490467,-0.389620114,0,Normal
0.732415947,1.956352486,2.19412196,0.052706832,0.397326879,-1.202880424,-0.216763595,1.019056149,-6.758059936,-3.555355113,0.285335483,-1.437564378,1.504984674,-1.127603716,0.175484725,-0.349251882,0.818265319,0.176611821,-0.281168675,0.366327189,-0.109910118,-0.555000872,3.689499412,-0.233547184,0.00689334,4.476963108,1.623286831,0.148385979,-3.570999364,-0.106325035,1.16676914,-3.268911519,1.441953824,-0.478377581,0.795164902,-1.816352633,-0.481176201,2.248161373,-0.292066636,0.308226594,0,Normal
-3.625056058,-0.851111702,-0.046954962,1.016280051,1.222712604,0.183073081,2.920979098,-0.732898122,-0.585945035,-5.278262201,0.263065379,1.90344573,1.10041341,0.157580217,-1.296222743,1.879974627,-0.843687858,-0.144529256,0.191565963,-0.040163961,0.016304494,4.328934498,-3.909638442,1.36528042,-0.265850794,1.059270767,-0.13755338,-0.277734629,-3.380731154,0.439142261,-0.344405204,-1.253565188,-0.284129324,-0.329657517,2.455685759,0.607834645,0.524906577,-0.941265692,-0.640330861,0.059659939,0,Normal
0.596105951,0.461930927,-0.590200044,-1.102600529,1.413512659,1.053447096,-0.415230509,-1.209464637,-0.344024664,-2.520135577,-0.356284753,-0.164186105,-1.471126594,-1.185961066,-0.635552132,-1.67514404,-0.432006808,-1.07193879,0.88803087,-0.163097758,-0.603354572,2.580916035,-2.806040619,-1.583623654,-0.479934283,2.519156689,0.733370849,-0.364364505,-1.058910639,-0.191728812,0.912764835,1.183186865,-0.241872616,-1.310432869,-1.654741831,-0.448305245,-0.206541474,-2.165234168,-0.953353829,1.04820031,0,Normal
-5.290685032,0.695322849,-0.599202463,0.406281474,-0.191258109,-2.06319684,1.338665978,-0.246380166,4.748859455,-0.063236593,-0.132008626,1.395463269,0.715745701,0.447479035,-1.329623258,0.515908541,-1.013972329,-1.320060681,0.235225793,0.896272036,-1.891925904,3.201954327,-2.326148617,2.637384199,-1.019122713,-3.614970905,-0.865327219,-0.794114462,-1.735520175,1.613212886,0.593349643,-1.551802004,-1.899934796,1.315245492,3.664822023,-1.078887469,1.625740255,-0.382940699,0.229906989,-0.694111668,1,Intrusion
0.965157784,1.457195884,-0.05126549,0.08685744,-1.943156352,-0.151273645,2.186282421,0.657183327,-0.880968093,-1.026990126,1.184951071,-0.52193018,-1.791370204,-0.539956755,-0.939970923,-0.44473522,1.228798311,-1.950166124,2.713439214,-0.026532609,-0.266864406,1.270307644,-4.444098884,0.776437735,1.288644303,3.521377123,-0.325552703,-0.310742618,0.33568957,1.638200444,1.16192359,-0.755237047,0.038169436,-0.020031301,-1.114423247,0.187949956,-0.506861403,0.025846316,-0.633509975,-0.011446114,0,Normal
-2.565323067,-0.945568181,0.012197358,0.154499588,0.005779982,-1.75703225,0.867825873,0.911645263,1.567709565,-1.286666682,-1.000862551,0.543478983,-3.987219246,1.56277614,-2.331197247,0.324877281,0.875649002,-0.28393244,-0.461189424,0.275963394,1.178403697,3.068860503,-3.573868611,0.305706397,0.218219875,2.856217648,0.38986469,0.126819864,-3.286122538,2.259052853,1.195781805,-1.855005717,-2.950344463,0.563192462,1.791615173,-0.382130914,0.280855517,0.020403703,0.925009277,0.73894565,1,Intrusion
3.310846151,1.508864978,1.237686456,-0.761519194,-0.48183781,1.744685054,1.132792236,0.255842296,-3.169983267,-0.85687639,0.571393101,-0.448905089,-3.671017497,1.694653104,0.15172318,-0.476581514,-0.538422958,-0.14502203,0.726667527,0.259575997,-1.795154482,1.104998301,-1.940122834,0.146397107,1.986866761,4.44441456,1.469794786,-0.818268356,-2.492985605,-1.71967727,0.380955942,2.310457629,1.740825321,-0.075262755,-1.401047459,0.897812611,0.961495954,0.584315106,-0.249720383,-1.387991668,0,Normal
-1.313493036,-0.098521234,-0.351270777,-0.148084783,-0.662923417,-0.119835347,0.189452973,0.430431037,-1.913582079,-1.503278464,-1.199183716,0.214187035,1.351694423,-0.997350711,-1.494374676,1.287731061,0.272504676,0.560060628,-0.207258428,0.213747301,0.114477481,2.157335078,1.500543135,1.879226073,-0.835248599,1.456194384,0.109253718,0.910480081,-3.001500038,0.72896477,0.340211509,-2.118198683,1.749426837,-0.25078201,0.524886967,-0.425294286,-1.115226337,-0.449305631,-0.172124945,0.239066327,0,Normal
-2.146907901,-2.409275702,1.102185764,-0.375327634,0.461484494,-0.857039775,-3.036683657,-0.247907804,0.350924418,-1.182091457,1.082035367,0.185614709,2.187160694,-0.438090353,-0.307662421,-0.676235853,0.722919319,1.513020625,0.559009944,0.196821662,-0.189273941,0.944665322,-0.130038771,-1.976374773,-0.271203264,-1.094611325,0.062153064,0.696172751,-0.670865751,0.979847874,0.034499027,-2.079577396,-0.428147425,1.239877263,1.694945946,0.301481445,0.801947534,0.007934818,0.600868473,0.779992467,0,Normal
0.412572595,0.577019409,-0.226548937,1.204107459,-0.802546543,1.022376257,0.811502706,-0.136323779,-1.148595655,-1.811168096,0.358594412,-0.940625039,0.124385485,-0.541102756,1.900338119,-0.437974796,1.172496657,-1.468908244,1.395863319,-0.160445868,0.142555382,3.432779788,0.774951244,-1.120670351,-2.789608931,-0.140194589,-0.062129963,1.92193754,-4.097464466,-3.25931783,-0.123106336,3.182910132,2.877561636,-0.599999423,-0.249453759,-0.289560156,0.561724175,0.141040982,-0.158781231,0.508615964,0,Normal
1.612120644,-1.166906059,-0.237451031,-0.79106028,0.754370974,-0.760872127,0.277710912,-0.696429195,-5.210132776,-3.199258024,0.805677807,1.39105632,-3.314389728,-0.324483688,-0.420328341,0.881431897,0.22639606,0.600119036,-0.465542074,0.428114352,0.210638835,0.638610513,1.888457011,0.735154183,1.118961439,7.619458416,-2.098480006,-0.018352245,-1.715758119,0.22032162,-0.170082832,0.486492678,2.115324101,0.642238901,-4.321691997,-1.154864833,0.730718432,0.189404644,-0.508210174,0.737887942,0,Normal
2.620984196,0.498851499,-1.715358043,-0.214966075,-0.072591584,-0.001195782,0.550807649,-0.989623248,-1.924049692,0.53631209,-0.881315229,0.603483428,1.573008369,0.672664639,-1.234425847,-1.803158572,0.193316099,-0.835282977,-1.447849889,-0.829425553,0.422355861,-0.082019769,-3.056551824,1.569612121,0.657196349,-1.478100157,1.616258575,-0.340090476,0.440075918,-2.972897081,-0.702200584,3.067721006,4.338086182,-0.279708598,0.711518615,0.121588838,1.156279895,1.035106573,-0.052079683,0.918291274,0,Normal
-0.611531643,-2.407301252,-0.877034102,1.819056473,-0.471446445,-0.150629542,-1.10497625,-0.623347273,-0.905324329,-1.638053077,0.645424054,0.234466159,2.929058087,0.999962394,2.381503042,0.980225036,1.990007611,0.256256219,1.082072597,-0.035705791,-0.288829631,1.959330767,3.522825624,-0.627406753,-1.520212523,-0.662245263,-1.483683442,-0.471031903,-2.626168451,-0.585341296,1.223014073,-1.11193457,0.713715907,-1.033660028,-0.092554639,0.575827617,0.37921022,-0.873186552,-1.407762897,-0.038889865,0,Normal
-0.542183225,-0.553353436,0.663856581,0.94715387,1.70332943,-0.229212959,0.421530652,0.416197938,-3.393675473,-2.772424292,0.146478816,0.326293969,1.201608697,-0.130236674,-0.039788031,-1.045611273,-1.857679615,-0.829850607,1.389131756,0.096131725,-1.034823006,1.244309498,-0.955951784,-0.531601266,1.202362599,1.100587082,0.037410626,-1.250267266,-3.657786996,-1.150400069,-0.979546646,-1.096397286,1.359058143,-1.330639188,3.134378462,1.638378601,0.399472608,0.996677785,0.171900615,0.36823903,0,Normal
-5.950668753,0.120426158,-1.179056355,0.565502147,0.714587141,0.032023065,-1.38091023,-0.181783557,5.286273979,0.31887845,0.957832038,0.502195604,1.116606838,0.951117038,-0.369079666,-0.736912674,-0.223402931,0.51984494,0.407927944,0.903705349,-0.064551757,5.104146458,-1.177525554,-0.274231307,-0.231564273,-3.597074905,1.105316852,-0.531844424,-3.083500067,2.085931216,0.885051929,-1.920137447,-0.68908882,1.418843985,2.893408767,2.157127038,1.977209856,0.785715785,-1.454988983,0.157777357,0,Normal
-0.402577064,-1.005424798,-1.12229372,-0.180709784,0.655442011,-1.942313038,0.922757005,0.297613128,-1.331401543,-2.03998651,-0.846598543,-1.424451627,-1.639138097,-0.79504222,-0.878211701,-2.46143455,-0.046041492,1.106929863,-0.501796419,0.342747779,0.990248903,1.64852562,-3.822740777,0.123906806,-0.962117974,3.265359273,1.81206307,-0.052988084,-3.081857549,1.744221175,1.11253645,-3.278027247,-2.493303157,2.490661408,2.780253531,0.331239397,-0.614148872,0.811311074,0.670805096,-0.881913606,1,Intrusion
2.171369571,0.527047108,0.008334469,-1.007804586,1.112756479,0.810957863,-0.885398796,-1.177438645,-12.67334135,-2.172996864,0.533317526,1.173114498,-2.701284122,-1.269460745,0.297493246,-0.108823526,-0.846641714,2.080394532,1.343528841,-0.784299388,1.07882134,0.860528451,-0.177901044,-0.332803738,1.434149578,6.774195461,0.905267276,-0.697313935,-10.45475634,-4.918794901,-0.285905287,1.014425057,10.18137616,0.569932768,5.897443419,-1.67989748,0.148449114,-0.408621038,0.480588527,-2.186904518,0,Normal
1.093239208,0.503501636,0.579569922,-1.746868985,-0.580275381,2.060216621,-2.009057097,0.405923631,0.284088459,-1.038826192,-2.134933331,-1.904877712,-0.120069893,-0.247842231,0.999575822,0.740852912,0.969733821,-0.764225463,-0.676491859,-0.461389649,1.042870498,0.381428913,-3.984833041,-0.178768385,-0.868838728,2.182529946,-0.915505519,-0.427665795,3.518902234,1.943559702,0.350284346,-0.15394502,-0.148988839,-0.393632079,-3.162870912,-0.318371619,1.233622901,-0.085528953,0.586876085,1.434002183,0,Normal
-0.775522301,-0.35029931,1.340297863,0.799492748,-1.181858048,0.691925634,2.091618507,-2.378349371,-0.899393582,-2.031378961,-0.119101794,-0.298923688,2.790850609,1.417282389,0.354323399,1.795837189,0.923504949,-1.355163583,0.909869858,1.585607369,1.962939924,2.188245132,3.88146833,-1.003414665,2.610815509,0.099861313,-1.310394336,0.58974722,-2.205407497,-0.031065785,2.162846259,-1.273494702,0.684246183,-0.042959169,-1.226618805,-0.294676501,-1.92051675,-0.267391412,0.423900476,0.098496624,0,Normal
0.784429439,-0.201963239,-0.857692787,0.169267214,0.219350216,-0.242571888,0.604715745,-0.973269083,-5.004038658,-3.718031229,-1.939276482,0.066855566,-1.666909658,1.267660536,0.803538485,1.690890812,-1.853534041,-1.844131469,-0.33054465,-1.490155885,-1.307301295,-0.195863071,-1.193244926,-0.412610411,0.099548516,6.254043023,-0.079931626,1.605685627,0.158356951,0.738658512,1.14697429,-0.283453779,1.964605964,0.313393414,-2.517295518,1.891171902,-0.879772709,-0.558753925,-0.599730259,0.313334723,0,Normal
0.698883738,1.400804756,0.987175787,-0.542127867,-0.902571973,0.9369516,-0.792972223,0.901921041,-3.83146603,-3.251529382,0.874763556,0.435593214,-0.398022014,-0.429597174,-0.646720513,0.280300528,0.198778987,-2.118072559,-1.750977435,1.27904422,1.756929154,1.794612279,0.955171305,-0.210327366,-1.93183634,2.75810339,0.582620115,-1.714373015,-3.006018855,-2.396918991,0.351286081,2.169070339,3.12775571,-0.978571348,-1.120075833,1.526995176,0.647253465,2.469786148,-0.418947597,-1.590447864,0,Normal
-1.640357678,-1.686687731,0.971481814,0.384079849,-0.317476406,-0.734781075,0.280552757,-0.201405896,-0.700544588,-0.859642726,0.509368301,-0.507253456,2.073261465,0.351901332,0.808528792,1.807523485,1.296619143,-0.25795849,-0.667305395,0.210465384,-0.878658003,-0.583526472,-1.57286143,-0.436398006,-0.081018836,-2.125246265,0.804487184,1.448598585,-0.722745419,-0.579117449,-0.048329266,-1.094861622,0.15765578,-0.661748751,4.144494846,0.097140797,0.194019422,-0.512155451,-1.783679688,-0.145348508,0,Normal
-2.157895493,-0.486250716,0.425737348,-1.651180805,-0.843186674,0.897212053,0.27797736,0.647556096,0.576571809,0.386970701,-0.782168156,-0.201003886,1.935686667,-0.569391178,1.730080274,-0.381976507,0.268772945,0.148900899,0.653828769,0.534708396,-1.646611748,0.654975705,-0.295079739,0.183774955,-0.337103449,-3.279577588,-0.89408935,0.429616402,-1.653766138,-1.027049375,-1.35465479,-0.095957078,1.377807464,1.593023548,3.671722152,-0.907556708,-0.591629195,1.003742989,0.953816275,-1.687799152,0,Normal
0.098606274,-0.479559177,0.776559579,1.442857501,0.085518996,0.154487089,0.783457167,-2.237086209,0.044158474,-1.178334076,-0.677489413,-1.243668072,0.585896123,0.42747065,-0.663654985,-1.13247664,0.28188447,0.964038798,-0.985158275,0.05246725,-1.195647602,1.854658347,-0.678275718,-0.976664408,-0.169100605,0.116158128,-0.634577258,0.810971566,-0.018170114,-0.751898361,1.3026543,1.722182299,1.760781213,-1.383198509,-1.793840826,-0.186882945,0.681985795,-0.082832814,0.621799719,1.365994961,0,Normal
2.154384239,-0.041947516,0.272210656,0.432506594,0.105614426,-0.917393305,-0.162004773,1.039084048,-0.561579176,0.256924658,-1.038798639,-0.256219094,-1.362957458,-0.674267479,1.188277714,-0.375109643,-0.100978195,0.642924638,-1.545257916,-0.520489277,-0.103287247,2.086802405,-1.005063854,-1.180059753,-1.764707642,0.584248404,1.045425416,1.325678103,-2.456749503,-2.228757253,-0.319716158,2.682043813,1.857289858,-0.113166479,-0.610966185,-0.473150809,-0.120551158,-0.166965742,0.344908159,1.360769384,0,Normal
5.655472728,-0.216407091,-0.006027578,-0.015389421,0.847544466,0.173589238,-0.696288142,-0.64621547,-13.6763559,-4.251719764,1.162877507,0.126698909,-2.873188154,1.326929094,0.788196625,-1.626016516,0.984879789,1.402710612,-0.02293294,0.830111124,-1.726492188,0.689522026,4.94583455,-0.999041803,0.050402564,10.13784946,-1.644015248,-1.805066367,-11.23507266,-4.391104064,0.05921921,-0.785963995,5.120184599,1.374780172,1.684154597,-0.019941719,0.462452572,-0.019551904,-0.938435896,-1.177329708,1,Intrusion
-0.664555115,-0.957296872,1.362611557,0.857789051,0.508502426,-1.325836866,0.907539096,-1.519903234,-4.991185678,-2.013117333,0.533423032,0.834867887,0.40912852,-1.756510625,0.478773873,0.598183616,0.393930067,0.390204357,-0.753552044,1.823512912,-0.457520663,0.754737964,1.872845927,0.797006722,0.879334261,3.631663115,-1.475003096,-0.298681836,-3.498862823,0.2672686,0.857654856,-2.149774023,3.289421847,-0.24432996,0.938732624,-1.478341523,-0.481587794,-1.827627743,-1.094289701,-0.388295921,0,Normal
2.868448896,0.428670317,-0.265299907,-0.355730371,0.146539059,-1.741235436,-0.398942991,0.599436406,-3.757209043,-1.80803961,0.846536054,0.328650329,-1.863533844,0.367393861,0.125013426,1.978492826,-0.35182588,-0.184732201,1.07448117,-0.798214224,0.308289155,1.185780416,1.549235516,-0.990983665,0.771128024,3.283959437,-0.08820992,0.557188565,-2.525488119,-3.200997786,0.357204213,3.761014659,3.350949228,-0.027619462,-2.776175886,1.05028772,1.963643828,-0.480214168,0.212210162,-0.332075247,0,Normal
-1.788528403,0.195949935,-0.442681556,-1.406536304,1.266705808,0.652081151,-0.593773991,-0.294796578,-1.818275468,-1.71548796,-1.083104638,-0.265059371,1.621573247,1.129258992,1.237915983,0.594860064,-1.400021402,0.104243754,-0.827961315,-2.677994966,0.751613912,1.455295045,4.222835939,-0.36910314,1.874032577,1.53830721,-0.513406383,0.233491839,-2.331667125,1.01295691,-0.440315596,-2.281331359,1.253367839,0.576238933,-0.797590452,-0.89343878,-2.841818637,-0.040135003,1.81662161,-0.813660504,0,Normal
-1.976872016,-1.244884783,0.310582907,0.229643411,1.001017829,1.235467728,-0.798305481,-0.199386793,3.488784494,-2.32771756,0.12792032,1.995727734,4.399115886,-1.423806689,-0.30755966,1.131842457,0.867778453,-0.41528281,-2.061033721,-0.243101801,-0.698615877,4.208625854,4.324539038,-0.008808334,1.118004119,-2.91224174,0.350848128,-0.991245923,-1.632979475,0.506655897,-0.48743706,-1.322741217,-2.516066545,-1.830164486,-2.144675015,-1.329955351,0.309651105,1.197252892,0.070776667,0.941732004,0,Normal
0.840736521,-0.911818293,-0.709970682,-0.469873879,-0.01004497,0.222940712,-1.458907371,2.097262236,-5.161909665,-1.080471952,-0.46798302,-0.415523494,-0.827207885,-0.071328185,1.610109838,-0.097907733,0.328769948,-0.618279454,1.769190862,0.219768384,0.276879891,1.147320261,2.114479909,0.592341654,-1.260965623,4.821715429,0.318702748,0.339630157,-4.657844188,0.427591693,0.44065825,-2.53178633,2.739683924,-1.912419532,0.523612015,-1.652962434,-0.468863599,2.356743995,1.751637621,-0.221526188,1,Intrusion
3.19966656,0.00742701,1.381031238,0.012648995,-0.049514364,-0.361214492,-0.58892791,0.244459549,0.369095259,1.062484013,-1.054921087,0.421069123,-0.63987676,0.171503994,-1.917586377,1.946238128,0.147670121,0.05744514,-0.478078581,-0.771945786,-1.102686163,0.106454402,-5.104413401,-1.317017468,1.738168082,0.465823739,-0.994945299,0.391911671,1.790287678,-0.104668458,1.125566064,1.015197976,0.062045852,-0.696595889,-0.687605739,0.374370562,-1.234358945,-1.203813347,0.403611756,1.086024314,0,Normal
-0.413859794,1.518839041,-0.450770481,-1.492194712,-0.565474068,0.415650831,0.533736482,0.331015159,-1.800775878,-3.897224161,-0.20775783,-0.830450314,2.577877092,-0.480870453,-0.060698401,-1.247337116,-0.615561381,0.682960576,1.339768138,0.814762593,0.100134502,3.342996077,1.886176876,-1.682800667,0.591705377,-0.349210531,-1.92756367,0.476251416,-5.288019464,-2.231652042,0.209199618,-0.392965376,-0.207699662,-1.28982159,1.794759849,-1.423040647,0.947164847,-1.569817498,0.239606578,0.328037425,0,Normal
-0.997412501,0.391107987,-1.705243242,1.036542169,1.599061447,-0.823541952,-0.657977063,-1.287643675,-3.447270896,-2.087308068,-0.713754005,0.554043446,1.11973455,-1.554864424,-0.195104654,-1.251505125,-0.77278405,2.362303695,1.372667359,-0.398768213,-0.595247775,0.888675023,0.548989679,-0.341853923,-1.460048066,0.925448632,-0.96080634,0.228234763,-3.936721803,-1.026004566,-0.498435952,-1.352209891,1.786462989,0.168921969,3.223745262,-0.784276263,-0.369027356,-1.795735611,-0.169423098,-1.381556769,0,Normal
-2.755711153,-1.475847456,0.793599771,-0.417547547,-0.428385839,0.743961332,-0.614455716,-1.321764483,0.167446053,1.326711731,-0.960398982,0.870235261,-0.161846273,0.254832897,-0.759180948,2.177479746,0.599880229,-0.622672913,-1.962551432,-1.030150231,-1.150433812,5.451781792,2.342428163,-0.427624973,0.176920987,0.636968343,-0.343096742,-0.882946569,-5.528478318,0.71230199,1.564654539,-0.595550781,5.386674937,0.259458713,-0.164713003,0.046592129,-0.247822709,0.474666591,-0.105520951,-0.601739444,0,Normal
3.883037234,0.700225651,0.301034994,0.003082346,1.165250044,0.542302072,0.506156041,-0.617991465,-2.944400954,0.57809106,-1.255367007,-0.396965742,-3.312206084,0.517461603,-1.440247889,-0.738849146,-1.523888239,-1.630625465,2.136743936,-1.15515869,1.894075217,-1.229427309,-2.170743845,-0.556621463,0.829759116,4.845879755,-0.07011964,-0.658273911,1.685169282,0.072929889,-0.831826024,1.611533128,2.070373573,0.45057758,-3.480626736,0.324910647,0.395891916,0.608084812,0.847221328,-1.022554672,0,Normal
-1.303966293,-0.89736455,-0.972379106,1.722148982,0.473902891,-0.445222235,-0.399315218,-0.204864642,-4.545095357,0.205550502,0.493044998,-0.779469585,-0.486528913,1.812941231,-0.402924686,-0.908649326,0.272808762,0.390421908,0.756859373,-1.082488158,1.15960121,-0.565597551,-1.146030293,0.234877646,0.858873009,3.409980076,0.576329382,-0.507357254,-1.923779587,1.74640176,1.225660431,-3.157905988,4.123999154,1.179237617,2.698860903,-0.625188811,0.599867945,0.146277237,-0.477100556,0.902079494,0,Normal
1.113566785,0.92535212,-2.005533788,-0.939034044,-0.492074757,0.468847284,-0.597454006,1.080683852,-0.172182532,-1.497118793,0.857701768,-0.492601915,-1.908409351,-1.139107187,-0.384312456,-0.418848982,3.249630339,-0.108316801,1.125772684,0.6862635,1.618622081,3.357512371,-3.649559191,0.753459312,-1.121087415,1.369632242,0.162516622,-0.276913079,-3.401156456,-1.515786776,1.374167867,1.740310223,0.104211466,1.74002526,0.664013233,0.022659601,-1.77304011,-0.460010077,1.879564847,-1.602135559,0,Normal
-0.570089819,1.620959859,0.033983093,0.890482535,0.992456875,-0.220939306,1.327824166,-0.608396712,-4.461872516,-1.714864757,-0.477462726,-1.484544523,0.537228955,-0.793514137,-0.914155414,-1.618005429,0.006739648,0.729878039,1.327265166,-1.854996928,1.303809529,1.406968654,0.745697142,-2.276665283,-0.45836147,0.897078619,0.672388965,0.880473655,-5.84608888,-2.476523387,0.618322062,-0.196224574,3.517210516,-1.058102505,4.173177027,-0.372416979,-0.400943395,1.34559105,0.258992166,-0.414755528,0,Normal
-1.18553795,-0.989933367,1.176436836,-0.681864626,-0.671545625,0.456825505,1.202243581,-0.559830403,-3.940609324,-2.318724215,0.480579318,0.328432404,1.310867908,0.269421831,-0.715021291,-0.648885253,1.323422763,-1.901369634,0.781702919,-1.075249262,-0.819739546,-0.879479944,2.438571786,-0.339095276,1.724386605,1.801194422,0.581005894,-0.68023087,-1.924604224,0.02072822,0.579761945,-2.182844546,1.112105024,0.966537234,1.69287966,-0.599814416,-1.453779864,1.525827633,-0.43143317,-0.235653149,0,Normal
0.397563383,0.084412945,-0.382269531,-0.075291394,0.438318368,0.122578536,0.364668397,-0.582917356,-2.979165802,-2.861839325,0.822887073,0.029816907,-0.743297213,-0.439909575,-0.509378576,-1.580735854,0.041343792,2.190794309,1.51621824,-0.348676269,-1.134460562,1.125838025,-2.408694837,-0.133004712,1.026231351,2.817002915,0.736892421,-0.716381053,-0.822269317,-1.045406768,-0.165819729,1.55537319,2.504650205,-0.49636053,-0.719359641,0.418813754,0.187181415,-2.323283494,-0.108087146,0.072082599,0,Normal
-0.671142968,-0.474272175,-0.325376348,0.94860741,-0.231565802,-0.458972429,-0.230951222,-2.515995168,-2.647693238,-3.234734669,0.159774806,0.150818072,2.395391368,2.202543762,1.484738438,0.486517518,-1.161560897,-0.16869636,0.628967876,-0.015491358,-0.963435646,0.762905634,1.690263261,-0.361209218,1.266732924,1.373691954,0.795882328,-0.462722942,-2.118658019,0.335023707,0.753547013,-2.649547052,-0.538699775,1.623129646,0.9069522,-0.891800439,-0.011507445,0.134663261,1.195062061,-2.784440984,0,Normal
-0.146302361,1.248261051,0.505547382,-0.633561694,0.479611059,-0.246900218,-0.132963595,0.28792275,-4.425096178,-2.528236124,0.015081233,0.162927635,0.37915715,-0.742183189,0.314120827,1.195289168,-0.682657716,0.638042218,-0.312205413,-1.244897897,0.097608127,3.12540943,-0.02355398,-0.165454931,-0.187952611,1.979516542,-0.570981419,0.757183898,-6.726423818,-2.184795692,0.037911954,-0.31018346,3.476514762,-0.111636575,3.187287544,0.596380727,0.617128612,0.335042849,-0.787040117,1.895501722,0,Normal
-3.203262485,1.327666029,0.000832225,-0.902674317,-0.419946729,0.385338649,-1.751419752,-0.51229888,-1.483084604,-1.290311999,1.505958223,0.16603755,1.097150407,-0.771907023,-2.595042703,1.287450981,1.282413008,-1.076310041,0.734454431,-1.369604915,0.528129942,-1.110964903,0.914706127,-0.124927389,-0.485727345,0.12166123,-0.672648069,0.577005865,0.340254309,0.99744319,0.217457449,-1.623024817,1.236885136,-0.110368472,1.699158411,0.07814816,0.569194956,-0.064961212,0.096667523,-1.49764091,1,Intrusion
-0.410165659,1.258897802,1.968917523,0.509164045,-0.76752587,-0.119297476,-0.040015386,0.077695954,-3.127101398,-3.973344693,-0.041831723,-0.413533967,-1.67265822,-0.031239319,-1.489177936,0.104203614,-0.970002634,0.188690142,-1.219571876,-1.240675304,0.68335286,4.835979092,0.486213268,-1.957655225,-1.359829381,1.605940234,0.241006685,-0.049469949,-7.830465705,-4.773036261,-0.611689728,4.073157669,3.469950207,-0.567049937,1.492346322,-0.977877193,-0.74299595,0.146333099,-1.478746869,-0.481573489,0,Normal
-1.292309719,-0.376191679,-0.390642277,1.663014305,-0.034708943,-0.940617005,0.723155144,-0.244218204,-1.362920803,-2.778787001,-0.512995857,1.790716181,-2.405989933,1.319159229,-0.903244077,-1.906237828,-0.767379596,-0.483385011,-0.004486606,1.122665964,0.501340445,2.899137659,-0.130172551,-0.949827943,0.518595321,2.914656017,0.751494225,-3.020739461,-4.100341675,-0.658557716,-0.091655835,0.717614203,0.363638653,1.555567188,0.147392074,0.078880576,1.344912312,0.765520248,1.536064007,-1.652823949,1,Intrusion
1.836814278,-0.254402502,0.643603413,0.374252977,-0.276921551,1.066325376,1.574672611,-0.123565757,-4.113308607,-2.882126634,0.623243208,0.04651272,-1.352639691,0.338241692,0.841370806,0.351198693,0.872522606,0.176741042,-1.325504478,-0.049396513,1.312039897,-0.515895386,-1.853102854,0.361932225,0.31320816,4.865405505,-0.2703374,-0.356379276,0.977270109,-0.100341776,-1.836628999,0.853010483,1.79672993,0.82445292,-2.600331188,-0.738673878,0.798697556,0.424134822,2.236523015,-0.27339585,0,Normal
-0.430175873,-0.013832998,-0.264640629,-0.507142471,1.862590457,-0.948679848,0.131228119,0.989049502,-3.974364482,-4.039735249,-1.188245301,-1.519758391,-1.662708818,-0.229548603,-0.406296508,-1.852271062,-0.650484999,-0.69237904,-0.740356241,-0.597257452,0.289491987,2.358481833,-1.190552824,0.71793863,0.883913234,5.518691526,0.055229715,-0.824192156,-3.128205719,0.537009655,-0.084423852,-0.883256653,1.428144751,-1.645089212,-0.78637104,-1.545713055,0.884888687,-1.125131462,0.687188267,-0.495725047,0,Normal
-3.721229374,1.929497992,0.433179156,-2.78349499,-0.209050397,-0.889105125,-0.589635616,0.084880655,2.075092745,-0.935337866,0.767583876,0.155256369,2.137786476,0.129551808,-0.565634401,0.00696319,-0.453668953,0.083608615,0.363891915,-1.196387094,-1.350948982,1.797874766,0.841268792,0.242193953,-0.148850307,-1.70963313,0.394792175,0.987907904,-0.903792931,1.962538631,-0.270846836,-2.771298015,-1.365151767,-0.995099914,1.480604799,0.232326805,0.194325613,-1.408981577,0.934984832,-1.472342816,0,Normal
-0.322223808,0.729481187,0.103428406,0.306934856,-0.722274368,1.395066496,0.072101738,0.044306767,-3.357214282,1.014676071,1.585404078,-0.709716182,0.94330299,0.005337827,-0.365196794,-0.297979751,0.089206963,-0.722447069,-1.566319356,0.845073647,-0.978663538,-1.013556946,0.139875453,1.853435179,-1.130805015,-0.416551565,1.068157818,-1.522083682,-1.736239704,-1.378821908,1.396229246,-0.004191441,4.67219441,1.000866334,3.172827046,0.72048147,1.363772295,0.310208313,-0.408318686,-0.420546374,0,Normal
1.792356858,-0.222236595,-2.154020214,0.169337389,-1.176872491,-0.422834416,-0.353311765,-0.133759814,-5.902757487,-3.15232107,-0.276160283,-0.840526867,-2.079155751,-0.936030734,1.700665255,1.257674546,-1.403959617,-0.517732707,-1.511572922,-0.694160059,-1.337823973,1.382601446,-0.179739554,-1.237912426,-1.054548486,6.085336795,1.520457658,-1.449417631,-5.872649339,-0.417071021,-0.750912932,-2.263118337,0.301960793,-0.431334013,1.705444654,-0.546823025,-1.045317341,2.311784727,-1.863250882,-1.691214993,1,Intrusion
2.974855458,0.227576874,0.415746442,2.193094186,0.787685701,-2.549817811,-0.11342106,0.781470228,1.297710929,1.410310352,-0.839142516,-0.103570341,0.116085817,-0.799160571,0.573002646,-0.696973583,0.900241444,0.452942163,-0.187447263,-1.036625002,-1.245171022,-0.237147145,-5.889792317,-0.36529512,0.200783056,0.756577603,-0.208054613,0.267196104,4.631161064,1.800387807,1.684852918,0.100908845,0.020573349,0.621300868,-2.647492439,-0.715819944,2.397478015,-1.327900484,-1.036989466,-0.247255267,0,Normal
-2.277971433,-0.970141653,0.193702236,1.061793004,-1.894255374,0.860001086,-1.397982133,-0.473795438,-2.602155531,-2.475035322,1.137815033,-1.633017034,-2.691824264,0.814505674,-0.821339195,0.954437759,0.025527467,0.104593097,-1.818075489,0.022675183,-2.127520009,1.838493851,-3.508314089,-0.677553281,0.451538522,4.900524306,0.100130058,1.799068453,-4.431922782,2.693928583,-0.555959433,-4.471244335,-1.427436798,-0.105336117,3.829491341,0.461232246,-0.404967946,-0.705229709,2.093388075,0.8677431,1,Intrusion
-0.026756741,-0.442466823,-0.128145758,1.364232166,-0.95948584,0.109268851,0.753225668,0.272095964,-3.750765157,-3.695079678,0.072338225,-0.050826116,-0.23780553,1.165389635,-0.906571421,-0.79205207,1.110727035,-0.294284817,-0.824852985,0.837087554,-0.804125058,2.681718206,1.803642534,0.455918856,-2.153926461,3.52408755,-0.075765254,0.941062241,-2.953430292,-1.616907298,-1.15156309,1.862421509,3.792136109,0.823572781,-2.539564612,-0.036455592,1.469137583,0.512980814,0.553416492,-0.788396083,0,Normal
1.135815526,-1.208718757,0.969087826,-0.520103456,0.074317496,1.872314863,0.340221241,-0.790040507,-4.021279012,-3.980304038,1.283911211,0.737656709,-4.887744626,0.103423596,0.353862604,-1.302464908,0.519283926,0.584102311,-0.035739378,-0.794142401,0.584374298,1.239966106,-3.476881839,0.415216691,-0.449215934,7.651177878,-0.035963202,0.440700465,-3.147024086,0.88651969,-1.00675027,-1.086562085,-1.755579833,-1.379139792,-0.234060777,-0.845818126,0.185058429,0.098067349,-0.298438305,-0.274757644,1,Intrusion
0.985499349,-0.802834497,-1.414613441,-1.675782797,1.273159789,-0.817235751,-1.419761235,-1.33964055,-5.404370368,0.277471974,0.807294261,0.206279286,0.997625433,0.833380346,-1.6246263,-0.287983556,1.077256144,0.96488283,-1.847805542,-0.459535375,1.117489893,1.667151363,4.23516812,1.017062605,2.060102335,3.580023169,-1.500968903,-2.193979865,-5.106388634,0.116831054,1.359790676,-2.580666363,5.327749116,-0.984881941,0.065751217,-0.248528023,-0.138948446,-0.219868377,0.143168132,-0.196032994,1,Intrusion
2.632963209,-0.386256641,0.202684403,-1.04953271,0.779347849,0.442944131,-0.050792703,0.646223666,-3.106337001,-1.432570838,0.726730165,-0.335510143,-2.951153675,-0.154778139,0.702488185,0.960330463,-0.23246887,0.300253804,0.856856721,0.078508112,-0.194548538,1.169304416,-0.14686715,-2.044087848,1.579819463,4.102881198,-2.105871122,0.838659007,-2.52605704,-1.790247134,1.244915142,2.263596033,1.673664163,-0.46144267,-1.951987178,1.458907092,0.463503633,0.753746887,-0.230403085,1.369612893,0,Normal
2.498468969,-0.291179768,0.73458386,-0.011790354,0.257290698,1.618026068,-0.304801856,-0.512441182,-2.72210334,0.242842321,-0.557281038,-0.18624775,-0.340400179,-1.884434255,-0.505182869,-0.979880517,-0.408240001,-1.342343867,-1.626419354,0.017382648,1.115018621,1.657051843,0.87288279,0.774639267,1.147812467,0.996883037,-0.096402415,0.052024939,-5.246300994,-2.275921783,0.021490069,0.08891685,1.532499329,0.35005177,2.011261262,1.429403007,-1.015371351,0.606575506,1.108970059,-1.832875875,1,Intrusion
1.330623218,0.271241049,1.694378978,0.361701114,0.129860732,-0.79367039,1.431716664,-0.232337215,-4.541852625,0.028649449,1.177392087,-1.065685036,0.372381256,-1.101927605,-0.430245905,1.042751147,-1.349825544,-0.760044185,-0.128098252,-0.225914372,-0.833881265,1.853526048,4.027672398,0.508827142,-1.183387728,2.950979436,-0.269327962,0.919556695,-5.415621819,-0.801516256,-0.034746088,-1.445753674,4.099051513,-0.323519812,0.173781747,-0.090752127,-0.716000516,0.169512312,1.26379322,0.033571542,1,Intrusion
-1.159901407,0.564533901,-0.329223335,1.107205606,-0.393877305,-1.443350313,-2.627186926,-0.052512128,1.008932045,-0.468472585,-0.746788509,1.675490936,3.45009747,1.103086833,-0.799850607,-0.541280229,-0.954421639,0.167864285,1.225034522,0.187497212,0.595634178,1.106924505,1.825073968,-0.857226235,-1.194487056,-1.463209305,0.372516947,-0.108643726,0.15831673,1.500840143,0.303136368,-2.591739569,-0.637972955,-0.523102338,-0.312289711,0.204902638,2.401353047,2.358164361,-0.012956799,-0.002760527,0,Normal
-2.57297404,0.115360432,0.230766676,-1.588157824,1.316321828,-0.788484319,1.681928613,-0.323552737,-3.474272081,-1.654887055,0.298402586,0.261136477,0.238665468,0.008931934,-0.620816664,0.045933799,-0.102396658,0.524052045,-1.330150243,0.239929277,0.191761983,-1.54960767,-0.958921652,1.111761291,-0.313170112,0.183868885,0.401310707,0.343692756,-2.494279114,-0.768089982,-0.362083342,-1.549565018,1.226245254,0.899223361,5.754357775,1.101208039,0.385327556,-0.383814226,-1.095056665,-0.537427041,0,Normal
-2.002121563,0.542187764,-2.056942767,0.762398722,-0.669840616,1.892432757,-0.359933162,0.076168272,-2.167174178,-0.546239209,0.221250766,2.174512759,0.378769804,-1.010359862,-1.236568924,-1.162982137,3.10411493,0.981588114,0.355001396,-1.008837665,-0.442212323,0.189806476,-2.122843958,1.630131677,0.204485122,-0.558778295,0.92103846,0.531987667,-2.747938606,-0.87638203,-0.890626936,-0.690920066,2.420743643,0.055716434,4.944442965,0.01213992,-1.38436837,2.072289586,-0.39525544,0.175706828,0,Normal
4.85975223,0.355066811,0.225337477,2.30005765,-1.127468955,-0.510665256,0.620251428,0.655089839,-4.656172796,-1.287468326,-0.12333582,1.246975315,-3.044751801,-0.194867058,0.649429059,0.390444122,-0.611698295,1.33206401,0.569055421,-2.524267276,-2.21058977,-0.117761787,1.107297793,-1.366471261,-1.161819365,4.193731688,-1.823075841,1.39037781,-2.407710956,-3.770108469,-0.444584272,4.054383509,2.46582651,-0.061166283,-2.632436275,-0.29452817,-0.299729153,1.839090445,-1.835909278,0.324615263,0,Normal
-4.519074947,0.648502801,0.283266912,0.096088318,0.76911267,-0.943705725,1.203037179,0.45638663,-0.004918573,1.266104522,-1.107854335,-0.020371364,-0.319242915,-0.697877673,0.251510441,-1.599126614,-0.519986232,-0.618776206,-0.139516228,-0.510695408,0.568872962,0.301208382,-0.848387474,-0.41210802,0.288465051,-0.237617356,1.227296745,-1.596347731,-1.026642209,2.248944251,-0.989305641,-2.417281721,2.616774625,-0.194587685,3.308647443,0.386575274,0.71010879,-0.454228792,-1.466890802,-0.409066887,0,Normal
0.749264958,-1.248066451,0.225152266,0.296843753,0.830668245,-0.226347709,0.631525346,0.571766226,-3.579454477,-1.310519144,-0.058315703,1.269258975,-1.731559885,-1.610411215,-0.02000837,-1.192656728,-1.10786964,-1.359998967,0.65229307,-0.244635834,0.048801794,-0.003206835,1.573682161,-0.3848509,-1.605410218,2.5230774,-0.474609655,0.410321069,-4.513165769,-1.556125901,-0.303933429,-0.473480919,0.113961447,0.815073011,2.329335396,0.700760775,0.396232016,-0.482933193,1.912531613,0.631174575,1,Intrusion
2.195064977,0.941465323,-0.112805576,-1.523316556,0.727633941,-0.100987309,1.319143265,1.503257385,-1.450929725,-1.004740585,1.263262253,-0.659424277,-2.117807969,0.5805325,-0.261564197,0.495142452,-0.419716847,-0.900093315,0.776518103,0.167930536,0.658504296,1.872431976,-1.66905215,0.23388031,1.449422902,1.542217714,0.381399432,0.244667905,-2.768015658,-2.711411819,-0.837125066,3.140951477,1.425703825,0.023671669,-0.343015419,-0.037574382,-0.519737955,0.152290918,-0.179709097,-0.109777981,0,Normal
-1.537019885,-1.11030675,0.118261842,0.038806749,0.610672154,-0.335619178,0.239953711,-0.421026179,-4.496467187,-2.521020316,-0.680268056,-1.826411153,0.509413346,-0.442640718,-0.241939138,0.427186985,-0.830007963,0.81274889,0.668713867,0.600695877,-0.226660081,0.060384105,1.849683496,-0.356171452,0.439164686,1.494006256,-0.410809632,-0.861123452,-4.540108184,-1.395317917,1.574311323,-1.330911962,1.8559472,-1.397173563,3.798088022,0.480544203,-0.16726455,0.014753058,0.251585668,-0.29945841,0,Normal
-4.79455022,-0.798982678,-1.235035119,2.778644219,-0.358708422,-0.928743562,-0.195963351,-1.573769349,2.872847388,-1.352103756,-1.12409079,-0.262992481,1.585703996,-0.989596044,-0.982023246,0.92868546,-1.206760136,0.367862652,-0.158196721,0.634706614,-0.179652113,2.847144823,-1.153221874,-0.256925109,-0.525384946,-3.708796089,0.676045091,0.692006631,-3.358249661,0.066932958,0.155454592,-1.425019867,-1.778770026,0.465412342,5.001382038,-0.002777673,0.358276494,-0.374568285,0.492483232,-0.61726657,0,Normal
-2.605388972,0.656722377,-0.685934579,1.413882301,-0.169616511,0.774153406,0.904232568,-0.19946331,-3.833511545,-3.42284145,1.36706994,0.532174504,-0.454271636,-0.765896821,-1.103233182,1.261922173,-0.043512759,-2.383664321,0.290698947,-1.288994431,0.186139991,1.582579456,-3.078165197,1.103695852,0.343615286,3.395587884,-0.389997529,-0.600613638,-3.987559245,1.095627896,1.170897401,-3.119397173,1.083107933,-0.295700153,4.17108568,-0.851395051,-0.731025511,0.799738771,-0.195032477,-1.802909411,1,Intrusion
-0.116039728,0.760669878,0.768398442,-0.154773419,-0.607254174,2.128152159,1.567278018,-0.402768557,-3.111322082,-1.834406864,-1.096940864,0.614701969,1.223512948,-1.552304144,-2.102117476,1.365576217,1.401754976,0.903990029,-0.849008009,-0.352339631,-0.92009209,3.416011264,2.736054239,0.381122122,-0.692340409,1.980794829,1.286957153,-2.166742674,-5.051674089,-0.924102011,-1.17787081,-0.656007785,3.460807483,-0.912177661,-0.198102754,1.581521378,1.191596252,-0.428720536,1.574818769,-0.354569131,0,Normal
-1.657781835,-1.566490309,0.570936846,1.655660551,-0.597195287,-0.026430944,-1.325758214,-0.307998235,-1.077007721,-1.953776308,-0.080256931,0.194084526,1.952261957,1.287682163,0.385678134,-0.771437462,-1.518222541,1.222405043,-0.24061135,1.003783484,-0.194473783,1.489855549,0.433065386,1.246161568,-2.012846564,-2.122082898,0.95694713,-1.552375058,-3.9497802,-2.259678892,1.379791252,0.066437742,0.635003526,-0.885229001,4.095454196,0.282189832,-1.170655506,2.594695828,0.573771962,-0.725245728,0,Normal
1.585515282,-0.951165696,-1.708137958,-1.16302055,0.415643744,-0.351802378,1.205452301,0.640585517,-1.137722667,-0.364965903,-1.653078176,0.016410638,-0.251433731,0.053482916,0.322663034,-0.091870356,0.300538398,0.766219315,1.650716586,-2.265836816,-0.508911771,1.616755355,-1.836308398,0.01295189,0.26513226,0.981634757,-0.456295096,-0.615316283,-0.905585625,-1.169072519,1.202602243,1.70366192,2.460086869,-0.625600335,-0.962190074,-1.263257889,-0.699316175,-0.629842349,-0.623522697,1.318082797,0,Normal
4.055890133,-0.226535662,-1.106348699,0.092872776,-0.155707281,-0.517242672,-0.040541006,1.413465286,-14.14189131,-5.857346065,-1.008588569,0.640822567,-1.512568394,-0.57340832,-1.980370784,-0.731008874,1.304023197,-0.77496864,0.20884535,-0.254955525,1.36959183,0.630443926,4.367287826,0.153270951,-0.29890176,9.978587646,-0.222048321,0.559581668,-10.72749443,-3.770857371,-0.223721928,-1.82257146,5.063957304,-1.051481448,2.490629405,-0.642995078,-0.649328285,0.102929999,0.162531659,-0.183079568,1,Intrusion
1.106965161,1.166171238,-1.747919607,-0.13017224,0.320860693,0.901217539,-0.866237629,1.680397719,0.785991523,-0.944369176,-1.465421864,-0.015778646,-1.521160235,0.964532708,0.411923971,1.368945735,-1.264627617,1.595751988,-1.396913423,-0.182667637,-0.073831305,1.632125031,-2.73256384,0.985680843,-1.076717248,1.591591785,-0.054171468,1.116707878,0.507393273,0.126354413,0.168747074,1.393619151,-0.546426403,0.082181365,-2.178119333,-0.385224184,-0.223701389,-1.151882398,0.807297776,-1.586476088,0,Normal
-1.426527223,-0.241728906,0.302021605,0.417529996,0.823981979,2.39774194,-1.823314767,-0.999358532,-4.136551742,-2.724536149,1.40597182,0.818295142,0.794799094,0.241123395,-0.251467808,-0.034756814,-0.05149131,0.948162862,-0.484297494,-0.060996504,0.552490029,0.540255575,0.775983527,-0.006727528,-0.527272739,3.227468679,0.951245142,-0.430432822,-3.288301732,1.210133865,-0.866365756,-3.763717064,0.720663615,0.74373757,2.312991164,0.234394484,0.567816437,-0.416604385,-1.301642193,0.167294664,0,Normal
-0.910319577,1.664753451,0.879248655,-0.941817078,0.002331629,-2.092450302,-0.88756994,0.182780798,-2.201522186,-3.548634896,1.819777845,0.981081608,2.315963684,0.331280495,-0.355016972,0.094643994,-1.1370616,0.276855238,1.448394835,-1.114934068,-0.127270668,2.870153144,4.641783728,0.056445789,2.473786201,1.66578565,0.112898033,-0.357839921,-3.96971758,-0.195068812,0.745165965,-1.747285863,0.332384524,0.040162143,-1.116918991,0.160061446,1.465100826,-0.998523918,0.343741063,0.097616357,0,Normal
1.445680028,-0.398327538,-0.801741731,0.140510199,-0.125151724,-0.680263482,0.674385295,-1.159659947,-1.524233328,-1.211487926,-1.082048767,0.456610857,-0.123691673,-0.697251067,0.182678795,-0.394688484,0.88573682,0.690242052,1.426227535,0.04973169,0.692848143,0.896108779,-1.431891047,-1.048633831,2.469973825,2.478954388,0.12501542,0.461113787,0.941008892,0.250700697,1.3225928,0.750658224,1.830248461,-2.377137107,-2.818434935,-0.211414335,-0.399422418,-2.169540231,-1.357899339,1.022714349,0,Normal
-3.346940944,0.246148886,0.861684599,0.912402306,0.569314108,-0.989257431,-0.053215165,0.226536872,4.406490302,-1.113817158,0.850050756,-0.221243267,3.77659419,0.143000864,0.561858207,-0.757306728,2.142008158,-0.938335306,0.318632114,-0.037302248,1.951297363,3.08940489,3.024052665,-0.89309217,1.85550669,-4.016489625,0.859786418,-1.209274312,-0.212545702,0.891107757,-0.043169458,-0.938421553,-1.937176313,0.384611701,-0.987308894,0.087655809,-1.024027742,-1.050542907,-2.719305049,-0.550112149,0,Normal
-0.812751133,0.718352724,-0.943063606,1.461624742,0.420950722,0.252991676,0.30250036,1.554084757,-3.836581977,-5.418301821,-1.975456563,-1.206450956,-2.004340975,-1.405007748,1.435168141,-0.746640154,0.933302129,-0.922585264,-0.751106725,-1.80519831,-1.040173739,3.548979194,2.6941945,-0.034504945,-0.538352715,4.702057357,-0.180259591,1.625129085,-5.003271929,-2.244431536,0.182076625,2.444845842,2.157366408,-0.027977721,-2.37253712,-0.946475143,-0.661739383,0.860191598,1.219712752,0.251838844,0,Normal
-1.072963632,1.835556083,0.313711201,-0.485764491,-0.323264885,0.856574752,1.31365086,1.507855544,-4.368266278,-1.269526178,1.285936144,-1.661290307,-0.19162074,0.571276623,0.324024613,-1.450146582,0.759366993,0.117648451,-0.7889209,-0.718672708,-0.615717227,2.354632168,1.873905177,-0.009571221,0.916816405,1.283204489,0.675570638,0.820738893,-6.507917153,-2.687742967,1.266270772,0.82582064,5.268499865,1.880344187,3.02195588,0.23241062,1.643575231,-1.60417016,-1.521143964,0.29751345,0,Normal
2.392987612,0.733048304,1.702458147,-0.173389395,0.621719629,-0.644705638,1.150966306,1.804594596,-7.113357388,-3.245602384,0.830266107,0.286814758,-1.02197557,1.28768895,-0.197243975,0.655761573,0.687052872,-0.435616925,-0.107045906,0.433602571,2.140802769,0.169502912,1.65243441,0.7332061,1.052475038,4.305189888,1.477702183,1.377440334,-6.344500324,-3.030637656,0.849920444,-0.340121703,1.615523824,-1.808531571,2.731758849,1.59891254,0.690432401,-0.533508425,-1.284633397,0.743884835,1,Intrusion
0.977645937,-1.140876097,0.951255771,0.550496236,-1.656481785,1.110392199,1.172805288,1.563050648,-5.414642736,-2.395943075,1.570811941,-0.356579081,1.783902226,0.300503067,0.198726033,-0.36248723,0.403843412,-1.173513759,-0.198219174,0.0548833,0.524920557,-0.256065956,2.219597985,-0.579150583,1.043830848,1.102171383,-1.669508431,-0.192434599,-4.028311766,-2.758433174,0.679593455,-0.252162008,2.683569609,-0.780957626,2.660533241,-1.251712995,-0.76488846,1.589455587,0.288129058,-0.388134507,0,Normal
0.344271271,-1.111523295,0.201174669,-0.011945575,0.044457885,0.432210943,0.727422992,-0.666741497,-2.866735826,-4.044042308,-0.462526245,0.64686501,-2.153739241,0.348018225,0.432909588,-1.297580916,0.109438053,0.303181532,-1.132808132,-0.310392515,-2.048424553,2.438787388,-3.19453087,-1.490046058,0.988557471,4.501052787,1.847161131,0.711918333,-3.632543152,-0.183641769,-0.276746588,-0.555707136,-0.846241766,1.370977243,0.821534248,-0.541255141,-0.162825499,0.25012697,1.147284099,0.861125588,1,Intrusion
-3.088014548,0.128540006,0.276651714,0.014720479,-0.059166622,1.496313442,-0.149408094,0.494700894,0.729109741,-2.061036439,1.057350411,-2.07560431,1.946884574,0.400074767,-0.720003738,-0.855569573,-0.676719052,0.120543572,0.25648039,-0.136366228,0.107049359,3.024012665,2.359945344,0.567111029,0.124400552,-1.064413868,-0.597026108,-1.765552074,-3.377881436,0.250223176,0.588642167,-1.542578549,-0.372846457,1.331905973,1.235393126,0.529431555,1.318917269,-0.515375306,0.870026781,0.872284348,0,Normal
-2.524798965,-1.769793826,1.0050945,0.075045743,-1.037480031,2.215304801,2.637619863,0.960964243,-0.293165232,0.478564486,1.472222406,-1.121379301,1.296499366,-0.662777534,2.061725298,1.011960716,0.923889917,0.723588451,-1.762159472,0.887554066,-0.920561316,1.022444551,0.885033432,-0.257053337,0.106238319,-0.48098184,-0.770801737,-0.610330895,-1.472264607,1.279544324,0.919795494,-2.102317412,2.003641243,-0.687466033,1.669668479,1.250758899,-0.068038706,1.581910619,-1.060554977,0.989120416,0,Normal
2.779546589,2.789177448,-0.40074492,-0.145295795,1.238604142,0.003064247,-1.277211087,0.414587209,-2.093559067,-1.15664069,-1.568508984,1.097779895,-3.32207089,-0.003783296,-0.289195193,-2.520723741,0.863128774,0.123149498,0.465032288,1.630670526,0.336609253,0.097853856,-0.779950253,-1.537993982,0.851439144,5.585191231,0.442137108,-0.622890088,1.276269087,0.763318785,1.640864991,1.227306744,0.499390429,0.488958512,-5.047210563,0.467564455,-0.296766882,1.163259144,0.117379384,-0.605628297,0,Normal
0.162348817,-0.398862307,-0.653553112,0.939843839,0.060522529,-1.506255195,-0.664296506,0.805457461,1.529673337,-0.09431052,0.457525436,0.850362629,-0.597863381,0.258090761,-0.205665237,-0.345595058,-0.26465851,-1.276473039,-0.898712396,-0.200904218,-0.632378714,4.38289753,-2.59279337,-0.455280689,0.552916357,-1.937092122,0.932849932,1.299656718,-4.826121102,-2.693043279,0.24724182,2.47239839,0.953467934,-0.302225085,2.363959769,-0.900438541,0.268551051,2.508708463,-1.564011556,-0.618644165,0,Normal
-0.454829849,-0.666374629,0.425656835,-0.917764167,-1.145667061,0.355902102,-0.939921646,1.128655165,-3.024643704,-1.098858792,0.782710974,0.162632616,1.370823097,-0.203528137,-0.27448966,-0.120375943,1.51130309,0.037181788,0.215766012,-0.606903467,0.275473638,0.879253046,0.145612786,-0.815730647,-1.129759373,-0.188767242,-1.251941304,-0.197789263,-3.906840004,-1.701598485,-0.549665087,-0.606674539,2.464493114,-1.539239232,3.635238046,-0.453655773,0.209778158,-0.875942181,-1.10333032,-1.429729708,0,Normal
-2.796425841,1.52152667,-0.239132242,-0.97939228,-0.959397726,-1.35358164,-0.121649891,0.936340127,-0.359487594,0.063401823,-0.15587724,1.515327072,1.260892735,-0.290708402,0.930890472,0.801127465,-0.029224114,-0.380904246,0.533664524,0.738126435,-1.607212809,0.916323147,3.983930672,-0.586112779,1.147457521,1.145768721,-0.257109813,-1.680459847,-0.095629892,2.551509706,-1.192312657,-2.440068884,2.165923314,0.603918723,-1.938698471,0.883419195,-0.518257717,-0.892595446,-1.308366382,0.133270124,0,Normal
-2.602337458,-0.828285922,0.39402956,-0.698899874,1.740907652,-0.047238865,0.068149708,0.581268621,-5.374296189,-2.073139373,-0.630026355,1.03264556,-1.755998341,0.208422324,0.116492624,0.787993734,-1.014418202,0.382684048,1.694446742,-0.052530101,0.873503392,2.063662165,-1.223352113,-0.075999328,0.415337044,1.409589902,1.404585267,-0.771217194,-8.53379354,-3.361319627,-0.843762512,0.657509995,4.984096398,-2.59372051,7.4121949,-0.459833708,0.707334086,0.018641957,1.006851741,0.058901303,0,Normal
-1.535634747,-0.378489318,-0.274017283,-0.063025295,-2.054752906,-0.62201189,-0.596800172,-0.761538133,-0.474432119,-1.11581063,-1.400148336,-0.611691597,1.374433955,-0.759122813,-0.61205338,-1.518899294,-1.471260037,-0.796128368,-0.01521478,1.275106481,-1.761169344,4.11704654,0.009127273,0.573189365,-0.791158159,-1.732010038,-0.569181282,-0.408607018,-5.789941477,-2.255627867,0.144955236,0.670576738,2.57077264,-1.46522312,3.259585412,-0.022212158,1.062156666,-0.851633376,-0.466723976,0.042622298,0,Normal
0.356637701,0.150848449,-1.611950459,-0.58857032,-1.116271583,0.617474493,-0.636573278,0.551158714,-2.682843132,-3.486648424,-1.431832316,0.827710739,-0.090706388,-0.084175117,-0.528303116,-1.863492821,0.870282068,0.56925456,0.269164398,-0.173183013,-0.838405879,0.872002463,0.042126431,-0.35382153,0.025641007,3.312584871,0.777501356,1.253929464,0.104620272,-0.250462861,1.665781087,0.845730491,1.326211521,-0.603610691,-2.784337496,-0.643822432,-1.987421749,0.254774821,-0.300515865,0.552994443,0,Normal
-3.700960987,-0.117950888,-1.302878549,0.33641455,-1.13498626,0.566228359,-0.256643634,1.157331332,7.4843923,0.931613963,0.788133296,1.5389098,4.185561155,-1.007461905,-0.105580022,-0.057428729,0.498888318,-0.890482664,1.289968022,0.981167489,2.464168755,4.652145459,1.131481556,-1.142758154,1.071335043,-5.173848341,-0.025492474,-0.420028049,1.090225546,2.869545504,-0.200078192,-1.82249853,-2.092661268,0.339895337,-1.970748169,-1.914006371,-0.143370581,0.399729438,-0.013665395,1.974206798,0,Normal
0.758697255,-0.726130191,-1.000264399,-1.500219156,0.433317082,-0.501632579,1.08310804,-1.258447084,-6.019114276,-2.638770625,0.661602425,-0.041280296,0.544423746,0.455434723,0.461205799,1.400560933,0.696095009,1.799540513,-0.346468426,-2.201029973,0.474815428,1.500107187,1.042299356,0.563784458,0.814054255,2.383320136,-0.694005552,-1.23911251,-5.987954746,-2.957220688,-1.831857664,0.236195603,4.201655021,0.864486667,2.874706402,-2.305843181,1.097976627,0.605701722,-0.204586511,1.206479228,0,Normal
-0.382745596,2.081162348,-0.489604597,-0.596152118,-0.725516445,0.900525779,-1.170074951,1.458874762,-2.583005296,-3.249586387,0.342226818,-0.223720233,3.205870565,-0.597905209,1.424224768,0.902350144,0.248486914,0.3966708,0.115820927,-0.069896276,-0.573637612,-0.738641241,2.862423847,1.264995892,0.959992171,-0.720741749,-1.836152328,-2.288005888,-1.752099001,-1.462235128,-1.239132776,-1.386297475,-1.173450955,1.785462707,2.044078585,-0.201226922,0.283053356,-0.230561618,-0.642571324,-0.526805721,0,Normal
-1.098682245,-1.639759143,0.203131934,-0.176145194,-0.622638065,1.691187972,1.000500491,1.849523087,-4.29723623,-4.525377418,-0.773673467,0.787282163,-3.571038843,-0.430129362,-0.474306801,-2.412143651,-0.338068269,-0.943267467,0.433308249,1.505751178,-2.108216535,1.145364081,-0.531791981,1.445988652,-0.183613232,6.980260453,-0.593738991,-2.315126149,-3.875544284,1.361960439,0.6405734,-2.357440662,-1.380760766,-0.751875998,0.43899858,1.717845132,0.15681882,-0.259695723,0.384300837,-1.129313425,1,Intrusion
1.320159862,-1.613066856,-1.679018589,0.864333636,0.402772943,0.276214967,0.646476328,0.930840556,-7.349878905,-1.977384372,0.468032467,0.188312052,0.621904917,0.246470599,0.931975915,1.532378258,-0.422829155,1.016907614,-1.126281957,0.030367565,-1.146976655,0.027384493,3.418695883,1.171485489,1.38861117,5.63681181,1.229437368,-0.406392159,-3.413952508,0.259584333,0.467864518,-2.570485823,4.56501058,1.484416372,-0.717174953,0.092314768,1.728156151,-0.514740121,0.970923342,-0.097148804,0,Normal
0.070776033,-0.295464178,-0.824589889,1.167837464,-0.010996214,0.279960515,-1.655552619,1.835290653,-4.534741413,-1.522849508,-0.15926071,-0.600265581,0.706333153,0.658936176,0.714474012,-0.420485018,-0.492061374,-0.025724043,1.661238402,0.575974729,-1.686453651,0.135131456,-0.464615232,-1.134380616,-0.63695586,1.694047669,2.445087824,0.325431942,-2.831215327,-1.293951502,-0.486712695,-0.462337942,3.57622923,-0.332542913,2.473218109,-0.64018741,0.023213938,-0.086293057,-0.9271444,0.611843163,0,Normal
-1.300656785,0.042132146,-1.596219318,-0.43937678,-1.136740408,-0.273370014,-0.473864452,-0.402915001,-2.550668276,-0.535199298,-1.39861401,-1.46310987,0.93533121,-0.704799766,-1.485466134,0.1960239,-0.94076026,-1.983015194,0.83305444,0.187542747,-0.521592464,0.284511244,-0.125269606,-1.190238102,0.409893728,0.852328408,0.261164603,0.557532162,-2.086363641,0.398444052,0.951046045,-1.938347641,2.321120161,-1.273855509,2.513245968,-1.12903407,1.563762961,-1.042366172,-0.660700107,0.159155848,0,Normal
-1.55678373,0.336456689,-0.801338517,-0.908719947,2.003395409,0.398847524,0.262955363,0.079843447,0.204481001,-2.016349979,-0.29892531,-0.137245421,1.55619155,1.389221829,-0.630508122,0.135401392,1.048255448,-0.058012403,-0.365512174,-0.544205193,-0.628295559,1.709509488,0.313197457,-1.019314039,0.562632153,-1.030403244,-1.378006888,-0.649343863,-1.960416133,-0.511024355,0.965491727,-0.510375709,-0.623493902,-0.272919068,1.416088888,1.154736962,1.173135774,-0.714180817,-1.787839273,0.158244392,1,Intrusion
-2.523294279,0.430290851,0.989355375,-0.752583423,0.789512054,-0.299349796,-0.907666419,-2.118023399,0.103828336,-2.683357898,1.031645139,-0.030367329,2.73662955,0.614997049,-0.194442631,0.265122736,0.051443481,-0.958521798,-1.100890559,-0.315436919,-1.0481341,1.875369654,4.014792645,-0.403119582,0.911624693,-0.122003496,-0.186066867,-0.873548327,-2.027317188,1.196957831,1.011118978,-2.853129556,-1.623160714,-0.093441647,-0.211101962,1.136657084,0.030127924,-0.374827924,-0.394936124,-0.814036463,0,Normal
1.866865128,1.552262214,-1.127224855,0.295124535,1.51328068,-0.052847299,-2.569761342,0.368977364,-0.874132467,-0.738837357,0.132222259,0.820274094,0.096926269,1.413199834,-0.233724132,-0.086169395,1.803334443,0.309952576,0.012299189,-0.297271653,0.187256658,0.189040925,-1.951958714,-0.685162663,-1.139616028,1.595004808,0.005431071,1.842976351,2.439851571,-0.05765333,0.330610141,1.629692991,1.801373062,-0.233620315,-3.279782326,0.498182042,0.941891166,0.376009232,-0.236523433,1.498997636,0,Normal
-1.61434134,-0.925095431,0.559065217,2.060731762,1.228973013,1.188238556,1.698790347,1.591126359,-2.19829757,0.585516942,1.114260253,1.012114109,0.774286107,-0.441983235,0.652977076,-1.198070166,-1.298423061,-1.158241703,0.374676682,-0.185489399,2.279320268,0.909506607,2.364080581,-1.075240586,-1.02897586,1.017069747,0.966109237,-0.198232628,-2.114691644,0.644904208,-0.628947209,-1.348772653,4.192378989,-0.006396512,0.467392226,-1.17674643,-0.078732321,-1.541748277,-0.026135794,1.271140601,0,Normal
-1.258782266,1.364345312,-1.175443123,1.003996782,0.561747412,-0.518060173,0.128136353,-0.485279336,0.088887174,0.466834615,0.938222799,-0.708906269,2.431228787,0.288986406,-0.031566363,-0.8567887,0.566323816,-1.006332599,0.028666953,-0.292629949,0.081873274,-0.13682649,0.757303811,-0.905467946,0.666577404,0.252180891,3.107013107,-0.837467832,1.996082808,2.984194896,-0.148300156,-3.209248611,0.832181983,-0.4906774,-1.116717932,-0.251169344,-0.785934659,0.015750139,-0.116187794,-0.624869012,0,Normal
1.076561944,0.296605739,0.007832993,-0.336137546,0.307324472,-0.079439379,-0.509994075,0.246348537,-6.730931436,-2.952544165,0.401195576,1.465183764,0.983879558,0.390309855,-0.505031195,0.742460722,-0.592679837,0.198571694,-1.005761544,0.427683759,1.547541238,0.669899799,1.960405453,-0.381154496,-0.609137388,3.582269605,0.246853497,0.752831759,-5.141305108,-1.709218718,0.858389726,-1.44430506,3.323927802,-0.919156359,2.047024338,0.854946156,1.035727628,-0.394207645,-0.478405195,0.201980731,0,Normal
2.252867083,-0.581413934,-1.36378503,1.071077983,0.496633405,0.31507738,0.64670808,0.62559772,-5.213407158,-1.428389105,-0.007201704,1.163563273,1.860906804,-0.388108585,1.863931427,2.16055345,-0.578945966,0.958884874,-0.249557198,-1.946185018,-0.420299346,-0.718198392,-0.281182667,0.862007129,-1.044283233,2.018924733,-0.902928994,-1.375578838,0.141013213,-1.697795657,-1.06860523,1.05144622,5.223684255,-0.135673419,-0.890969198,1.154487053,1.17436737,0.855000782,-0.612069729,1.69856793,0,Normal
-3.45551145,-0.981023954,-0.612333631,-0.804356054,1.224857221,-0.834833974,-0.855042464,-0.501685601,1.044002793,-0.574450026,1.512072585,0.349062601,1.00239191,0.504513946,-0.759442518,0.206555383,1.280575195,1.583743229,-0.294472921,-1.396993664,1.113738756,3.296278606,0.377833656,-1.080455889,1.784748408,-0.414871096,0.534798001,-2.287872819,-2.875701387,1.530369515,-0.309311297,-2.081543596,1.014034918,-1.2739332,1.384662781,0.168203681,-0.731579109,-1.687196696,0.271985676,-1.597135543,0,Normal
-1.856907549,-2.203444077,1.537036453,-0.74711087,1.426379724,-0.601843531,-0.09746027,0.474028863,0.182545526,0.274083262,-1.246080851,0.868773836,1.36562392,-0.213866225,1.321046223,-0.086998225,-1.932160951,-0.935979092,-0.557934994,0.915690735,-1.192010254,2.230184416,0.903157636,0.758274512,-0.966827735,-1.298790035,0.395995464,-1.985360475,-2.252254516,-0.260625168,-2.125760614,-0.122345237,2.748787472,-1.337320681,1.038242641,0.46312821,-1.161202902,-1.254691045,-0.314990637,0.793329864,0,Normal
0.473041735,0.714720205,-0.207881711,-0.940550441,0.247515603,-0.122230172,-0.857534971,-0.419889711,-6.967795935,-3.469174672,-1.303773665,1.036581134,1.162895341,0.499489053,-0.879004406,-0.394317456,0.335490644,0.30569077,-0.367551665,1.760283893,0.237255107,-0.746299289,3.177064761,-0.15237752,1.192210771,4.472189149,0.621743321,-1.122650666,-3.598542026,-0.280040537,0.173689694,-2.977805176,1.901881002,-0.570316904,1.288954031,-0.475014737,-1.7494229,0.651100848,1.450031699,-0.296860399,0,Normal
0.275601358,-1.180613542,0.707548105,0.395953314,0.723208298,0.277300379,-0.182218023,1.947733217,-1.518998326,-2.950042315,-1.221256113,-0.339076025,-2.664555242,0.673878714,1.13249314,0.189968725,-0.319711739,0.052471127,0.157229594,-1.466203937,-0.383030722,2.351140497,-0.793267695,-0.166006074,0.867569114,5.395837646,-2.33790272,-0.449622886,-1.34712211,1.441065634,-0.151920428,-0.442357073,-0.584574113,1.73829713,-3.239465811,-0.746588172,-1.51625169,-1.158629316,-1.887098961,0.302582093,0,Normal
2.807130904,0.03812652,0.744293682,-0.346162068,-2.546583678,0.938344534,1.289732043,-0.300182855,-0.606588704,-0.498531459,0.879781705,-0.205911013,-2.358544695,-2.138753537,0.744597343,-0.49522895,-1.536502142,0.740466871,-0.172249715,1.235319076,-0.370723363,1.787373096,-3.218281736,-0.551232559,-0.222960457,2.704103257,-0.344240552,0.940295454,-1.233222114,-0.526653404,-1.065692263,1.254475278,-0.217954169,0.403166955,-1.381773091,0.371327274,1.050343614,0.080204997,2.435180033,-0.474034789,0,Normal
-0.340035941,-0.737871867,-1.248949006,-0.913094016,-0.629290429,0.897404952,1.331621781,1.296185253,-6.904128522,-1.821109337,1.619021593,0.142639991,-0.7810692,-2.117763465,1.221266756,-1.928746352,-1.643763626,0.794030499,1.680318301,0.996156829,0.284529211,1.493333665,2.058292863,0.271917629,3.150185449,4.517972121,0.225100956,-1.638971754,-6.439876974,-1.209974814,0.990548335,-1.225246085,5.575724395,-0.78162278,2.350529534,-2.340436075,0.335585342,-0.778025703,-0.54211106,-0.129713692,0,Normal
-2.185803252,2.095894111,-0.322098749,-0.165573857,1.152154277,-0.623604344,0.322012552,0.913909077,-2.660542598,-2.781516418,1.565913701,-0.57968108,0.69846021,1.108726816,-0.142409973,1.813829857,-0.247269057,0.1789632,-0.865967828,1.447112047,0.735841342,1.816447365,-0.372034446,0.764253487,0.330881206,0.381540241,0.087821423,0.00320792,-5.374509025,-1.180001081,-0.254639455,-1.552795991,0.599904447,1.21033124,4.920919486,0.755119546,0.052601656,-0.803203541,-0.711748304,0.0267087,0,Normal
-3.185381245,0.066055725,1.920397882,0.621206853,0.768918599,-0.840758105,0.716680353,-2.019756574,0.421424999,-3.025326436,1.658482185,0.035226582,1.992736573,-1.568556684,-0.153334218,1.119386744,-0.354436212,-0.718969185,0.265359519,-0.284772303,0.860372572,3.13247273,1.197841452,1.437921495,0.531999839,-0.755171376,-0.676849752,-0.330636433,-3.966918061,0.37181108,-0.073639791,-2.331474215,-1.602731878,-0.669892175,2.421720414,-1.994137273,-0.588640907,0.451369477,1.087906495,-0.678754002,0,Normal
-0.747072794,0.933421789,-0.882852413,-0.571223964,-0.015592563,-0.019452092,-0.793261485,-0.006355589,1.28115132,-1.888665138,1.110917503,-0.49042424,3.677114284,0.019354815,0.572042475,-1.004203959,-1.318886893,-1.574969546,-0.476015909,2.663451395,0.608067084,2.871385409,1.61892753,-0.591851192,-1.158184089,-1.4231903,0.729390399,-0.791535341,-1.0428031,0.559150039,0.216110268,-1.574469621,-0.988546551,-1.126144779,-1.03762404,0.685132311,-0.261347978,-2.406883666,0.82245334,0.035573173,0,Normal
1.329360594,-1.046353871,-1.323745148,-1.037147378,-1.152379593,-1.559074743,-2.250096596,0.954492211,-5.587433662,-5.432914564,-0.04160967,-0.575567244,2.220964852,1.304426368,0.566686736,-1.347804114,-0.883600642,0.545103879,1.9444051,-3.107387841,-2.243284251,3.452387217,3.377444446,-1.296659479,-1.320680964,2.59537569,0.820960391,-1.582806461,-7.717494756,-3.23272405,-0.352766257,-0.69072534,1.044939747,-0.069102552,1.510904614,-0.446915637,1.060811337,-1.197691871,-0.324437142,0.183139006,0,Normal
-0.044269728,0.108617436,-0.856771626,1.439579591,0.705983058,0.254864242,-0.276717581,1.142756656,-5.928231183,-4.098754592,0.394191414,0.591672476,1.256486996,0.524019421,-0.057019835,0.498251145,0.456726649,-0.318205083,-0.057915126,0.220016287,0.489297879,-0.211153229,2.206348435,0.54583895,-0.311409956,3.166922794,-0.121869901,-0.079062745,-3.934514406,-1.13906659,-0.177884663,-2.034283998,1.023258365,0.634030128,2.211118436,0.091120639,0.771744375,-2.198438043,0.46393811,-0.151729961,0,Normal
-0.730622779,1.568192996,0.772273808,-0.495234895,0.661608282,-0.692409516,1.105679837,1.681901332,-6.345631992,-3.409642268,0.728923818,0.634944765,0.684650636,0.430296447,-0.8094288,1.035511617,1.405761521,-0.265514903,-0.06615286,-0.617681323,-0.276142657,-1.215574331,1.89345326,2.218276544,0.966571549,3.390346109,-0.307825821,-0.244936784,-3.860705626,-0.530743931,0.808252848,-2.922643579,1.135051137,-0.099341715,3.541923663,-1.336743088,0.728843647,-0.877629809,0.921275041,-1.716377807,0,Normal
-0.2720887,-0.759848313,0.127002542,0.460557596,-0.09223955,0.102399518,-0.251270551,0.404340822,-6.791081471,-1.146708675,-0.085448152,-1.475678542,-0.147540398,-0.91613923,0.585101632,-0.221382667,-0.925707369,-2.228260956,1.385336698,-1.266466109,0.851593127,-1.736731798,1.559859646,0.02504122,0.373337167,2.737427536,-0.164692695,-1.179104635,-3.091453335,-1.760705173,0.105691789,-0.299981428,5.320556327,-0.515160444,3.00715177,0.24708282,1.074928661,-0.029312834,1.453388158,0.46400801,0,Normal
-3.683015144,-0.032341211,1.067478252,-1.756069373,-1.17959989,-2.02206645,0.664248403,0.737875673,-0.787411057,1.421283779,1.083785571,1.2427748,0.002492672,-0.195072987,-1.356144109,1.070777292,0.315687756,-1.307776151,0.440587543,-0.652893748,0.590782379,-1.202397312,-2.264706683,0.039517254,1.871329576,-0.017431639,0.991057421,0.42674325,0.163169905,2.616475672,0.726231762,-3.292948797,2.01370171,-1.310880921,4.173913517,-1.832527399,0.229385415,0.004232445,1.106331559,1.428180641,0,Normal
-2.479189838,-0.60566756,-0.712278451,0.923053439,-1.406697667,-1.818175475,-0.445120094,-0.820025823,0.579060468,-2.137506599,-0.257343616,-1.039668505,2.684352911,0.645208805,-0.537539967,1.296885436,0.24932759,0.434826308,-0.397771328,1.196520097,-0.107440463,0.957649254,2.260179731,1.007525718,0.035555311,-1.632461728,0.266700678,0.174236977,-0.954608602,0.222026717,0.371749737,-1.453829432,-1.231300386,1.954956272,0.93136058,-0.024565112,-1.424926649,0.022225981,-0.656369962,-1.809241645,0,Normal
-1.620236597,0.128110504,1.254972197,0.280317406,-0.669235476,-0.56312646,0.179364682,0.816995383,1.062887594,-0.852042252,-0.032534556,0.765113238,2.964567546,-1.124174768,0.574413801,0.546162076,-1.340944611,-0.131446263,-0.862344745,0.92976389,0.788957052,1.62871307,1.611404396,-0.125965024,-1.197003109,-1.857606481,0.29536084,-0.400807272,-0.48907738,0.45471821,0.28201705,-1.132653738,0.153200127,-0.238884983,-0.053879998,-0.089403641,0.68804061,0.838442965,-0.444014116,0.886608977,0,Normal
0.44397216,0.885153829,1.390665668,-1.798129605,0.676119773,1.954712558,1.476104088,-0.290439091,-2.827819233,-3.117193362,-0.277141137,1.714324862,-1.901135711,-0.081673101,0.136936756,0.161072399,0.334418692,-0.644308426,-1.841912799,0.715150734,1.011447876,2.057709157,-0.86148841,-0.066859705,-0.652710643,4.428014889,0.472633895,0.536404456,-2.214977489,-0.261803468,0.345287554,0.65902746,1.242762862,-0.114576333,-1.751118548,-0.930573095,0.255740216,1.364291716,-0.978443053,0.040598634,0,Normal
0.344220201,1.44234095,1.705574413,0.259005458,-0.730362125,0.229450098,0.258753295,-0.335722075,-2.499909103,-2.362489556,-0.934188466,0.238414393,1.221196488,0.259985214,-0.165233123,-1.507402702,-1.109132735,0.628856461,-0.319409767,-0.049994224,-0.051338915,-0.619088323,-2.28352729,0.233502664,1.242603247,2.984968127,1.341311332,-0.203385637,3.548320427,1.611924215,-0.395330852,-0.533662725,2.141953155,-2.183048601,-3.011510837,-0.067628737,0.481533563,-0.107365301,-0.635267784,-0.21109921,0,Normal
2.898247983,0.477808942,-0.313727987,1.562169587,0.696522228,1.871287841,0.90936418,0.905797405,-0.348561538,1.465542331,-2.08336201,-0.685849765,1.067417985,-0.011089693,0.077760401,-1.188371011,0.806255279,-0.885431381,0.578561057,-1.281743259,0.531972165,0.545853304,-3.036242927,0.79137687,-1.560276408,-1.791607037,-0.204322941,-1.852289391,0.777066569,-2.512548647,0.371970658,3.280173196,3.65588765,-0.496852846,-0.322585654,-0.519802178,1.147738677,0.54593701,1.247527841,-1.290476449,0,Normal
-1.411811247,-0.224370117,-1.331673919,-1.01616359,-0.323959052,0.159431727,0.90449078,-0.103636732,-1.248030356,-1.258579113,-0.552282869,-0.784504601,1.93320606,0.381798961,0.361925269,-0.168756123,-0.485235846,-1.643694354,0.696822553,-1.324703369,-0.460937302,1.125975756,1.073353255,-0.243408585,-1.607606124,-0.380250643,-0.482371905,0.214270526,-2.290440806,-0.077242878,1.408586021,-1.559141988,0.943814133,-1.143482573,1.84755698,1.141402653,0.024334006,-1.931751527,0.589083454,0.735572027,0,Normal
-0.032338186,-1.1794135,-0.976998604,-1.592765195,-2.245425883,-1.422687601,0.352715559,-1.195483295,-2.533003989,-3.379142581,-0.053656118,-0.686679973,0.06442594,-0.301632934,1.388423497,-1.558904235,0.86233287,-0.100344387,-0.091012729,1.150527834,0.384131575,1.514943392,-1.602125163,0.27256373,-0.704344431,3.06648363,-0.101807611,-0.698319764,0.008768843,-0.11020167,-1.804362844,0.883808668,2.200293718,-0.556678995,-2.157511177,1.214902372,0.953890045,0.061075511,0.001601699,-0.810465459,0,Normal
3.11204742,-0.739056987,-0.36813286,0.282581779,-0.319876436,0.183110491,-0.981588855,0.792721638,-1.918122574,-1.098741552,-0.033028519,-0.386793052,-1.277518996,1.115890708,-1.920215272,0.885875028,-0.491375871,-0.300281857,-0.5392101,0.407086435,-0.743055398,1.780700165,-0.470134479,-0.126956192,1.752939141,1.664635356,-0.296263671,-1.083400711,-1.967466818,-3.048178004,-0.10775753,3.753527037,2.357971266,-0.060530474,-2.119566323,-1.382617789,1.213439927,-0.077591564,1.77759318,0.816630857,0,Normal
2.601892183,-0.777099279,0.924770384,-1.047639694,-1.193485049,0.957780751,-0.185777179,-1.660903168,-1.746045056,-1.05127623,-1.327800404,1.460054747,-1.989580193,-0.270204757,-1.068768224,0.333892226,-2.014715514,0.383236352,0.421159002,-0.830363313,0.703465085,1.720267947,-2.778133207,0.164189302,-0.809240047,3.457877941,-1.885663386,0.31848107,-1.275492819,-0.402407837,-0.181594511,0.994193211,0.847625945,0.165211885,-1.683714633,-0.372517615,-0.194167152,0.712412666,-1.356489519,0.002465367,0,Normal
-3.054959291,-0.474090664,-0.972761586,1.208954055,-0.022092088,0.724420602,-0.960649517,0.018151474,0.008518114,-2.047198904,-0.662927102,-0.465515061,0.613123457,-0.215528486,-0.41110898,-0.01573707,1.354929104,0.58221791,1.93192027,1.676487954,0.491062321,2.588922996,2.188090509,-0.543533613,-2.173200852,-0.594283695,2.202336966,-0.459899514,-3.534222827,-0.763801122,0.214262509,0.105475242,0.808695075,-1.727716545,1.224981983,-0.13952339,-0.863012919,-0.179317075,-1.423097221,-0.508771072,1,Intrusion
-6.058771968,0.579691076,0.697576728,-1.058330206,2.408129679,0.125091297,-0.789908461,1.215656237,5.535585231,1.985078147,-1.145096467,-0.995461432,2.213505504,-0.753791255,-0.772849476,-1.583750772,-0.401893232,-0.807203497,-0.432762591,-0.780040591,0.924312731,0.077152184,0.504966822,-0.245402134,-1.193677163,-3.775018024,-1.259486333,0.675601163,3.508611806,4.70988004,-1.002785434,-3.656118579,-1.667614013,-0.408503164,0.683523491,-2.727774832,-0.158304085,0.588009324,-0.068455028,1.826711364,0,Normal
-1.347246694,-0.10504482,-1.821917702,-1.374483783,-0.406330857,0.287967676,-0.105079173,-1.114227758,-1.425127661,-2.567357997,-1.478854746,0.439522365,2.671191841,1.634487528,-1.10664934,-0.265471195,0.48679562,0.520693179,-0.694352647,0.402420003,-1.042209528,0.727255108,2.949525816,-0.56998742,0.786408911,0.846252036,0.747405308,1.48839918,-1.1376431,1.166961663,-1.218730014,-2.935823668,-0.791519036,0.154075845,-0.219200581,0.356052811,0.519436392,-0.228651706,-1.350402132,0.199302554,0,Normal
4.125138959,-0.778172027,0.906065516,-0.34823591,-0.509350404,1.675893462,-0.635573933,0.165779598,-3.3793081,0.630901522,0.556653436,0.231361871,-2.539000789,-1.761672656,-0.207040608,-1.344534302,-0.725932811,-0.857376079,-0.782254685,-0.48639601,0.204503219,-0.317568038,-1.21936106,-0.072385645,1.445690612,3.157324913,-0.183650972,1.64439769,-0.873402567,-2.157438763,-0.791664506,2.848616685,3.227872766,-0.462346959,-1.72167082,0.129751688,0.129270127,-0.479411821,0.123519274,-1.056098497,0,Normal
1.629730399,-1.9428002,-0.492312293,0.360927337,-1.93981872,-0.589042631,0.654198731,-0.818513892,-1.832924376,0.687916013,0.569248115,-1.280010398,0.366990731,0.609685985,0.308664922,1.166642721,0.613816165,-0.784004901,1.266309813,0.143747118,-1.770269129,1.000744816,-1.252039244,-0.405397178,1.724791499,-0.764476713,-0.850133411,-0.522823281,-1.550433244,-2.921327357,-0.758606673,3.088009307,4.733963881,1.522869748,0.580438926,-0.267100932,0.737195053,0.460016115,-0.773224417,0.731340815,0,Normal
-0.111206422,-0.063845287,1.536071482,-0.402064539,-1.040282193,0.520308967,-1.039114769,0.494114645,-2.502813401,0.033858163,-0.380251992,-1.92116501,-1.035677887,0.44264429,1.014277854,-0.304857868,0.947459982,-0.102504537,-0.987757432,-0.5427527,0.283832114,0.595744856,-1.51017775,0.928358024,0.901759918,2.808227246,-0.264605113,-0.62409692,-2.532389586,1.320406391,0.975471199,-2.62321126,1.147228061,-0.596917192,2.064004498,0.783337995,1.335202997,1.114726969,0.267936901,1.185548872,1,Intrusion
3.525346971,1.299829613,-0.424506197,0.703477417,-2.227890004,-0.750474067,-0.389543045,1.396135981,-4.161843126,-1.586828996,0.757422496,-0.533748832,-4.49176184,-0.259614237,0.225258543,0.524533009,-1.280483964,-0.727959974,0.292329585,-0.704376129,-2.0857824,0.758156884,0.995599206,-0.912102699,-1.482749066,6.421258808,-0.613375868,0.68341538,-2.54785931,-1.415406841,1.394211619,2.27077348,1.546655138,0.672408713,-3.668818079,0.109284041,1.852095647,0.619256897,0.293067745,-0.534368693,0,Normal
-2.599381067,1.552830144,0.84882873,-0.091081742,-0.076222678,-1.282762886,1.837950543,1.699103758,-1.043077706,-0.086368074,0.41004284,-0.693534526,0.753065034,1.195761479,1.152418893,-0.681702923,-1.058877041,-0.956103837,0.824143267,-0.249828452,2.629630669,0.805682903,0.180883784,-0.168729604,-1.085826453,0.407475064,0.798317941,2.119787373,-1.483628496,1.33866088,1.129487895,-2.105387183,2.148366548,-1.40984803,1.845519804,0.236147427,0.885188438,-0.520991866,0.688764461,0.532712503,0,Normal
-2.863747408,-0.165074582,1.274521015,-1.449575951,-0.164479689,-0.559759918,0.051137872,0.13037522,-2.319044645,-0.222820579,-0.038640424,1.111282502,-0.252648441,-1.463669966,-0.147281095,0.125621373,0.11341124,0.644479785,-1.096141718,0.576399425,-0.759032799,0.311254479,-1.167619915,-1.060280232,-0.180514758,-0.075476073,0.84188113,0.334192182,-3.167148143,-0.539233532,-0.327505224,-0.75338871,3.249365657,0.75030239,4.748525138,-0.444533108,0.76844631,0.042519294,-1.274100413,0.129643582,0,Normal
3.157165141,-0.758450117,1.635665459,0.136456125,-0.034618703,1.103942682,-2.779593316,0.359642638,-0.759560812,-0.117335092,-0.404006647,1.430720498,-4.50045051,-1.145310591,2.059575034,0.204230668,0.015502243,-0.352576043,0.489244792,2.259698346,-0.679539329,3.975833136,-0.100346754,-0.034739476,1.672971446,1.083580883,-0.01592579,1.648445801,-7.443414878,-5.258877859,0.082844162,5.311627057,1.095115802,-0.556267424,0.74528322,-0.154352486,1.530636477,-0.575830307,-1.116574972,0.727433998,0,Normal
-1.234114199,-0.394440285,-1.492493434,1.113286795,-0.084864401,1.714526045,0.343716345,-1.079402484,-3.606519369,-0.752185104,1.706918314,-0.971366572,-3.354335223,0.772963167,0.748991699,1.49233982,1.657357499,-0.021538725,0.604117146,-0.0869633,0.019885922,-2.543233292,3.463496452,-1.17682576,1.331217129,5.120569963,0.575172982,2.930606385,-0.724711252,1.828710777,-0.791343236,-2.190000315,-0.145933913,-0.727786575,-0.487559373,-1.385035488,-0.390869274,-1.523656401,0.878582942,-0.658065362,1,Intrusion
1.244905478,1.421956023,0.157859371,1.144581675,-1.134294536,2.846456855,-1.964206694,1.853815002,-6.836267911,-0.668007439,-1.270101317,1.50227104,-1.492193463,0.019899546,0.66974328,-0.929114409,1.292918941,-0.080018792,1.162168149,1.442565708,1.474229373,-0.909619705,4.245131802,1.181377836,-0.326801846,5.170762113,-1.29957533,-0.125730432,-4.302169702,-0.696236112,-1.63170332,-1.439757288,3.937636529,1.784359233,0.438866796,-0.329833709,0.120231109,-0.242252526,0.494770979,1.976329653,1,Intrusion
0.709744329,-1.62671268,-0.387375944,1.030719949,-0.766057667,-0.464904668,0.865882302,-0.255313904,-3.782672626,-1.519132566,0.206924312,0.831333836,-3.968301564,0.19588411,0.100393484,-0.715893643,0.578361634,0.983699406,-1.708182117,1.577789971,-0.599898801,-1.128259868,-3.315908482,-0.872312325,-0.633213558,6.664154335,0.901907842,0.617044855,-1.727964456,2.86325367,-0.117184221,-4.186815764,-2.486611684,0.488471848,1.862907532,-1.319629906,-0.435226821,1.227165925,-0.237237286,-1.105061695,1,Intrusion
-2.986841465,0.390210065,-2.264336319,-0.481234627,0.050086165,-1.657805545,-0.003643104,-0.103065439,4.883351194,-0.107726701,0.187433179,-1.058810573,2.348685039,1.564307662,-0.026029642,-0.251399708,0.291347394,0.215917967,-0.659862255,0.903078577,-1.118702872,3.193939379,1.690692141,0.336993549,-0.494272663,-5.124031331,-0.212321036,-0.761620254,-1.658001492,-0.735151766,1.896415576,0.698680337,-1.788440995,1.20710767,1.034643387,-0.129155944,-2.094659432,-0.278716191,0.792207054,-1.160925206,1,Intrusion
0.166314723,-0.945144945,-0.110794939,-1.62334234,-0.284861488,1.241471025,-1.295660415,0.205402509,-3.547035492,-3.025738217,-0.316151084,-0.658855116,-2.135380486,0.312467068,0.295295996,0.901866642,-0.658374006,0.987348953,-1.85448116,-0.698441024,-0.495506061,1.388487438,-1.004701842,0.39754002,-1.844351349,4.271566076,0.539792498,-1.184001279,-2.818480689,-0.679812026,-0.087320162,0.528107887,1.435967736,-0.997809272,-0.221731401,0.569806413,0.220759275,2.655888971,0.170837154,-2.262602887,0,Normal
-2.30102679,-0.280207975,-0.356941903,-0.120592333,-0.855047673,-0.016275973,-0.61492628,0.748359881,-1.260196633,-1.619452762,-1.304629029,1.049677066,-2.839916587,1.739482771,-0.986565691,-0.364756526,-0.007576147,0.356947364,1.092060921,-0.716513571,0.426201124,0.256444034,-2.978998905,-0.48813337,1.380411384,4.282235407,1.388588173,-0.045159074,-1.757091387,3.458464563,2.500217963,-4.34753578,-2.659582193,-0.574105266,2.562463025,0.082786767,-0.278232821,0.818259468,0.419596438,-1.080700445,1,Intrusion
-2.365575261,0.608822483,-0.358040829,0.335070186,1.098197962,0.888051871,-0.320482858,-0.324156162,0.196323418,-2.705110699,-0.692277735,0.296406676,-3.855129455,-0.558923283,0.245000291,-1.114589491,0.163912689,0.317479696,0.852277077,-0.6341313,-0.227657616,3.441856349,-1.561484455,1.082146341,-0.840222756,3.593637848,1.933274001,-1.258463792,-4.195107168,0.992062319,1.513912874,-0.604937356,-1.910142123,-0.872770017,0.626802253,0.357183095,0.395251166,-0.521868271,1.592057864,0.687135922,1,Intrusion
1.776942005,-0.908740966,-2.08207433,-1.363082756,-1.126473383,1.293979888,-0.354345103,-1.26923182,-5.072366277,-4.192142045,-0.502758536,-1.54399184,-3.541494728,-0.47901039,-0.188480709,0.918995077,-1.060099831,-0.703581812,0.25949862,-0.173877357,-1.883620663,-0.054054219,-0.648031633,0.630358537,-0.156717569,4.740249852,-0.301353498,-0.228315943,-5.711563546,-2.563632948,1.177600144,0.066570252,-2.44924156,-0.524688267,3.159765047,0.704043304,-1.226928631,0.837617737,-0.535138153,-1.300919579,1,Intrusion
-1.317131172,0.27341555,-1.46613404,-0.959230505,0.340798921,0.739153391,2.254525419,0.217470916,-5.339789024,-3.522853342,0.702688723,-0.287240073,0.091158108,-1.441201784,0.075155313,-0.340032665,0.118192382,-1.058538202,-0.710368272,-1.741532535,2.146952641,0.964545282,0.392545884,1.507834035,1.074537529,3.03094426,-1.829734565,-0.104115331,-5.719616319,-0.870957798,1.180430024,-2.363411254,1.38937998,0.584993488,4.319222043,-1.498256832,0.763230892,0.008499219,-1.416508453,-0.075098613,0,Normal
2.738619165,-0.064959808,-0.931144494,-0.730792111,1.505640677,1.927413623,-1.685615756,0.95030051,-5.475379199,-1.628918536,-0.772005037,1.113193746,-1.283091636,1.212634969,-0.948328923,-0.309492817,0.734994242,1.00242502,0.182671659,-0.477925069,0.626605476,2.960342083,1.916309757,0.755540516,-0.212063799,4.718503668,1.627337243,-0.346895487,-7.83670573,-1.717281706,1.419497481,-1.236801392,2.208971959,-0.121013025,1.240791224,0.107785004,0.005586532,0.071067993,-1.067930722,-0.797938133,1,Intrusion
2.70580296,1.037905951,-0.8922563,0.146049694,0.990853193,0.694759306,0.936883799,0.520452916,0.538366865,0.64660987,-0.353742588,-0.577244392,-1.947542531,-1.755007968,0.299557527,0.188835068,-0.224147406,0.347724609,-0.108674473,0.762684713,-0.179435893,1.023079351,-2.431271244,-0.740974619,-0.272863116,2.623734952,0.041386226,0.773142859,1.020402218,1.131750425,-0.478014018,0.272092544,-0.691865278,0.057364455,-3.082807166,-0.39131607,1.31799523,-1.702265119,-0.416334593,0.111717043,0,Normal
-2.011508566,-0.592913199,0.500839149,0.328248479,-1.120394436,-0.93738495,0.8114482,0.813067562,-2.230522012,-0.174011869,-1.017893532,1.377759581,0.47005616,-0.62905969,0.944915499,1.177905287,0.334558148,0.354531825,-0.013734253,-0.622296303,-0.973265722,1.775461111,1.772958838,0.20423519,-0.038055759,0.687143024,1.31852241,-1.544528327,-4.188406741,-0.139077964,-1.562518765,-1.348844193,3.377817423,0.81850906,2.322820571,-1.617756451,-0.511540251,1.28401667,1.21860211,1.768246556,0,Normal
3.773288054,-0.484755827,1.252256518,0.113175922,-0.721795602,0.110176639,1.201056276,-0.323893382,-1.791215449,0.299085993,1.266736201,-0.654922779,0.019249775,0.582507211,-0.14244841,-1.72439124,1.272790546,0.45666005,0.938345015,2.278324635,0.775040112,0.084185421,-1.559109811,0.385717325,-1.498379528,0.219006418,0.252403723,0.345459029,0.115746184,-2.806785358,0.760789356,3.298764552,2.746333031,0.584368869,-1.323199855,0.163101293,2.581579906,-0.650588519,-0.050808237,1.392036804,0,Normal
-0.941359128,1.588664019,0.48093573,0.097365045,-0.699815751,0.479466465,0.378726286,0.18964084,-5.513260264,-3.146515654,1.735529962,0.829849523,0.175122695,-0.262360503,0.302332205,-0.640280131,0.781508567,-1.510454001,0.039759401,-0.134029729,0.757164365,0.941584578,1.548076121,0.900913965,0.396311628,3.727247912,-0.535184111,-1.02171298,-4.889576429,-0.391311321,-0.809224799,-2.25531477,2.309000438,0.304414455,2.405013333,0.281780867,-1.750680154,0.886890239,-0.509527563,-0.245823537,0,Normal
2.409697253,0.376590277,-1.324623848,-1.687989846,0.669103912,-1.148023156,0.372109719,-0.695397935,0.002872341,0.179273413,-0.732454391,0.818650585,-2.477801495,-0.68475742,-1.331503771,0.668260366,-0.544980294,-1.029225523,-0.911180729,-1.391429337,-1.520966919,2.813401588,-2.795941355,2.219594097,0.428478644,1.555732394,0.644404392,1.769925591,-2.713469199,-1.484445527,-1.102706349,2.226732495,0.768115906,-0.225736189,-0.643023351,-0.49427771,0.95277749,-0.010579187,0.721780684,-0.486221945,0,Normal
1.360006777,-1.777788874,0.412738514,0.257053058,-0.339269505,-1.152884932,0.040467159,-0.745295781,-2.209063972,-1.230019244,0.229193911,-0.586307994,-1.714919703,1.857903771,-2.064942562,0.049608379,-0.724370053,-0.431317344,-0.19617043,-0.708104902,0.946841135,1.12823194,-1.292595344,-0.777802476,-0.079641976,2.572862748,-1.423783294,-2.416279227,-1.329585183,-1.341492973,-1.038876276,2.066323207,2.282850173,1.547179862,-1.226660721,0.143271615,1.024990428,-0.385162593,-0.45594567,0.052727128,0,Normal
4.164404507,-0.742862327,1.030099125,-0.729027004,-2.411924991,-0.640096373,-1.308289012,0.704324404,-5.119646884,-1.596714486,-0.636182027,0.315946266,-4.854823333,-0.984414225,-0.965807684,1.38622059,1.644890825,-0.861562587,-1.85939418,-0.278891881,2.22876935,-0.800653329,0.031468481,0.231251634,-0.307669505,8.411986121,-0.467137336,0.437681817,0.404275743,0.151895792,-0.238983639,1.625860963,1.958108616,1.658661716,-5.674538664,0.073859047,-0.142655977,-0.212535447,0.34107134,0.630972948,0,Normal
1.315038909,-0.090597709,-1.637991999,-1.659965556,-1.633980472,-0.964886918,0.437777642,-0.802673094,-2.126816874,-1.266044638,-0.983003056,-3.092139137,-1.677790103,-1.104058262,0.726349571,1.999822851,0.540883093,2.333519195,-1.632184451,0.078225826,0.060218417,2.8879899,0.536481821,1.226322708,0.280038685,1.045686584,0.348353483,1.795451613,-4.694453532,-3.888700722,-0.154977489,4.059072723,3.466093096,0.617847719,-0.167006469,1.436636322,1.159584114,1.712928127,-1.606392451,-0.80407297,0,Normal
-1.051490537,-1.822969675,-1.270146932,1.611461556,-0.897132599,1.056675072,-0.843133082,-1.200654234,-2.583549577,-1.991201519,-1.221342055,-2.637358039,-2.281219769,1.193591885,-0.048683877,0.927662409,-0.613756332,0.857369665,0.202772224,-0.482120288,0.915583026,-0.113382798,-1.442372297,0.730837606,1.220785881,4.555486823,1.782348365,0.370047372,-2.164227151,2.370867105,-0.068077927,-3.740267495,-2.009533576,0.257904796,1.915266881,1.000603492,0.064762659,0.066644345,0.711018835,1.29861511,1,Intrusion
0.841465318,2.226268125,1.793316525,-0.008944224,-0.599728037,-0.938282724,0.648946997,1.005584548,-7.903127646,-5.385558797,-0.764304506,-1.392538061,-2.070187922,0.417993942,-0.304382442,1.170768196,1.020235011,1.049037322,0.006869853,-0.284466808,-0.532172106,-0.043179507,3.234949687,-1.117726426,-1.871586018,8.168468404,-0.135077501,0.513635267,-1.880039504,-0.935627623,0.681655402,1.126253202,4.176552129,0.043679718,-4.189956858,2.001706473,-0.259994583,-0.528491717,-2.516812761,-0.959984315,0,Normal
1.860413075,1.363601665,-1.375241907,1.848804254,-1.501365939,0.423015057,-0.999604109,2.120553709,-2.755576406,-1.558102409,0.231067212,0.868690102,-2.548299294,0.387280259,-0.571640653,0.717181386,0.350851317,1.925714077,0.081160473,0.373151804,0.189108323,0.337014821,-2.315675996,0.362363451,-0.150462715,5.369910333,-0.06809725,-0.004269841,0.701769009,1.097775617,-0.341253853,0.186293523,1.194972699,-0.540650667,-3.139321329,0.798463437,-0.477901869,2.747349229,0.165279747,0.129604354,0,Normal
-5.353409291,0.529093283,0.661719268,-0.234162548,0.81578035,-0.353540706,-1.887556416,0.783628183,4.653232146,-0.424301806,0.173647103,0.239900551,1.898840592,1.027408367,-0.386927107,-0.688877251,-0.498607727,0.741477611,0.99361956,0.016187767,-1.175792565,3.476305993,-0.123434133,-0.263337448,0.319270269,-4.064556132,0.964998629,-0.438363021,-1.753644951,1.289466157,-0.039852062,-1.352803286,-1.384534393,-0.795764099,2.520960092,1.021667573,0.580016846,1.575924776,0.113656493,0.999852722,0,Normal
-0.209325847,0.221856992,-0.729440124,-0.84829032,-3.488286325,0.437154599,0.216047392,-1.435207296,-3.974141802,-3.189341531,0.25409,1.837059721,-0.942436857,0.11087338,0.244706279,1.584510536,-0.019114011,1.274643719,-0.530068683,-0.927657917,1.352363939,-0.240845667,-0.75417265,1.54356277,0.048233856,4.029564059,-2.143402078,-0.464888145,-1.751158899,0.403724868,-0.412636737,-1.625092207,-0.006041515,-1.175512589,0.93247557,1.266756957,-1.042443375,1.50064035,-1.097462746,0.269333097,1,Intrusion
-2.019497667,-1.722258263,0.59820156,-0.642836405,0.272894916,-1.622070919,2.022654311,-1.93622713,-0.399094171,-0.205275552,1.161681814,-1.171836927,1.012918148,1.099887245,0.713756823,1.625722734,0.130488432,-1.029343204,-0.075532356,-1.377477295,0.089463758,2.703543319,0.58571567,-0.349491355,-1.812136488,-0.134203569,-0.57849484,0.845550538,-2.929404202,0.345377553,-0.924177692,-0.961077511,2.681593832,-0.51238399,1.10372369,0.634381243,0.188395605,0.670867321,0.089867831,0.918093832,0,Normal
0.636266426,1.142103185,-0.118961136,2.377799315,0.019218415,0.494092352,0.128161927,3.809165107,-0.969797193,-0.874852221,-0.239230685,-1.442795094,-0.133143131,-1.480949658,-0.90338043,0.633396564,0.405399641,-1.318203009,0.775306136,-0.651829559,0.999080598,2.061684351,-1.727066587,1.691360161,-0.627894647,0.736225367,-0.42713098,1.030315729,-1.52068471,-1.156169714,-0.869501232,1.526436494,2.339041334,-0.112113117,-0.354670865,0.028073323,-1.316294224,0.551601442,-1.238088601,-0.917059984,0,Normal
2.454681528,0.904881997,0.901360108,-1.695322473,0.407984976,0.020287551,-0.993872443,0.094271546,-4.704881404,-3.305123449,-0.308239098,-2.174697619,-0.820038084,0.455762839,-0.68675476,-0.074834844,-0.987706587,-0.032333642,-0.386406328,0.323267682,-0.580382944,-2.281418021,-2.736461463,0.177059239,0.254393719,7.177181963,-1.866657777,-0.475119553,5.352996294,2.699488838,0.017674246,-0.951785323,1.280921853,-1.027581254,-5.733978397,-0.407494395,-0.61975379,0.435078232,-0.188916032,-0.388665654,0,Normal
-1.339256467,-1.635438705,0.920975211,-0.966017372,-0.218565374,-1.082531404,-0.563104997,-0.248500652,-4.667389355,-4.695126694,0.491399876,-0.312269726,0.699566478,-1.832488182,-0.928233629,1.847602547,0.055038535,-1.223220363,2.528094402,1.069785424,1.096415585,1.800267791,0.772339632,-1.45475722,0.263762346,2.512339115,1.679159789,1.195220489,-2.300735409,-2.431097005,0.537765524,2.54317723,5.091619136,1.019705171,-0.913371958,-0.377247834,-1.98854438,0.212202597,-1.478590673,0.407814617,0,Normal
-0.210310645,-1.137061973,0.163384368,0.967169142,-0.504540211,0.998445517,1.061046828,0.69049956,-3.945951511,-2.053815418,1.952259828,0.974996589,1.263700215,1.220512129,0.617759948,-0.29305791,-0.185901322,-1.06756754,0.011686694,0.543531705,-2.419793996,1.002988965,0.060856598,0.445439368,-0.961006002,1.636246534,-0.327546719,-1.861722898,-3.685168451,-0.729657692,-1.835700653,-1.645424281,2.150290885,0.376447934,2.618696329,0.515751116,-1.193036948,-0.933183326,0.507681162,0.137056316,0,Normal
1.203763743,-1.579919055,2.270890231,0.038176617,-0.023599582,2.184778948,3.445772151,0.138151981,-6.539766633,-3.193698676,0.608901328,1.40505926,1.338327141,0.226759794,-1.197184004,-1.218942443,2.154771967,-0.267237535,0.220858524,-0.37550296,-2.042507871,-0.261238913,1.031582055,0.449669465,1.909064004,2.022292831,0.683253264,-1.179879898,-4.761419082,-3.000695533,0.008779128,-0.430676385,2.686587871,-1.732318641,3.573664996,-1.053419003,-0.564157615,-0.136086371,-0.390474567,0.649168858,0,Normal
-3.981010417,-1.860209827,1.005113893,2.173889351,-0.155593774,-0.903328102,1.437296882,-0.025514305,2.843049267,-0.220171864,0.631898712,-0.630868898,2.037477681,0.374067842,0.899996955,-0.018888394,-0.596079501,0.141059768,2.472957864,0.797089377,0.502400799,3.257459629,1.893416539,2.002151497,-0.643945173,-2.13933707,0.021544994,0.670405472,-1.876003613,1.665265356,1.314089745,-1.949034144,-0.046300695,-0.489795449,0.584140954,-0.087126538,0.921127725,0.771232144,0.096466209,-1.371759847,0,Normal
-3.173765727,0.459834453,-1.242761463,-0.96446715,-0.143250725,-2.163990144,0.881466437,-0.064521309,2.236622438,-1.797378488,0.363392592,-0.072425283,2.028859359,-0.809833913,1.016375434,-0.490766807,-0.577377259,-0.381813119,0.958566245,0.568779827,0.47386736,4.827082947,1.261282563,-0.408639094,0.549248983,-3.065072641,0.103342581,1.328448921,-4.703797155,-1.390843488,0.394161625,0.504350533,0.262393432,1.488764604,1.966451976,0.257417072,0.014704746,1.156648359,0.276696671,-0.225276239,0,Normal
-1.081785159,-1.449120256,-1.116813543,-0.854241987,-0.435544259,0.399965773,0.445328388,-0.827463735,-3.909679772,-0.451299549,-0.069967918,1.848167434,0.70684831,-0.29497613,0.724735473,1.69643571,-0.634904332,-0.573710535,0.684737979,3.375367333,1.593387096,-0.35854972,2.415660703,0.328246934,0.997344618,2.574380697,0.927798356,0.019015075,-1.615756908,1.015361709,-0.430540961,-2.301387971,3.5331378,-0.018752902,0.472286581,-2.250663636,2.118667629,0.178968651,2.59602176,-0.723432959,0,Normal
4.331680277,0.628006964,-0.303338176,1.505887952,-2.091427989,0.957589748,-1.659708482,-1.95293351,-1.680137866,0.109729475,-0.740578328,2.031335908,-2.676609185,0.448281581,-1.130298711,0.73600256,1.201513595,0.381914221,1.906535641,0.323324914,0.057951534,-0.299423606,-0.329641856,0.848710951,0.843289148,3.49581401,1.765090595,0.914064325,1.539418348,-1.298951459,-0.316080812,3.459357555,1.601791492,-1.693611175,-5.108122956,0.516572202,0.647384195,0.789065558,0.370599001,1.109079402,0,Normal
-2.564715766,-1.123449631,-0.947367066,0.015867696,-0.17668673,0.281731915,2.168584913,-1.96447083,0.703090026,-0.132048536,-0.556500616,-0.000750002,1.969637314,-0.97782789,0.203459367,0.149888358,0.813520649,-0.166235894,-0.558757001,0.37016706,-1.034925642,0.817670995,-0.138875867,-0.639211323,0.348669403,-2.165278515,-0.440750408,-0.738243587,-1.052915976,0.411674895,-2.200916314,-1.421427618,0.527638856,-0.518689181,2.695916351,-0.559714728,1.520256584,0.946839595,2.176351969,-0.004903193,0,Normal
2.586570196,1.002685385,0.136829555,0.027943179,0.274703703,-1.154824505,0.64587928,0.642680049,-0.704522607,0.680964941,0.232395808,1.042628344,-0.976148302,-0.365333578,-0.427890821,0.832161884,-0.698990197,-1.400419219,0.415317946,-1.538553622,-1.156196925,0.25205982,-1.755883328,-0.826128734,-0.474988685,1.756771825,0.234822078,-0.474106373,1.349270358,-0.137451945,-1.130476308,1.490810335,1.721367901,1.405519247,-2.718169739,-0.9026008,2.395924393,1.141657674,0.775742085,0.287055798,0,Normal
-0.493131538,-1.418287188,-0.598843595,2.401090404,0.322702655,-0.990060749,0.200428808,-0.249236979,-2.127731723,-1.411176735,-0.687581842,0.367053406,1.796901311,0.171124616,-0.061884862,1.859583185,-1.638761545,0.299809673,-0.137582135,0.230733305,-1.405717385,0.946831023,0.590340923,0.869772242,0.090601885,0.24707799,1.260565543,1.431595188,-2.183608723,-0.492028813,1.196955523,-1.097728141,1.593930105,-1.177277175,1.491394614,0.083278186,-0.345223931,0.506798229,-0.505180092,0.239575994,0,Normal
-3.03003009,0.760033878,-0.471391651,-1.841496831,0.490573921,0.506197521,1.946185697,-0.063087068,-0.543510612,-3.285361427,0.275445595,-0.102370106,-1.998630258,-0.761455251,0.851662878,1.17064083,-0.772523249,-1.445792896,-0.528156278,-0.635720396,-0.306583958,2.110340885,0.047591549,-0.09813714,0.13307203,2.762191873,0.089696982,2.108151341,-2.853158865,0.966679843,1.483477926,-1.016216053,-1.401636674,0.415442682,0.554286611,-2.002919695,-1.48194223,1.421149502,1.187305954,-0.962096424,1,Intrusion
-1.160538791,0.38300006,0.565860204,-0.115576745,0.796200073,-0.102440628,-0.996220294,0.367011429,1.507835545,-0.018233131,-0.755777104,0.449340739,-2.472252267,1.021839459,-0.765974009,1.830263595,-1.139134928,0.528757473,1.145810415,0.61553298,0.169710017,0.19520538,0.062059262,-2.479476117,1.05455934,1.031292401,0.317108049,-0.48173156,0.10485246,0.964952999,-0.449895164,0.146198633,-1.891118172,0.341447622,-0.746866204,2.171127323,-1.316732083,1.048211714,-1.145601523,-0.623018856,1,Intrusion
0.21971485,1.018775403,-0.302882333,0.186383824,-0.395196748,-0.312873145,-0.442991719,-0.099879213,-7.230747063,-3.730568413,0.770453669,0.445538835,0.758189756,1.503876809,1.162939309,-1.730248341,1.189668598,0.479004624,-0.210703168,0.764510258,0.225078245,0.050510965,2.960851811,0.118441527,1.740067425,3.359999183,0.147502011,0.258801009,-5.995159419,-2.315547321,-0.03791854,-1.460700782,2.586294484,2.19473733,3.3435462,0.678546027,-0.397277801,-0.333722946,-1.407646043,-1.115996854,0,Normal
-2.091767347,0.2553093,0.660237704,0.532246181,-0.669524373,0.35874747,-1.541443981,1.208100933,-3.15364023,-2.085873328,0.66802102,0.484561442,1.011791047,0.796468837,-0.272504809,-1.135743377,-1.894897805,-1.634847915,1.660267175,0.388180183,0.487056835,-0.093709875,0.926884438,-0.250540231,-1.15410425,0.035330236,0.074981545,0.699606108,-3.950677979,-1.135583097,-0.61577214,-1.653017291,0.829224013,-0.539584351,4.801133144,-0.33620538,0.682117638,-0.357231675,1.067414983,0.665731781,0,Normal
2.306309691,0.087746927,0.824028692,2.281571983,0.776600043,-0.190514815,-0.00328493,0.499282064,-2.473626013,0.081224762,-1.534933989,0.702625803,1.623583977,0.03947907,0.936742861,-0.485321228,-0.535174332,0.56328613,0.058090868,-0.666650986,0.983815669,-2.207097239,-0.057092286,0.13500974,-0.272705999,0.265368154,1.68988433,1.217948007,1.261849026,-0.564518977,-0.331142932,-0.630991402,0.684025454,0.245690576,0.343236363,-1.28362218,-0.02690822,0.572660727,-0.347219104,1.294286222,1,Intrusion
1.970584059,1.210001679,-0.531333001,1.084592978,-0.59515412,1.213617446,-0.133089202,0.388668709,-2.426220265,-1.722891295,0.876523026,-1.249663753,-2.099623769,-0.203855197,0.57163755,0.159353926,0.31196631,-0.973657845,-1.533391003,0.770895702,1.286893249,0.671338204,0.860059349,0.460583886,0.238955403,4.557653999,0.080230365,0.001125695,-0.24717377,0.002217144,-0.473529438,1.06289241,0.945548705,-1.909056692,-4.033077907,-0.304279803,-0.377351475,1.045901898,0.318541365,-0.473014427,0,Normal
1.576138164,-1.931622035,-0.074758103,0.036257139,-0.646218398,-0.079280812,1.617693131,0.473546254,-8.31482527,-4.801360596,-0.670575273,-0.578312574,0.508040296,-0.976637668,-0.601893089,-0.94438305,0.062137311,0.459492302,-0.349360291,0.239764909,-1.063439941,3.793884029,4.452483163,0.278395617,0.021986994,5.165813533,0.230949484,-0.077559546,-9.9487655,-3.479906249,1.127689021,-0.543803298,4.380526571,-0.280887509,1.464737035,0.050888298,0.922832887,1.633334934,0.723133271,-0.707772111,0,Normal
1.285779001,-1.400293534,-1.909210593,1.122075029,-1.134792458,2.063649558,0.034419982,-1.181228888,-5.858233358,-2.79362712,0.451294318,-0.601097101,2.913057286,1.13601133,-0.174880919,-0.990218944,1.642830082,0.186094636,-0.961660732,-0.543735653,0.253188663,-2.898731042,3.396091369,-0.952138535,-0.474438883,2.467821137,-0.803973629,0.726113634,-0.4918114,-0.109060994,1.578541093,-3.227032723,0.232210912,-0.186903941,0.944498306,0.343866356,-1.242160425,-0.862466614,-0.551993624,-0.097228519,0,Normal
-6.670351487,-1.257476318,0.065300987,0.918270747,-2.4253928,0.23032834,0.04458122,-0.239182683,5.322501548,0.502057163,-0.068808733,-0.243859793,1.271129036,0.516815808,1.651378466,-0.575458316,-0.024941104,-2.026734137,-0.140934945,-2.662201918,-0.681869195,3.125549572,-0.372857254,0.874363504,1.495361933,-4.014467291,0.158100239,-0.068581849,-1.216137969,2.545823134,0.737399404,-2.228092102,-1.284774324,-0.18136751,2.967589981,0.71854402,2.129989952,0.386369169,0.029449903,-0.307272254,0,Normal
1.98423763,-1.792963717,-0.121148437,1.689563653,-0.523335922,0.401024139,-0.381500809,-1.597032422,-0.841650628,-0.683274053,-0.074338894,0.868532885,-2.571609405,-0.658346604,-0.718175628,-1.662873552,-0.290976104,0.857985872,0.11776657,-0.748586628,-0.934404668,1.496972359,0.292301586,0.113495455,1.208620972,2.666048829,-0.881771361,-0.018978771,-1.062448406,-1.306826495,-0.520944841,2.813477512,1.153572221,0.753354241,-3.244662244,-0.250078311,1.053270129,1.395641951,-0.214697459,-0.014659703,0,Normal
-0.532272993,-0.908763611,0.448567927,0.373180758,0.10310607,-1.217310246,-0.068334671,2.399262774,-3.606237705,-2.069015601,-0.321842143,-0.076748529,1.165054636,-1.059929425,-0.02057752,1.319214102,2.166140923,-0.147162128,-0.651964599,-0.304910503,-0.792930225,2.627823254,3.2696259,-0.832375742,-1.186886576,1.56859788,1.689720738,-1.920277835,-5.541004708,-1.502364684,-1.006924469,-0.650927585,3.115892979,-1.574703495,1.104980861,2.293654226,-1.787535235,0.870553631,-0.73687712,0.082306309,0,Normal
-1.248783436,-1.056096342,-0.509108657,-0.191816363,-1.232875434,-0.139548984,-0.363291755,0.832621931,-2.536005295,-1.230218539,0.957126838,0.148662047,0.960023499,0.182007253,0.705314838,-0.668796138,-0.550364378,0.046802127,1.874611725,0.71453067,-0.115041847,1.186382213,0.942180814,-1.586744999,-0.423701149,1.794442104,-1.091249992,0.397098309,-2.163556313,0.754459063,-1.432490227,-1.880582041,2.412112468,1.469484812,0.662888568,0.069629162,1.884064009,-0.700673796,1.810209729,-0.968009372,0,Normal
-1.773867488,-0.946895407,-0.993018197,1.162458921,-0.221655394,-0.230351392,-0.810991561,-1.474299436,0.998911484,0.202470542,0.256890591,1.086402345,1.823569827,0.083787915,-0.204134189,0.002050255,-1.419233689,-0.873944191,-1.037652299,1.939681126,-1.098278249,3.628725407,1.030267859,-0.671682091,0.196726548,-1.007350885,-1.792745641,-0.151683059,-2.674541875,0.635476122,-1.380715838,-1.034812743,2.181335283,-0.633367129,0.097597927,0.800361983,-1.153627249,0.312821543,-1.199660585,0.614261832,0,Normal
-1.558940044,-0.49911335,1.295152314,-0.70047475,-0.14501278,-0.010560093,-0.71391807,0.647680487,-1.233294107,0.130551441,0.538541606,0.13313843,0.64641839,0.044130454,-0.095799671,-0.989238541,0.455326156,0.37929512,-0.777703999,-0.100303781,-0.868531484,1.850954332,-2.329690812,1.032390974,1.139718853,-1.68951721,0.573098095,-0.471808245,-3.943537401,-1.816862529,-0.693908726,0.47758869,3.418727791,0.491621142,4.827165808,-0.663307624,-0.673615253,-0.203447083,-1.80934584,0.803286649,0,Normal
-1.173134756,-1.274708723,0.756838652,0.138297857,-0.850643213,-0.233000247,-1.126443401,1.665792672,-5.680190926,0.491228083,0.817426946,-0.790496627,-1.690983902,-2.438045858,0.321344497,-2.310658754,-0.115982299,-1.406154295,1.066278712,0.552818359,0.055827192,0.14840555,-1.318766645,1.230566614,2.043114177,3.298265233,2.265069052,1.161861851,-4.337472404,-0.359530986,2.799300303,-1.077127742,6.481953479,-0.490458432,4.064167198,-0.600634925,-0.132681748,0.34619463,0.765348136,0.431372289,0,Normal
2.508641474,-0.173846616,-0.258419682,-0.60329648,-0.014810542,0.946500997,-1.180992893,-0.791158079,-7.145112215,-4.078227936,-0.493081729,0.485362665,-0.728559073,0.325101023,-0.576338201,0.333211398,1.029931138,-1.540884108,-0.29757127,-0.429638448,-0.224387898,2.695174112,1.937874495,0.530391817,0.855155242,6.507043137,-0.23087008,0.208364042,-7.373803241,-1.236455391,-0.962180887,-2.051853871,1.724016804,0.84650273,0.495248238,0.200540789,-0.359772205,-1.033956096,-0.877558285,-2.537406848,1,Intrusion
-0.554783698,-1.217184869,1.472264738,0.431908872,-1.582373985,0.463864706,0.864805304,-0.559444311,-5.695298038,-3.25365786,0.071705869,1.476845668,0.798223964,1.061463877,0.445198242,-0.443918509,-0.950443341,-0.763167255,0.400737002,0.159955479,1.380562843,-0.009181224,1.595045866,-0.626620193,0.557609468,3.357850706,1.469082239,-0.538252707,-4.035472494,-0.42343109,1.049536296,-2.548429845,1.66365289,0.634660967,2.595493044,2.395399685,-0.050983213,0.221813364,-0.636321976,-1.193072157,0,Normal
3.592714122,1.348486931,-0.547220704,-0.816667488,-0.654387162,-1.805965413,0.443596805,0.155417806,-3.046277724,-0.793556387,-1.469173334,-0.2431379,-3.087786702,1.574222046,0.917721627,-2.032053821,0.282346308,1.635824725,0.160046395,-0.223151283,-0.116121831,0.003220019,0.693381486,1.196590151,1.286823364,5.282540163,0.399014419,1.076460016,-0.177681119,-0.427250184,-0.429457965,1.610034721,1.206149341,1.756189672,-4.43103918,1.029045287,-0.34402534,-0.085101864,0.044845883,-0.473498971,0,Normal
-2.617286738,0.278856904,0.538793518,0.662591944,-0.635195604,0.468452106,0.149570416,-0.928475695,-4.483481236,-1.73261337,-0.292884494,1.194387935,-3.115083988,-1.325347107,-0.614078262,0.041846438,1.553711865,-0.062949269,0.979928373,0.216114246,-1.043668127,-0.682968962,-3.163620238,-0.048350884,-1.106165689,5.947453797,-0.44929792,-0.282193743,-2.845149281,3.382371258,-0.172582457,-5.140773122,0.089077028,-0.269340862,4.227873596,0.534235884,0.474603539,-0.193226823,-0.291258709,-1.227156573,1,Intrusion
-0.951954008,-2.03720639,0.858846472,0.39466123,1.039286533,0.449413625,-0.199330671,-0.094937147,-4.016229323,-4.877270308,0.852326424,1.557211595,-0.07822684,0.724554504,1.230144454,-1.741679296,-0.907894198,0.287175784,-0.752251815,0.922099145,0.693526599,2.765367357,2.509671908,0.236550578,0.780063058,3.332004933,-0.97191545,0.179966923,-3.349895639,-2.208133447,0.2921898,2.394041623,3.745479769,0.136751116,-2.302859576,-0.121073003,1.530444335,-1.649464407,0.260169054,0.271953441,0,Normal
-0.470927529,0.838725576,-0.026812338,-2.426325332,2.007564458,0.972701788,0.564318428,0.465706783,-3.815951137,-4.476111209,-0.809564895,-0.829585967,0.94127333,-1.782002394,1.813101285,-1.409710822,-1.686769979,-0.221276273,0.459825905,-0.096017538,0.380086502,0.397290614,0.231653725,-0.397258494,-0.347821198,3.557803311,1.982838275,-1.355965965,0.848239245,-0.069770068,-0.407969209,0.573360939,2.504121368,-1.421657393,-2.849650943,-0.163331223,-0.595874376,1.101331727,-1.511901783,0.239922882,0,Normal
-1.187890372,-1.107992527,-0.285650593,0.182022197,-1.030240672,-0.962885175,-0.332273278,0.776702686,-0.596496187,-3.290194136,0.737748082,0.982863331,-1.366674568,-0.042422727,-0.089288828,-0.615683129,-0.968587754,1.672916273,-0.758648709,0.49090213,1.518595071,3.106663053,0.298744474,-0.261801246,0.347341104,3.24331816,-0.686884553,-0.611364369,-1.732263827,0.443574222,-0.745598557,0.656328415,0.318380857,-0.920898139,-2.803683132,-0.023629272,-0.0582595,-3.042826172,-0.790695991,-1.097800118,0,Normal
-4.41747035,-1.026391389,0.024955146,0.480211699,1.720230787,0.866265361,-1.193873219,-0.490107362,5.167518933,-1.973277757,0.138384127,-0.711868603,3.896862665,-1.109684184,-1.207039061,-1.304376783,1.306752213,-0.81513906,1.765965099,-1.857616557,0.443331238,2.740617051,2.6021944,-0.742738619,-0.556736346,-4.57811738,-0.737877825,-0.625293971,-0.111518662,1.299240665,-0.040779003,-1.787433511,-4.122096099,0.383245572,0.252080672,1.174191375,1.552077758,0.063063938,0.298480657,-0.799846181,0,Normal
-1.477154903,0.34527966,-0.667695802,0.903337905,-0.383866325,-1.076086547,0.640545744,0.830616006,-3.436059663,-0.962128775,0.504814418,-1.466222509,0.423246955,-0.182483132,0.765180253,1.266978166,-0.56339618,-1.830135762,1.40914398,-1.482967619,0.18097296,-0.005493452,-0.28780606,0.555742344,-1.47267932,1.527092708,-0.252432891,-1.00965223,-2.436080379,0.182348821,1.258636827,-1.808182638,2.723651286,2.859103615,2.92343252,1.342904797,-0.238334899,-0.147862736,0.014391336,-0.96499347,0,Normal
0.260376452,0.953777707,-0.879621729,0.269292418,-0.924701594,0.999392636,0.127290339,-1.008670816,-10.37598974,-2.350577409,1.040259992,-0.623340638,-0.633861825,0.453852901,-1.72859595,-1.238895633,0.804714858,0.430608635,0.821593609,-0.143353506,-1.472986459,-3.89205101,-0.650573664,-1.661405586,-1.613186482,7.793944461,0.145248298,1.622785411,-2.857088573,2.406463,-0.046758365,-6.863606505,2.509999951,1.245064951,4.898203203,-0.428538818,-0.773302025,-0.333685004,-0.10014989,0.800107912,1,Intrusion
0.945761363,0.204046601,-0.70754728,0.617675147,-0.129945463,-0.577183313,-0.432827694,1.296386212,0.192353286,-1.253836474,1.152201809,-0.668471741,2.034188315,-0.817135172,2.087582262,0.199613812,1.604515327,-0.586026622,-0.488286905,-0.121899257,0.132335856,0.36669687,-3.822122787,-0.532980099,-1.348957846,0.281779013,0.74179588,-0.151239934,3.79365419,1.042988091,0.526680319,0.230123332,0.881667855,-1.414550945,-2.44185522,1.74925503,0.253474284,-0.062706948,-0.30440604,-0.838349505,0,Normal
3.139037011,0.930028369,0.946149109,-1.426637035,1.316255871,-1.047222703,-1.023421324,0.365243222,-6.799525977,-3.189709996,1.664719317,0.48687672,-1.7954854,-0.903815562,-0.915015674,1.180391325,0.386142874,-0.682094834,-1.277907719,0.67905221,-1.157861829,1.868094428,1.180172666,-0.633611309,0.388661552,5.456851063,0.214213609,1.657227866,-7.788800579,-2.593313289,0.653746683,-0.760392766,1.210041483,1.265806593,2.041371079,-0.960266359,0.702264029,-0.320143149,-0.604718402,-0.483613705,1,Intrusion
-1.921671958,-0.182692564,-1.530029175,0.175221429,0.797941353,0.823887001,0.429609854,1.050173842,-1.317529533,-3.410137633,-0.003590199,-0.832970483,-4.670004758,0.73249756,-2.741489117,0.927824162,-0.939532817,-0.280737075,-1.269244586,0.350756567,-0.159523727,1.946096597,-2.138396505,1.031455043,-0.462278561,5.54336881,0.866061671,0.193376685,-3.017344111,1.660750055,-1.170963969,-1.207508927,-2.306250933,0.408870876,0.198679118,-1.47678778,0.166123885,1.964493954,-0.231539915,0.420862897,1,Intrusion
-0.813215255,0.608332946,-0.602966225,-0.769401607,0.199711846,-0.942823756,-1.470912746,0.005538908,-3.175426948,-0.309693626,-0.46297981,-1.080329972,0.648224518,-0.447049733,1.020084789,-0.668591944,1.208046557,-0.734011245,-1.869917829,0.102322861,0.251260887,0.342620545,0.310067017,1.150672049,0.274471582,0.393144326,-2.603879079,-2.345264795,-2.871129822,-1.194432871,-0.44297336,-0.214812391,3.832043512,0.572977854,2.710071997,-1.652643904,0.581019,1.619907598,-0.752412319,0.929657346,0,Normal
3.101518567,-1.721174088,0.634773719,-0.260568683,0.605684797,-0.559610692,-1.275009472,-1.568124913,-1.022117933,-0.53778434,0.551017651,0.016678563,-2.63038569,-0.76297005,-1.197200936,0.855618284,-1.89843622,0.023180656,-1.525752618,0.416345389,-0.995267479,1.983115144,-1.005796826,0.275940421,0.836685224,2.933523815,0.276370334,0.395832767,-1.78516021,-1.417949058,-0.833279755,2.451674148,0.722839766,-0.494455594,-2.685491593,-1.820173682,-0.769212672,-1.110955034,1.182285472,0.791455209,0,Normal
1.011802294,1.041028945,-0.351456008,1.869311216,1.481592925,-0.900037686,0.920808276,1.972031158,-2.80941458,-1.739963177,-1.105592477,0.456691792,2.094377508,-1.176757051,0.566419217,-0.162692214,1.176178111,1.129952092,0.101093128,-1.379410702,0.791878953,3.022208441,1.952806703,0.090273327,2.434198092,0.828221233,-1.301261201,-1.331428492,-4.141375206,-1.798024271,0.978735392,0.220837576,3.266257703,-0.949645924,-0.253369275,-1.118055372,-0.466313986,0.903486065,-0.042447265,1.015578971,0,Normal
-2.758386391,-1.516710648,0.106338546,-0.283862327,0.835345381,-0.688135821,-0.098770521,-0.033066358,2.828653646,-1.469162706,0.331527279,1.398940206,3.968793035,-1.313225445,-0.360886987,-0.235711638,1.619388047,0.637157242,-0.853297491,-0.293083806,0.603240556,1.156467382,3.668827474,0.631354054,0.295018881,-1.476149593,1.224740833,-0.547920904,1.637958177,3.265507907,-1.188505064,-3.896855572,-3.261935609,-0.462000686,-2.083921249,1.089711903,-0.154224388,0.289552212,-0.909995129,0.762432824,0,Normal
-0.70150135,-0.539450495,-1.614531805,0.491426135,-0.174663234,1.48663902,0.976611451,0.441342837,-1.848764908,-1.253580173,-0.964390087,-1.323429448,3.072432313,0.503412778,1.434168488,1.403986571,1.389854993,0.188568298,-0.81863905,0.770822164,-0.239828318,-1.711438976,2.826010989,-1.014617239,-0.770824931,-0.161670002,-0.249907919,-1.387927475,0.901554361,0.848057936,-0.961980781,-2.611715368,-0.251196243,-0.268254932,0.373831522,-0.465386119,-0.685361025,0.050765263,-1.445142552,-0.537918207,0,Normal
1.906245836,-0.438444522,-0.450681186,1.001676603,0.450153842,-0.558300513,0.720290005,0.642894211,-3.070177054,-1.529385228,0.104512847,-0.951883869,0.013762923,-1.07285595,-1.183677934,-1.399264803,-1.668952171,1.123738339,-0.931234372,-1.059238653,-0.699324563,-0.187603778,-1.962633747,-1.449739334,-1.126360127,2.371810692,-0.201988862,0.722127194,0.634738929,-0.849100607,-1.271142034,1.171637762,2.497166337,0.119687141,-1.306066831,0.855083307,1.608118339,-0.575394544,0.157740164,-0.180350009,0,Normal
-1.907391193,0.980566316,1.192891553,-0.373082016,1.517005232,0.01367773,-0.928818608,0.164424996,-4.033842633,-1.962587258,-0.224916385,-0.527060628,-0.204213114,-1.059896401,0.921357435,-0.784769884,0.625766681,-0.78449611,0.016673988,0.785751549,1.171075206,-0.180038332,-2.415990548,-0.493607691,0.136997591,1.495010211,0.252914557,1.522446847,-3.533546285,-0.50971073,-0.775439788,-1.791003125,1.871468214,0.578046895,5.475400556,-1.047825873,-0.042939107,-0.756737634,1.660506996,-0.394091842,0,Normal
0.435026103,-1.886862967,-2.025946922,-0.192127833,-0.596366577,0.34604765,-0.173611708,0.079827201,-4.534904005,-3.342400086,0.2933732,0.120833639,0.348059114,0.590092801,0.612018135,-0.959826515,0.744627979,2.341142769,-0.392635385,-0.422801513,1.814912856,0.602894497,-0.635432607,0.38664614,-1.235560479,3.418275979,-0.092680439,0.20314429,-0.757848971,-0.956724342,0.675695246,0.90556903,3.642578597,0.291147372,-1.264944654,-1.171410812,-0.439067025,0.648315039,0.614645076,0.972850108,0,Normal
-1.396308366,1.510737028,1.755344685,0.476665203,1.519196694,-0.140375356,-1.80664149,0.209059856,-3.265199889,-4.647072839,-1.026385554,0.273097945,-0.665120435,-0.103726157,-0.36024625,-0.014973016,0.6175484,1.253247232,0.326256311,0.205282824,0.788055023,2.732027134,1.166587715,1.028513386,-1.616665137,3.506410376,-0.207749665,-1.492852587,-2.876886682,-1.317157405,0.37700583,1.752502676,2.827421586,0.614130981,-1.898118505,-0.969690455,-0.527486499,-0.08109274,0.076866559,-0.739205103,0,Normal
-3.821167856,0.423360246,-0.708878295,1.714623701,-1.038387602,-0.618166793,-1.09732152,-1.869721981,1.195547251,-0.00156415,-0.072170534,-1.032415883,1.106338069,-0.333892066,0.76186041,-0.016454017,-0.827755103,-1.232352868,-0.296551597,-0.718575003,1.430664968,1.860415659,0.409067598,0.321321241,0.469555693,-0.882304735,-0.428071283,0.783278036,-1.595371262,2.002548742,0.06127999,-2.573043911,0.576333533,1.118559788,1.897786019,0.780432705,-0.317450856,-0.756987726,0.562633848,-0.954166077,0,Normal
2.950432602,0.085470354,-1.277594597,-0.349512836,0.283982668,-0.570547693,-0.793750545,0.362519557,-4.059411004,0.71895471,0.198903941,-0.35878262,1.719818384,-0.411188614,-0.034722152,0.055218802,-0.663686402,-0.850183368,-0.839047698,1.405934993,1.718375952,2.745583207,2.953484435,1.07889409,1.028766473,0.693527819,-0.227653562,0.228910546,-6.320122888,-2.775199628,-0.645601228,0.022087667,4.879086448,-0.034277706,1.17270344,0.400224353,-0.006122693,-0.334128192,0.952113648,-0.584306466,1,Intrusion
2.070040349,0.02446432,-0.871460081,-0.429858254,0.564004561,1.259685893,-0.667708985,1.205722493,-2.385913509,-1.412729453,0.546108232,-0.871070259,-3.349516525,0.125009303,0.628486567,-0.325736774,0.325238333,-0.392550229,1.295553866,-0.770706623,-0.45450995,3.111392017,0.245957837,0.627799986,1.474362382,1.820178652,0.318605891,-0.599944472,-6.11684933,-4.728711986,-0.616004967,4.81330856,2.632742838,-0.192664179,0.299362466,-0.703404213,0.775667108,-1.234349197,1.930869614,-0.562878316,0,Normal
1.035804707,0.52494219,-0.962389536,0.340186659,0.045787975,-1.182260414,0.672494767,0.748423316,-2.955530708,-1.992959203,0.642270567,1.702923779,-0.598691928,1.0303091,0.323002446,0.289008602,1.144210151,-0.078950688,2.239212773,0.739707805,-0.643416351,2.334411462,-0.520108975,-1.454924544,-0.830504379,1.691963392,-1.05363093,0.653424915,-3.765009046,-2.658794805,-0.365158175,2.245195827,3.1739725,-0.899257326,0.282430566,0.964278892,0.918505214,0.400899164,-0.471902713,-0.031798612,0,Normal
-2.469909284,1.29806384,-0.126796431,-0.710483338,-0.720524872,-0.550152597,-1.411981649,1.145737281,-0.716011501,-1.277936121,-0.344522717,-0.889758287,0.972848269,-2.389711848,0.862749036,1.818714563,0.543539198,-1.624769983,-1.897322977,0.78915354,1.225875191,2.58039105,1.200233848,0.183804197,0.216766445,0.590500857,-0.145577191,-0.541045246,-2.990186996,0.728087551,0.664037373,-1.569964901,1.684391872,-1.731093682,0.877303459,1.048773356,-1.342146156,-1.315892312,0.179913727,0.657350407,0,Normal
1.043390027,0.300602662,1.77259176,1.796764411,0.274878332,-0.459443578,0.796295634,0.206255084,-1.576273847,-0.953293712,1.021675945,0.915164547,-1.389992486,-1.641941246,0.881135594,-0.116470407,0.643209113,2.936453526,1.475793638,-0.384334794,-0.679007466,2.154428992,-2.56099565,-0.015596119,-0.423428833,1.205458785,-0.67561023,-1.088864367,-2.81954784,-2.048165655,1.542899761,2.242865075,2.375423329,-0.611242065,0.726782513,-0.569058114,-0.456902122,-1.148033414,1.855620847,-1.817596649,0,Normal
1.652079207,0.33528333,0.466567303,-0.417490353,-0.689186142,-1.289969523,0.066311,2.291014998,0.187414635,0.610328197,1.620281349,0.16233993,0.599448326,0.876099258,0.660071826,1.560518287,1.334967102,-0.79055883,0.387441535,-0.668794152,0.973376648,1.724946532,-1.719056554,0.219740534,-0.858233271,-1.156165468,0.450901023,-1.597009974,-0.732699366,-1.853020986,0.21170048,2.368674394,2.422932161,0.346164124,-0.406113912,1.906329661,-0.845887129,0.745864642,-0.167139753,1.397207593,0,Normal
-1.356111424,-1.099760748,-0.09328306,0.350451789,1.086690251,0.762871524,-0.009483613,0.611579986,-1.465391665,-4.085058236,-0.065465328,-0.180280134,2.138496113,0.695782059,0.59713473,-1.16988185,0.245249502,-0.915638655,-0.035301453,3.221891956,-0.545852618,4.088408927,2.469206254,1.041377109,-0.13386084,0.220570391,0.081275565,-1.377617314,-6.057191655,-1.483914704,-0.284606679,-1.117897489,-0.520045469,-0.406233237,1.68159122,0.189618798,2.06281354,0.518211864,0.186762081,1.758701148,0,Normal
3.891716749,-0.536735858,1.331351185,-1.233580682,-1.086878564,0.163810133,-1.707663722,1.162358084,-2.154575671,1.66587516,-1.972159845,1.734796282,-0.322594485,-1.122035131,0.519212296,-0.410788332,-0.376841191,1.118748785,0.466133038,0.669754474,-0.368445113,-0.747391988,-1.563284437,0.717475343,-0.783812843,1.780654305,0.676918494,-2.100896667,1.244714622,-0.476772059,-0.491809782,0.978047431,2.878351595,-0.385273978,-1.976586111,-0.594246106,0.807857546,0.834675039,0.799081108,0.289826051,0,Normal
-0.993554651,0.310033083,0.409453691,0.795784694,1.139093358,-1.62827401,-0.137812797,0.050383182,-1.698549684,-0.947081695,0.640523564,1.117050639,2.541642083,-0.520289598,0.853408817,-0.397614922,-0.519312379,0.321454992,-0.005982702,-0.888666969,-0.046812461,-1.552690276,1.784179748,-0.381336709,-1.434030046,-0.275700084,0.291929808,0.673259683,0.859663846,0.709631448,-1.404307525,-2.100683832,0.388545887,-1.25844626,0.82471785,-0.351170633,0.658227425,-0.593492679,1.250987729,-0.300169737,0,Normal
3.618613783,0.128583894,-0.655360067,-0.379592215,0.276332094,0.837331429,-0.386336849,0.276272586,1.656632083,2.221119983,1.789845502,0.80479861,-3.107929975,-0.558276057,-0.770149368,0.247471776,-0.170257349,0.507084814,-1.568113623,0.557445899,-1.1366547,0.48685824,-3.862060432,0.362774027,0.114392008,2.726952641,-0.6069671,-1.977930349,2.39649653,1.785174594,-0.112618162,0.498645087,-1.232295729,-0.743883174,-3.716573523,1.51143923,1.050519032,-1.484172026,0.629998751,-2.087563514,0,Normal
-1.024976295,-1.222775237,0.491290298,-0.687208543,-1.164887751,0.095369857,-0.739713339,0.562957378,1.279725724,-0.556774888,0.054180509,-0.484107469,0.44107039,-0.488841017,-0.99700735,0.976901395,0.444965334,-1.517585928,0.557639415,-0.233797211,0.711299137,1.606443004,1.187356872,-0.160220429,-2.45896036,-1.083127158,1.170923853,0.338981651,-1.714739083,-0.350404237,0.555474124,-0.003299952,-0.956972484,-1.290641696,0.403407933,0.19610679,-0.941923055,0.074084234,-1.389725881,-0.051363094,1,Intrusion
1.120538963,-2.047854417,-0.337200159,-0.954082733,-0.174890495,2.075527645,2.264346104,-0.380319563,-1.76844458,-0.43853613,-0.548719271,-0.117402556,-0.189650493,1.803751066,0.056565275,0.531470246,0.473914783,-2.041007749,0.346458498,0.611141765,0.978321464,3.227391801,0.493937269,-0.321938343,0.639243975,2.410485226,-0.895429467,-1.100209115,-4.747865339,0.217214344,-2.523448955,-1.79031706,1.022998251,-0.164770063,0.358466493,-0.88099325,0.972645409,0.485776744,-0.290851322,-0.898770506,1,Intrusion
-1.336073797,0.46904973,1.102541186,-0.629194502,-1.948449252,-0.067288606,1.781063507,0.747060776,-7.958929099,-4.411195578,-1.360660822,-1.095160679,-1.225930229,0.690842244,-0.572855691,0.768453959,1.03892021,0.491633835,-0.196455885,-1.334165664,0.530597575,1.270709838,1.110625176,-1.104855318,1.587194931,4.941119318,0.078008346,0.486070723,-8.368831398,-1.957809858,-0.295396441,-1.914249896,3.102440915,0.423951611,5.286460031,0.603043189,0.303889884,-0.887348528,0.224313165,-1.190488346,0,Normal
-2.43835925,0.742073032,1.136629248,-1.429970762,1.160741232,1.850738596,1.29194652,1.063924354,-3.807086469,-3.004766962,0.809325498,0.707278826,-0.228157573,-0.009840576,-1.074065738,-0.456494551,1.502525575,-0.536086859,1.120781461,-0.68153753,-0.897937224,2.816261943,-0.014301582,-0.249491804,-1.025112662,1.619196608,0.091289157,-0.789744422,-7.368306255,-1.503393367,-1.784315841,-1.380788792,2.03682213,-1.357883306,5.201923791,1.044437616,-0.376442262,0.605511058,-1.280447328,0.871600431,0,Normal
1.155562787,1.963302674,-1.352596402,-1.285699608,3.001379082,1.25383882,-1.095624968,-0.040422738,-1.441160373,-1.400787369,-0.664200194,-0.591868873,-1.906361247,0.5406771,0.067852047,0.354184323,-1.056982653,-0.473950342,-1.391035749,-2.299583812,-1.019280464,1.359629075,-2.251825164,0.050844368,-0.783638381,3.545223523,-0.822858977,-0.651061506,-0.416540167,0.471086327,-0.70643083,0.477147567,0.744341796,1.56008767,-1.95997704,-1.289352749,1.484527674,-0.416495905,0.170901139,0.787471061,0,Normal
-2.595943181,0.438716896,0.142726261,0.507865923,0.799250199,0.536542782,0.4830779,0.45701703,0.418908473,0.052735038,-0.610519762,0.722660888,0.917648976,-1.749501103,0.344774469,-0.303781299,-0.635217397,0.764871159,-0.311410582,-1.847908124,-0.191092016,2.696388757,0.398159319,0.924696219,1.758308201,-0.795337983,0.293080491,-2.02220184,-2.4149912,0.379852991,-1.976505746,-0.529373202,2.655813985,-0.645649796,1.070555243,0.711802213,-0.758243029,-2.316600766,0.288086741,-1.587394605,0,Normal
-0.831483124,-0.591416908,0.086371961,-0.110499844,-1.640142076,0.952264851,0.445365546,1.122783456,4.759519349,-1.402969919,0.394806441,0.08983022,-2.905439585,-0.338932063,-0.639876199,-1.685823689,-0.07931726,0.567641336,-2.53543564,1.158124968,0.602016067,3.752276436,-3.171841244,0.072787037,-1.122884288,0.022814975,0.227920233,0.21723092,-0.962360849,0.389931727,0.507274008,1.660377938,-4.491146419,0.534758128,-1.410604081,0.06862542,0.199755284,-0.385043881,0.586316996,-1.012407082,1,Intrusion
-2.128395215,0.630295544,-0.568449072,-1.350636881,1.459235494,1.273277073,-0.069118125,-0.56570497,-1.116642503,-1.776129709,1.191988442,-2.371239064,2.113278872,0.797720081,-1.534757458,-0.27193329,0.193732492,2.295006625,-1.331766533,-0.480476195,0.098561631,0.596658247,2.190661477,-1.270090502,-1.184744779,-0.548286003,-0.639394795,-0.921763339,-2.057966198,0.096645396,-1.421590007,-1.923096318,0.030299708,-0.247144755,1.909344387,-1.625436305,0.802442994,-0.398255567,-0.413782814,1.908633776,1,Intrusion
2.14935673,0.796915787,-0.238316796,-0.61996885,0.277360388,1.045480095,0.194866986,0.203110388,-2.128257389,-1.977682939,0.932047541,-1.37473971,-3.627324429,-0.172881168,1.487545226,-1.097175438,0.435886854,0.254906494,0.861795462,1.516404796,0.955256601,2.392665475,1.700514143,-1.353126586,-1.554223143,3.81843411,1.895035812,-0.055583343,-3.218390848,-2.80339899,0.096946941,4.250291554,1.878480209,0.087315135,-3.650747402,1.014818567,-2.207544525,-0.411888279,-1.013812211,-1.419406325,0,Normal
1.647479407,0.739462735,0.174852519,0.866174491,0.247670966,-0.416695351,-0.511837326,0.409250758,-5.415480182,-4.328349665,-1.115470397,0.605877713,-1.912226968,0.066960304,0.906638801,0.359970344,-0.225202421,-0.727820781,1.465981838,-0.535610683,0.830320224,0.58923472,-1.776843334,0.421880495,-2.227402776,5.948810765,-0.840366676,-0.337376421,-1.168950907,-1.001475823,1.219682505,1.343384125,2.401965248,-0.83444412,-2.096176146,1.297921949,0.548975212,-0.967995372,-0.037358939,-0.085455017,0,Normal
2.232143927,0.121910974,0.74975767,2.678682853,0.592971249,0.423053401,-2.734440071,0.241380919,0.320843482,0.116393087,-0.400622373,-1.111176412,-2.128398058,0.18245148,-1.37708609,1.173597206,-0.049354604,-0.462606022,0.065045077,0.18537432,0.01601451,2.863617882,-2.889214122,1.87163876,-0.76405035,0.499067856,-0.330749134,-0.006327727,-3.222818391,-2.184489538,-0.270569181,2.568788924,0.45472885,-0.782820638,0.388963163,0.783933241,0.407068553,0.642782916,-0.261775483,-0.155836713,0,Normal
-0.838322872,0.726161876,-0.054643278,-0.915814015,-0.494682658,0.140235231,-1.390616238,-0.280388511,-2.962025821,-0.125889209,-0.587278589,0.182710067,0.411097385,-0.232675788,-0.763074594,-1.101389918,2.587225907,-0.20600742,-0.053388794,1.954332257,-0.747209804,2.404360649,2.0095484,0.20447587,-0.908569649,1.567781964,-1.616802458,0.518240923,-3.910171876,-0.647261905,0.634612229,-0.065118925,5.331995758,1.148836286,0.252023396,-0.640486589,-1.197752807,-0.226263375,-0.402109665,-0.966619564,0,Normal
-0.228728901,-0.812828627,-0.588263218,-1.12769555,-1.645099166,-0.816962381,0.311638921,0.512648687,-1.299068563,-2.363857198,0.670387977,0.656066398,-0.06512724,-0.803267459,-0.150466505,0.914179087,-1.939249377,0.034819116,0.931006362,-1.828689164,-0.549171268,1.513209225,-2.1636151,-0.120351558,1.27801608,2.099364628,-1.431588279,0.802023631,0.181706652,0.204378736,0.049939682,0.636727911,1.531224879,-0.436446444,-1.492965544,-0.750168625,1.464545153,0.785764557,-1.49863389,-0.6734122,0,Normal
1.083696863,0.237786126,-0.19728697,0.380556119,-0.710635428,1.001713978,-0.809616222,-0.935860049,-0.429788669,-0.341246075,0.116609263,0.459812487,0.530862888,-0.076425431,0.046905176,0.639335402,1.383122717,0.759055762,2.5929421,-0.00042565,-0.313346336,1.954933559,-2.715407094,-1.045803961,-1.447551618,-1.118728493,0.337708304,1.291498906,-1.903011343,-2.270663846,-0.692885469,2.117656434,2.113732061,-0.212377146,1.335840075,-0.908468627,-1.522266057,-1.286247692,0.234611155,0.011797632,1,Intrusion
-4.10426783,-0.101630124,-2.224725009,1.091518979,0.193761395,0.137177288,0.017925747,0.119573796,2.340753337,-0.751446222,-0.724458982,-0.814898866,1.729823197,-0.176110313,-0.666122553,-0.232027825,-0.632870379,1.374169834,-1.177234769,-0.134501703,-0.955566847,3.171171884,0.746853152,-0.955707419,-1.315000731,-1.943007216,-0.022285285,1.693269811,-2.687673589,1.466589995,-2.06841738,-2.353070612,-0.665533776,0.818872639,2.133610832,0.441311116,0.525405863,1.182124781,-1.137287014,1.786809669,0,Normal
-3.608429197,0.588796252,0.335681806,-0.2163191,-0.812343312,-0.863879867,-1.098613906,0.40133097,3.397490139,-0.033697504,0.876488907,-0.211944553,2.755466434,0.428955281,-0.258886815,-0.628428924,0.002175651,-0.116490734,1.08020581,0.978975515,-0.168713175,1.995519488,2.280401828,-0.300276466,-1.677694384,-2.973260886,-0.452871975,-0.667213847,0.03074125,1.742541662,1.701516224,-1.820965027,-0.924088338,0.474848938,-0.058526443,-0.261107807,-0.272754876,0.302057187,-0.796312661,-0.227757342,0,Normal
-1.022545339,2.034614002,1.251947579,-1.30295801,1.380351748,0.322314611,0.081705643,-0.73137114,-0.142627132,-0.65524394,-0.153932935,0.667956934,1.865631015,1.685602328,0.097682621,1.649764366,-1.192402755,-0.360746998,0.282245593,0.821244273,-0.438082409,3.88606308,1.165330638,0.615651805,0.057622353,-1.885510482,0.30251954,1.146339393,-4.804540763,-2.059954038,0.534960403,0.845733345,2.772479543,-0.346626036,1.753549999,0.777328287,0.105193192,-1.723237758,1.550391416,-0.870018006,0,Normal
-2.003910882,-1.360282845,-0.467190826,0.857226393,1.110107494,-1.11743584,0.586697732,0.803483073,-0.117048772,-2.148692449,0.361487208,-0.912690509,2.618924621,1.378217723,0.441290114,0.186741107,-0.279009222,1.718688479,0.218170738,-0.463363917,0.808667594,1.687933325,2.363427967,0.228011436,-0.66706751,-0.003262811,0.777394652,-0.585691068,-1.697763874,1.38559166,-0.360347935,-3.036798969,-1.196873184,0.307722433,0.346613779,0.357103288,-0.091998006,0.989231963,1.103435397,1.636887472,0,Normal
0.662239707,0.425716458,0.939008846,-0.222453299,-0.947533807,-0.267055328,-0.66774631,-0.561059981,-5.227048357,-3.431924249,-1.816959772,1.680906006,-0.928637891,0.644475171,1.682901594,1.495821529,-0.188632563,-1.035108408,-0.100922946,-0.469774473,-0.701085405,0.826506858,0.176979952,0.432503534,-0.594383163,3.750160984,0.752812261,0.045649981,-2.097479109,-2.46768674,0.584996101,2.706651364,4.6962359,0.94320325,-1.268122871,0.00012034,-0.508816784,-1.170614072,-0.272313427,2.178895359,0,Normal
3.080615222,1.589955678,-0.937374467,-0.443984237,1.046552012,-0.363702952,-0.692216971,0.336791918,0.76593962,0.048065397,0.487397522,0.711543451,-3.045279464,1.245809356,-0.909100998,-0.926328405,0.636372487,-1.988461798,-0.141359409,-0.254880592,-1.651354877,1.984999375,-3.379955588,0.151781203,-0.281450644,1.91915824,0.613550061,-0.397467319,-1.167228502,-0.945509394,-1.034604475,2.145366928,-1.232866149,-0.693558165,-1.558286462,-1.756718568,0.753056569,-0.462623866,-1.304826933,0.868654176,0,Normal
-0.093670512,-0.366897538,0.561587391,-0.537079657,-0.212112224,1.478624979,3.470637764,-0.411549222,-0.940122535,-2.371598935,1.080887964,0.113872126,-0.82789534,-0.92774718,-1.028757574,-0.281671398,0.125335459,0.245054154,-1.969460265,0.672880867,-0.053413298,3.847861522,0.145465136,-1.285318135,-0.873078448,0.42258373,0.244369453,0.80163021,-4.677436815,-3.141384752,1.4891126,3.224613152,2.149684568,0.721110947,0.076173545,0.108075234,-0.666455096,0.21653678,-1.71548981,-0.961922214,0,Normal
2.270502791,-0.659334997,0.444589391,-0.463942357,-0.62503413,-0.571165244,0.095528099,0.177811617,-3.600075659,-2.172811124,-1.74316334,0.230828315,1.217335457,-0.627440967,0.023321576,0.356550075,-0.33937011,-1.255068713,-0.10934983,0.199189273,0.898399813,1.82872842,1.960767921,0.278499879,-0.966818592,1.381990794,1.166077466,-0.128565195,-4.617046038,-2.572736544,-0.768539291,0.240136513,1.358451362,-0.296528373,0.628077828,0.018286032,0.22640312,1.458028818,0.533130808,3.061486173,1,Intrusion
-2.940405085,0.916574472,0.916843854,-0.67243015,1.407055721,-0.588762287,-0.188797857,-1.560626281,1.469152258,-0.740781455,1.567069539,-0.183025653,2.768875772,-0.742206225,0.419695295,-1.944601336,-2.943932418,-1.407744527,1.349067739,1.24889925,-0.122181728,0.153394314,1.908514477,-0.41351798,-0.156227616,-1.504162177,-0.164994717,-0.612067093,0.947039725,2.237471269,0.046851477,-3.01712441,-1.48397452,0.774260726,0.369320378,0.964996992,0.227646815,0.710975773,-2.152428631,-1.33646414,0,Normal
1.408658915,-0.131688878,-0.938234099,-0.830798504,0.889877228,2.421877371,0.268634443,0.142823976,-4.01359797,-3.095041394,0.136519742,-0.115626687,-2.434630633,-0.792068252,1.468280353,-0.32490277,-0.24426291,-0.140119072,-0.788965232,1.932438719,0.639902471,1.866246886,-2.399874621,-1.425838608,0.200502415,4.794836325,1.245532904,0.907806194,-2.692005134,-1.312644661,1.229376006,1.640429357,2.419105043,-0.205165551,-0.95121964,0.148367193,0.447780868,-1.011166638,-0.150149434,0.941242806,0,Normal
-2.241717154,1.396936773,0.003268916,0.632931979,-0.625484995,-0.084517998,2.28613558,0.659240794,-0.672716557,-1.48747073,0.653868913,-0.752104686,0.801689072,-1.88724501,0.009875584,0.41076961,0.448261886,0.925180816,-0.219234249,-1.329151947,0.244052076,3.188961876,-2.734739137,0.357030444,-1.312623928,-1.113317506,-0.053024826,0.777024043,-5.147636598,-1.058333337,-2.229705525,-0.903759827,1.154880281,-0.752971738,5.213025652,0.675154029,0.698490573,0.64624542,-0.224020635,0.478019162,0,Normal
-3.19646275,-0.258926142,1.045964384,0.084429235,1.196758234,-0.01952797,0.055506174,0.872419234,1.804548422,-1.64521991,1.965826324,0.954953429,2.479575987,0.049587445,0.859927466,-0.583970636,-0.130735085,-0.719921445,-2.128428287,1.203269467,0.818602607,1.827578345,0.939035029,0.742184295,-0.04995714,-1.961249404,0.338683356,-0.444533063,-0.985825339,1.079122151,1.570543121,-1.985623699,-1.517500274,0.088932635,1.299379192,-1.011732209,1.718839251,-0.622118885,-0.683253424,-0.776395046,0,Normal
0.717016589,1.448313695,0.458405639,-0.3855317,-1.724501676,-0.078848589,-0.001323052,0.152091367,-2.483257827,-1.185582836,-0.342852056,-1.581872409,1.930043181,-0.109615995,-0.038811632,1.145367748,2.350768228,-0.167159901,-0.928616047,-0.867229845,0.582020816,0.224236864,-1.012919415,0.666180683,-0.666454493,0.384735453,-0.314940255,0.324783172,0.967729046,-1.120478848,-0.424666969,1.453471924,4.17160749,-1.68028924,-1.117015117,-0.667194536,-0.380829542,-0.880873774,-1.226195487,-0.976913739,0,Normal
2.183314123,-0.324120623,0.307475853,0.420907741,-0.933202782,-0.133897606,-0.613692991,-0.923702354,-4.100862124,-2.862911103,0.2985786,0.465027772,-3.504861202,-0.094935788,0.723288778,0.146604577,-0.023607704,0.502165375,-0.598556098,0.950512922,0.099513784,-0.253100842,1.203682482,-0.639973664,0.426764784,8.119948805,0.688972134,0.137014805,1.166740046,1.612411412,-0.847534086,0.178873024,0.802174991,0.060103234,-6.437159821,-0.974847859,1.599327781,0.610908715,1.176004731,1.020017693,0,Normal
-0.427491441,-2.080832232,-0.911728705,0.131885083,1.082408273,-0.653921894,0.122802232,0.135977668,-4.19860323,-1.836177726,-0.413612575,-0.97098487,1.255425734,0.952551131,-0.472285514,0.323732189,0.112285174,-1.006891577,1.414384515,0.26764978,-1.25068049,0.95924616,3.243518438,-0.246111782,-0.440821447,3.431359364,1.180449907,-0.901673287,-3.003553438,1.040227972,0.37984634,-3.051249412,2.282816206,0.143346976,-0.249257028,-0.7338231,1.707952353,0.232771123,-0.039205015,0.563468454,0,Normal
-4.601412925,-0.857050394,-2.406017395,-1.079114416,-1.397700992,-0.026864125,-0.730332407,0.24177332,1.975795885,1.56304912,0.134067819,1.751592628,0.554217127,-0.728088821,-1.136337676,-0.201919345,-0.955818651,-1.304023427,-1.878297797,-0.878658045,0.091431317,1.860687988,-0.015901372,1.019576585,0.985407176,-2.384047986,-0.042898261,0.060342268,-1.673505576,1.227228651,-0.221286854,-1.084472377,2.444512206,-0.520537128,2.804583168,-0.432924918,0.865033846,2.622591064,1.046456473,-0.903255824,0,Normal
4.976369005,-0.85613565,-0.19340399,-0.590513643,-0.531591318,1.359493702,0.179416656,0.440269306,-0.701131518,0.636303289,-1.410964717,0.43233421,-3.412394951,-0.968795489,-1.014088498,1.243564651,0.484367761,-0.763491961,0.034596135,-1.046119305,1.381151205,0.226556338,-3.535905406,-0.479161398,1.636519537,2.911955295,-0.319865985,0.260010427,0.503962338,-1.324184416,1.582795513,2.889326629,-0.248428893,-0.440596708,-2.720945325,0.635070398,-0.958768266,0.349933276,-0.788725153,0.517346925,0,Normal
-1.494375074,1.886733912,-1.287668089,-0.470110005,0.116347888,-0.528764051,2.464551068,-0.383877879,-1.996496472,-0.171567521,-0.209634429,0.282056879,0.555639076,1.058740077,0.554294772,-0.480242106,-2.630157119,-0.081582148,-2.037946331,0.02475342,0.513161005,3.779039183,3.976357256,0.561651684,-1.784705221,1.497162173,-0.272764634,0.836425567,-5.007291606,-0.246161636,-0.218875931,-0.445690547,4.907932892,0.883918131,-0.713622888,-0.730916402,2.1746248,-1.053092354,-0.737336724,1.526834959,0,Normal
2.329434696,1.014675118,0.52920883,1.076510069,0.1611755,-0.280719905,0.235447799,-1.383256317,-2.323792217,-1.612486321,0.446725161,1.411023837,-3.046934578,-0.953679471,0.0841209,1.349765558,0.794662621,-0.769308458,-0.350771988,0.025740779,0.54141659,1.579605379,-0.154291008,-0.482980358,0.141774911,4.528702406,0.820624092,0.459238191,-1.955913124,-0.823142112,-2.147555579,1.694836286,0.844997496,-1.096453356,-2.940544378,0.044971327,-0.221248482,0.157124445,0.195049519,-0.019079283,0,Normal
1.481455323,0.04080258,1.092578016,-0.999888108,-0.126325096,2.853386733,0.540859943,-1.042462691,-4.205414414,-2.70773743,-0.982720916,0.223618971,-0.913224436,0.422592878,0.144217668,0.067192408,0.317892339,1.11855067,0.849040674,1.774289617,-1.251622312,4.988630955,-1.083620606,-1.012954951,0.069436368,5.888396231,1.493004799,0.013885201,-7.476778935,0.998692198,1.809852567,-3.684215462,0.844729758,0.042884695,0.923034858,0.08131071,0.004550118,0.988802318,0.336506326,-0.246207235,1,Intrusion
0.768932748,0.912439347,1.425977991,0.207113556,-0.145792736,-0.012708962,0.101611374,-0.323884345,-5.016982145,-2.852500404,0.506526013,-0.899121795,-1.700158781,-1.810665363,-1.574532191,-1.237434544,0.97111146,-1.548646201,-0.252877559,-2.817497658,-0.208021451,2.050258892,2.009871254,1.357852546,-1.944017795,3.396235191,1.242531658,0.472873963,-5.265159911,-3.487661548,-0.139436218,2.905156195,4.423998665,-0.759792736,-0.20450261,-0.388256496,0.034698526,-0.668761331,0.970289299,0.97911909,0,Normal
-2.50955968,0.903227812,-0.274507763,0.037599029,0.554001027,2.115071265,0.900919447,-0.875973296,-1.515014453,-0.349377965,-0.204411291,-0.309574716,2.366956832,0.527059362,-0.008393131,-0.693924005,-0.248036746,-0.012811152,1.121855026,1.578019521,-0.796264672,-1.679910972,1.06619173,-0.155799895,-1.138994033,-0.601449721,1.63267496,-0.127665817,0.122602362,1.634770934,-0.842957114,-3.627541668,0.265646365,-1.059163576,3.045328041,0.183279788,0.814045362,-0.236601379,-1.537276775,0.654814174,1,Intrusion
3.442285114,2.126666871,0.488488511,-0.723645291,-1.558598297,1.19266182,1.204578163,0.156804111,-3.496584169,-0.206981321,-1.929315222,-1.445659548,-1.560019509,-0.767162095,0.145092468,0.862833127,-0.028020182,-0.382150691,-1.548733004,1.624444612,1.21197507,0.402385985,-2.467388246,-0.243902487,-0.616613321,2.526438735,1.120217367,-0.018246698,-1.880728759,-2.207778005,-1.641025868,2.023236058,2.931256047,0.155247942,0.080546008,-0.430251737,0.596958138,-1.332539348,0.426669145,0.337115052,0,Normal
2.453331016,0.912156423,0.245660071,-0.150484637,-0.208981226,-1.188953536,0.214993208,0.227069867,-4.11686191,-2.145956347,0.731054413,1.369060016,-3.261111494,-1.950811526,0.694209946,0.100620076,-1.277504052,-0.053402065,-0.737342943,-2.043317772,0.573919411,0.496193988,0.909242967,0.808192029,-0.162996942,6.098512597,0.499012636,-0.679677474,-1.335844001,-0.585002749,-0.322916134,1.488317784,1.822933422,-1.119350977,-3.822791206,1.262373341,-0.46780553,-1.955331948,1.557571969,-1.490922679,0,Normal
3.600004126,1.428589269,0.53610448,0.16460895,-0.282095681,0.00748152,0.916810113,-1.275698079,-0.703441238,1.135858827,-0.758038018,-0.347790347,-1.963100102,0.694004355,-1.324172799,0.527165951,0.712002575,-0.692764664,0.644918982,-0.912119684,-0.21747198,-0.02076147,-3.100829099,-2.235979217,-0.40997166,2.198056792,-0.041894981,-0.790398236,1.163869998,-0.22812281,-1.034099261,1.497712902,0.883327799,-0.244920008,-2.167858958,-0.216610522,1.111457071,-0.118238566,-0.195026482,0.356687986,0,Normal
0.607750167,-1.082197029,2.092222964,-0.251178278,0.45823593,-0.17291767,-2.563511106,-0.104486114,-4.690869342,-2.61026096,0.577501091,-0.572021097,1.688181775,1.433721721,0.255941527,1.631873397,-0.160303674,0.819972353,-0.658130658,-1.161910904,-1.218237573,1.468565347,4.006669877,1.093181372,1.127011037,2.63420528,0.355663305,-0.40788025,-4.141874658,-1.147678462,0.217182719,-1.127834033,2.732636316,0.465365488,-0.311521132,1.520022033,0.855539108,-0.152747065,-0.098906145,0.425201606,0,Normal
1.814914044,0.087373605,-0.846252199,0.001511736,-0.078482817,0.111634814,-0.679508363,0.365937498,-4.63359207,-2.729739372,-0.673292159,1.22638094,-1.451560797,0.345643234,-1.617176008,-1.517381297,1.210557294,-0.302251588,-1.254179077,-0.22266991,0.53538492,2.103652533,-2.137907745,-0.457584019,-0.903035709,2.598702929,-0.478105646,-0.928029764,-4.779056936,-3.799205707,-0.151410679,3.011574973,3.799434424,-0.033988147,1.538979128,0.6293974,0.818174808,-1.661988749,0.995295977,0.981015072,0,Normal
-1.945836935,0.592668929,-1.062060891,-0.459970222,-0.748374908,0.180951409,2.793033565,0.788872524,0.556608741,-1.155519145,-3.16564757,0.0561053,1.683251932,1.55728869,-1.503291327,-0.826294408,0.816172515,-0.713745703,-0.91051897,0.694779829,-0.339876869,3.543479655,-0.423654775,0.767618543,-0.32254877,-2.520586859,1.269788094,0.03946597,-4.447824488,-1.86584781,1.851021979,0.576426196,1.419791648,0.865633985,3.206089331,1.979132048,-0.190552212,-0.62209341,0.082236152,0.809473804,0,Normal
-0.490497984,-0.412738772,0.099083885,0.448085896,2.108937466,0.596946283,0.988434181,-0.485665399,-4.356695955,-0.582043951,0.123384251,1.303384811,0.070821902,-1.947823357,0.335437733,-1.467504955,-1.317355686,-0.636365006,-2.345920718,-0.771868307,0.006380361,1.392435995,2.809419857,0.589804129,1.134989201,4.040009262,-0.367178199,1.194755715,-4.159284704,1.379876246,-1.144940178,-3.361053949,3.250683607,0.413593069,0.448234463,-1.231338326,-0.11279561,-0.013035098,-0.568407318,-0.365101083,1,Intrusion
2.181718633,0.341913644,-1.433863572,0.507466943,0.043355766,-0.111823141,-0.377631954,0.456608433,0.478772519,0.456270479,-0.700527143,-1.547484689,-1.338141561,-0.071941848,-1.079952803,-0.61403076,0.737260203,-1.444896256,-2.797069534,-0.602479793,0.753518808,2.913072898,1.066830585,-0.263459318,2.344998509,-0.646580438,-0.872467077,0.83727936,-3.033090571,-3.611422243,1.246433949,4.665357789,2.316265088,0.07575326,-1.817691415,-0.456754404,-0.29076314,0.224228678,0.310593079,0.691755332,0,Normal
-1.203796741,-0.318260332,-0.064136282,-1.289270655,1.153654581,0.330439363,-0.124184125,-0.458435267,0.990225104,-2.63090081,-1.275864457,-0.346531919,-0.311695419,0.976261098,-0.566931148,0.601309742,-0.368983474,-0.108280508,0.623142173,1.030961785,-1.390741498,5.553793266,-1.594300311,-1.553261385,-1.104861328,-0.062557338,-0.59621771,-1.241023531,-6.002671413,-1.308766812,0.170266346,0.383852206,-0.830993798,-0.122893666,1.912359586,-0.022868088,-0.473214311,-0.052408065,-1.610694455,-1.243312663,1,Intrusion
-0.952228724,1.690239218,-0.730479012,-0.364871109,0.442566708,0.405487328,0.589580647,-0.411716758,5.342197964,0.82248591,-0.434290966,2.789419073,1.72391783,2.734685054,-1.093395918,-0.663850447,1.610401875,-0.934048348,0.428578494,-0.19887831,-0.129270318,2.766261914,-0.865118568,-0.274981124,0.211341376,-5.013999804,-0.603153701,0.902410881,-0.348871708,-0.838224527,0.463099307,1.358601452,-2.290528325,-0.221995397,0.581842801,-0.883811917,-0.307933249,-0.403572228,0.055299085,0.443174262,1,Intrusion
-0.097257815,3.198839863,-0.415390606,0.90862175,0.341737912,0.112183483,0.195151753,-0.802606039,-1.766511584,-2.906177348,-0.193998594,-0.565898792,0.209760701,0.57747089,-0.749957046,-0.087525072,2.392427688,2.291822704,-2.351900889,-0.825796969,-0.966912409,2.961222567,-1.178347729,1.157076766,-0.328859117,1.670306558,-0.227227791,1.517153755,-2.83301426,-1.118395682,-0.382051915,0.848635186,1.650990882,-0.384457587,-0.201173679,-1.122882643,0.161971259,0.881213737,-0.607981357,0.510869902,0,Normal
1.076895123,-1.472752706,-0.138982225,0.218755663,0.379408977,1.286612827,0.050454763,0.164486597,-0.351254695,-0.247070731,1.393273123,-1.239958079,0.801816023,-1.630844812,-0.124701636,0.574588804,0.421288781,2.865787684,0.344279053,0.387363235,0.075312393,-0.492327069,-2.555956705,-2.602856613,0.302939456,1.174659369,-0.22867438,-1.690757442,3.809058657,1.25473345,-0.68822356,0.295000504,1.491136363,-1.788974809,-2.896142437,-0.663672449,-0.908108973,0.69148167,1.117367482,-0.792531435,0,Normal
-0.081335819,1.285047902,-2.207906738,-0.372031733,-0.02269354,0.542024985,0.227910877,0.987151756,-2.723065565,-3.139781794,0.623240574,-0.26032784,-1.54006477,-0.116329863,0.216869121,0.821787964,-0.300819965,0.537392833,0.188938623,-0.408736399,1.700297664,3.181137854,-1.092972149,-0.758426079,0.002947528,2.592188493,1.814133564,0.254705863,-4.553295629,-2.210839037,-0.237323788,2.003633416,2.326031848,-1.15159697,0.47085483,2.281438397,-0.694974484,0.354908561,1.365240445,1.266374254,0,Normal
-0.818763926,0.789793712,1.732553299,0.546864038,-1.118196093,-0.686868342,0.338953507,1.396319533,-4.537170583,-5.292674976,0.483818097,0.260026457,-2.750412206,0.396308284,0.30624328,1.102788245,-0.343975463,-1.867801947,0.437454416,-0.710632942,-0.024636068,1.665073501,1.471348975,-0.469282424,-0.960387283,7.618556947,-0.951491069,0.544650465,-1.719465005,1.063516883,-0.34132889,-0.189481734,1.220981196,-0.281665138,-4.116818163,-0.342052458,0.974262873,-1.330593544,-2.305743575,-0.212676244,0,Normal
-3.747491487,-0.182815834,-1.369785436,0.491142061,1.509941269,-0.625061996,1.396063554,0.987852749,1.542035448,0.026621854,1.065023161,1.297529895,1.260784723,-1.695042781,0.069210669,-0.72955304,1.157532989,1.164044462,-2.611759743,0.193513792,2.365317758,2.806081664,1.295026093,-0.64417332,-0.942839727,-0.804083492,-1.047360587,-0.064815287,-2.14713855,2.022454413,0.825245119,-2.443296037,0.851979694,1.899587214,0.982823281,0.806217514,-0.296497834,-0.534482693,-1.341718072,-1.628605002,0,Normal
-0.299914457,-0.843137652,2.078938929,0.885501091,-0.577643475,0.500312527,1.817327706,-0.07349192,-3.544408265,-2.024816608,-0.533012994,0.175435544,1.798754529,0.130072828,0.031141417,0.697423456,-1.760673167,0.210365352,-0.899168762,1.265350188,-0.451798141,-0.894946989,0.97617202,-1.510864133,-1.59117001,1.253356972,1.780070145,-0.253867848,-1.092391649,-0.113160777,-0.618388866,-1.891554881,1.033446559,0.014955956,1.602667929,-0.783474279,-0.403964036,0.446014827,1.317180654,-1.030670992,0,Normal
1.620013882,-0.734076104,0.565102846,-0.987497763,-0.303044505,0.180860143,0.979070448,0.606284171,2.369471551,1.263320686,-0.216778691,0.351446952,0.247554139,0.273742953,0.815966673,-0.343255842,2.161583773,-1.05143104,0.617630008,1.630746526,0.940981852,2.456635941,-2.386318425,0.137843794,1.259525382,-2.39256207,0.526733386,-1.329389749,-0.714562425,-1.806267295,1.767978723,2.725121678,0.824982466,2.372221073,-0.336961429,0.947892134,1.703430952,0.698376627,0.210071888,1.344762477,0,Normal
2.958357355,-2.943869509,0.485653128,-0.709324302,1.407617861,-1.285448781,-0.115248537,-1.319802697,-7.861423437,-3.727372268,0.633877373,0.574321825,-2.331487198,1.690685363,-0.27817467,-1.191757585,-1.173997822,-1.713533066,-1.263541566,-0.74335156,1.237702622,2.810150603,3.32923734,-0.271440399,1.483928363,7.91167382,-0.466110442,-0.518485777,-8.908801419,-1.413053982,-1.29664709,-2.012025479,1.702898765,-0.973083126,0.237513381,0.389490194,0.299053939,-0.766202809,0.122867377,-0.120778475,1,Intrusion
-4.922391152,-2.001665649,-1.067005934,0.002653556,0.635199266,-0.025001309,-1.087206884,-0.174742761,1.410730612,0.552614333,1.460781789,1.013316282,0.287366071,-0.289616358,-0.340833864,0.221192459,-0.847993558,-1.126939252,1.619640877,0.081792148,1.724430455,1.527403253,0.230206772,-2.378898856,1.21079458,-1.436399636,1.224328074,-0.045868719,-1.638973867,1.604192287,1.543291314,-1.655842006,1.590863947,0.704283578,2.714789566,-0.769233703,0.080078824,-0.858057085,-1.053797969,-0.534431834,0,Normal
0.067468232,-0.397738528,-0.627163229,-1.075112429,0.836428525,0.343067285,-0.563237658,-0.371010102,-6.786606023,-1.440229272,-2.134607844,-0.103487899,0.037755534,0.298653579,-0.301074633,-0.952496528,-1.074313725,0.563299115,-0.605455528,0.71842859,-0.039827274,-0.733836317,2.1877825,0.243624355,1.019759335,3.607654328,0.338768764,-0.358288624,-3.788714573,-1.104718799,1.324000383,-1.183761605,4.911659645,0.738617591,2.085393332,1.990532518,-0.06046155,0.167038917,-0.418354483,-3.768876232,0,Normal
-0.560391153,-0.197688847,0.28940197,0.813652872,0.644457377,2.094269757,-0.357531574,0.68545553,-0.248995418,-1.044094665,-0.204951145,-0.179424197,-2.07279952,-0.662710967,-1.441895985,1.253943887,0.935962301,-0.755775314,0.934957141,0.66360212,1.043003138,1.641540324,-3.333389798,-1.014299531,-0.737791298,2.36978765,-0.862253214,-0.587878986,-2.342806464,1.322590087,2.593222175,-1.833473841,-1.714456621,0.617463851,1.875888538,0.781626315,0.522411839,1.096031358,1.344073907,1.281356502,1,Intrusion
2.158401442,0.78927388,0.901427696,-0.1907601,0.576319144,-1.472432046,-1.694482896,-2.453408904,-8.398883576,-2.941248053,1.755266545,0.946062027,-2.827860911,-0.358417881,0.287528539,-0.13689366,-1.909773666,-1.845290893,3.659229999,-0.521284,1.070336983,-2.014294174,3.127339245,-0.151021136,-0.222229654,5.161352509,0.155193038,1.391534048,-6.229467222,-3.626128023,-0.629558359,0.308785706,1.660364452,-1.569779256,3.313354069,1.01011598,1.4767839,0.531986172,0.040043583,-0.089524967,1,Intrusion
-0.020566087,0.249761208,0.805944225,-0.998444919,-0.372608157,0.478572665,0.042064073,1.959490557,-2.819412713,-1.903055445,-2.253822208,-2.071561678,0.483842056,-1.024146928,1.093825225,0.337149385,-0.17277412,-0.268431177,0.213981797,-2.644695894,0.306258027,0.826663701,-1.860046616,0.589547863,0.213436883,2.724093893,0.99647321,0.673759599,-0.179297898,0.694897467,1.519504917,-0.761803303,2.535584402,0.543245911,-0.601504075,-0.026719613,0.610484531,0.059579123,-1.325944844,0.112877299,0,Normal
-0.194113409,0.689044745,0.846343669,0.146861127,0.488016142,-0.553629701,0.310351302,-0.416472237,-2.082764226,-2.505250726,-2.407155397,-0.45340065,3.017029376,-1.353721637,-1.143725282,-2.010127793,-0.086983401,-1.22921121,-0.639471377,-0.818281414,2.267665719,1.337055884,3.289451236,0.69408402,1.436251342,-0.51837683,0.49915987,2.393351533,-3.283664381,-1.459367624,1.110127015,-1.041975509,0.294839973,0.972806579,1.119208295,0.098417953,-0.447428732,1.169158035,-1.295370941,-1.081516195,0,Normal
-1.028461321,-0.905761993,1.066866088,-0.43813268,1.813174053,-0.553081359,-0.315483419,1.915647925,-3.043288999,-3.06747728,-1.044776004,-0.141288987,-1.127441121,0.355605039,0.308548671,0.467435717,-1.175853521,-0.672846922,-0.676610346,-1.78764127,0.632623357,0.709172444,0.907568632,0.204601233,-1.74167422,4.039857652,-2.028474879,-1.013966051,-3.311851364,1.159094113,0.722214444,-2.957064116,-1.474020726,-0.323915203,1.198080709,0.935344485,-0.099174786,1.792900959,1.255938573,0.818403112,1,Intrusion
2.068608188,0.835278551,0.905948054,1.06756149,-0.104055232,1.188468217,2.591209638,-0.111946126,-1.425267193,-0.906522624,0.969421193,-1.616919331,-2.001955341,0.62999995,0.324077537,0.245824924,0.136985792,-0.505259571,-0.149510629,-1.261551331,-1.38548257,2.136816779,-0.86018564,0.901482591,0.916325628,2.132194793,-0.200502276,1.361050768,-2.506532737,-1.995403421,-1.147378521,2.648146653,1.704321202,-0.849576515,-1.429117353,2.409265998,-1.74283976,1.735226644,0.388239168,0.325387557,0,Normal
0.538518848,1.364342493,-0.683180282,0.884971544,-0.266078091,1.144370541,-1.725178686,-1.572569573,-1.671952362,-1.996853562,1.021766989,-0.985087247,-0.035313852,-0.816144719,0.530758755,0.343349785,-0.90769608,-0.046180401,0.680186665,0.992322167,0.525994985,0.924734793,-6.055716957,1.087351411,1.087473181,2.278494101,0.649990871,0.019089597,0.709664276,0.903407985,-1.981722719,-0.67131333,0.872653912,0.262475015,0.613580263,0.840382847,0.549858872,-1.170126787,-0.368803222,-1.079957927,0,Normal
-0.698904557,-0.167645666,-1.291561883,-0.725435298,-2.406331358,-0.719791364,0.604859414,1.195447702,-1.293963108,-2.041559902,0.459397068,1.097896311,-2.27644668,-0.17534076,-0.052629452,-0.529704429,-0.334460792,-0.585078505,-2.090106241,-1.415798588,1.004244809,1.633692528,0.716631528,-0.295713156,0.851035516,3.643322548,0.43227228,-0.566242985,-3.787304449,1.162626303,0.735285235,-2.324592879,-2.388197058,0.342685816,0.690200818,-1.073281577,0.315208522,1.998578692,0.802686181,0.810125957,1,Intrusion
1.028837718,-0.800487819,-0.526863971,1.117225937,-0.18149692,-0.07797845,0.531228947,1.757012603,-2.913719623,-3.793377534,1.503726908,-1.705183441,-2.722560354,-1.112202704,0.413864399,1.078633692,-1.030837376,-1.395489742,-0.980139664,1.544009174,0.85712313,1.958832512,-2.579436869,0.541561232,0.885869415,5.038518832,-0.763578388,0.095475703,-2.029149274,-0.49149532,0.364616349,1.073818339,0.251162607,0.718676563,-1.556626814,-1.613144241,1.109065263,-1.222957943,0.947882137,-0.324395716,0,Normal
-0.505228133,-0.345445298,-0.25116324,1.799614217,-1.40517936,-1.174322192,0.053703016,-1.006839252,-3.149350385,-1.860511127,0.661925707,0.139143149,0.989823455,0.664538065,0.559215388,0.805191123,-1.37537067,1.641754829,-2.102075202,0.348532527,0.93604657,2.998626871,2.772667813,-0.612424818,-0.194661114,3.283215169,1.069225627,-1.004261358,-3.710163101,0.735364996,-0.871802533,-1.852070663,3.186799682,1.740382311,-1.44348841,-1.81606107,0.159163435,-1.167722852,-0.992590138,-0.571892267,0,Normal
1.382919962,-1.765153005,1.705937962,0.850629014,-1.01034279,-1.106321497,1.291993234,0.541154049,-0.344346692,-0.891968082,0.195548723,1.268432073,-0.735456118,-0.325964002,1.314622004,-0.360680648,-0.250083294,0.184544684,1.901757727,-0.616913508,0.431117962,0.746144333,-3.335327782,-0.768397209,-2.014943857,2.018477701,2.300936354,1.23936685,1.260107426,0.709289764,2.30408459,0.30678428,0.039532669,0.608448451,-1.720310365,1.71576999,0.247012559,0.283382852,-0.803562983,0.132404631,0,Normal
-1.239040154,0.089159607,-0.661612296,0.988019883,-0.691100448,-0.176126936,-1.337650263,-0.947183376,-3.029080958,-3.198396698,-0.336355848,-0.540033272,1.333580466,0.170134975,-1.677825765,1.238390844,0.801246238,0.258364911,0.052772446,-0.353617954,0.986627061,2.442784701,1.586432664,-0.260624936,-1.229804866,1.377163323,1.311056987,0.781974538,-5.14116541,-0.9124279,0.047129719,-1.606179293,0.949649392,0.028307452,2.306925871,-0.534591134,1.007932787,0.060276176,1.312063451,-0.521652714,0,Normal
2.830863516,0.278882451,1.306955619,-0.181694757,0.280463911,-0.244178289,1.101119979,0.815701212,-1.660046666,-0.63609857,-2.289395052,-0.442521895,-0.925802773,1.069377032,-0.345336771,0.907650721,-0.946533191,0.253058022,0.155712474,-0.452948419,-1.482345487,-0.149093097,-3.029222309,-1.647838184,2.344036831,2.380767065,1.238962501,0.708776645,1.412500742,-0.382669675,-1.276244552,1.324839715,1.047529508,-1.367043471,-2.019603951,-0.977951113,-0.397521092,-0.075163563,0.26946313,0.470321813,0,Normal
1.640157859,0.745824587,1.494179185,1.005055134,-1.470517967,0.654702138,0.088121484,0.511430794,-1.06648408,-1.995015358,-0.519594387,-0.805606438,-4.771153396,1.25083664,3.477822554,1.933825689,1.394748286,1.134623556,0.062110072,1.31437045,-0.600162032,1.946804814,-2.670582616,-1.440014445,0.672966952,6.627669602,-1.914348339,-0.522600061,-0.708201455,1.883210059,-1.35757487,-0.11842694,-1.606420884,-0.688650809,-3.784155755,-0.642492536,0.239228427,-2.976044231,0.883322713,0.142994626,0,Normal
-2.726275134,1.417277182,-1.582008359,-0.269226327,0.339671407,1.635750018,-0.738226555,0.945734637,-0.848212894,1.281337535,-0.909281878,-0.888744612,0.10266196,-1.285915584,0.821238325,0.528937328,-1.046883166,0.193911021,0.09924898,-1.630585957,0.928984943,0.920648947,-0.597117946,-1.186192731,-0.355249872,1.108382399,1.04148817,-2.210350554,-0.853539268,2.516686631,0.573009131,-2.598520499,3.424589336,0.881477997,1.275042982,-1.787718881,0.216601523,0.028964224,1.444793365,-2.064672235,0,Normal
3.969192527,0.397138417,-0.506523064,-1.230339849,1.255171859,-1.587103079,0.711476088,1.619693078,-3.704978822,-1.072424211,-1.411316458,0.601922998,-3.308397911,-0.703860834,-0.429132403,0.234134169,0.825555606,2.021045387,-0.346121586,-0.525131295,-1.84489144,0.093732288,0.157152686,0.122036928,0.450440571,4.795350114,0.816288288,-0.228009696,-1.363882516,-1.925581537,0.499625905,2.724853219,1.742980982,-2.628153475,-3.145922276,1.46027051,-1.636265903,-1.017600336,0.373626623,0.575302847,0,Normal
2.658656973,-0.108731929,0.024187295,0.878595244,0.158853298,0.594669883,-0.036756786,-1.722135649,-2.73734407,-1.059763496,-1.34841697,1.489211212,-2.354004095,-0.583372391,0.086697126,-0.857411622,0.548452955,-0.488996153,0.706231924,0.684790799,2.445593636,-0.780203265,-0.705314207,1.149150023,-1.103835009,5.040765936,-0.894055661,-1.055750589,2.011164908,0.658887454,-1.164569783,1.025530894,1.290815265,-2.678913182,-4.539729502,0.19381825,0.454055372,-1.182547796,1.76743887,2.264439643,0,Normal
-1.584116349,-0.374705577,2.386248105,0.563119143,0.176918423,-1.073229646,1.213952605,0.436329305,3.076909317,0.317236716,0.837890235,0.04881574,0.230810915,-0.860102649,1.56603524,0.121371599,-1.920829446,-0.383370647,-0.10258625,-0.336095036,0.069211411,2.624672413,0.097318777,1.289474186,-0.106830143,-2.368188351,0.55836945,-0.87090972,-2.041933798,-0.268741367,0.162124271,0.320774639,-1.232712083,0.193052925,1.011301528,-0.907377001,-0.256692437,0.88751732,1.747138865,1.490911664,1,Intrusion
-2.996117264,-0.191590922,0.900910221,0.17847498,0.781353188,-0.57615028,-0.397511202,2.187757527,-0.820844726,-2.072232411,0.189935375,-0.746352536,-0.244633131,-0.781054355,0.653472783,1.050868259,1.02673084,-0.175611732,0.387713042,-0.917633359,-0.304487399,1.656859137,-2.393380469,-0.151228929,-0.707832666,0.821999308,1.613133957,0.219081209,-2.576105627,0.775177091,-2.048786531,-1.689062858,0.165272318,-0.110643215,3.275972988,-1.212479991,2.801448952,-0.8027379,0.348520663,-0.362071602,1,Intrusion
-2.327549191,-0.852501771,1.294741387,0.981554353,-0.089639616,-0.21563981,1.00142225,-0.174121823,5.96930742,-0.503471871,0.648742482,-0.017233239,2.092915303,2.264052168,0.733285229,-0.238438979,1.186242072,-0.737214894,0.283632698,0.935741131,-1.324895929,4.960594688,-1.544247052,0.077119731,-0.850326247,-5.773945729,0.191450644,0.350969184,-1.852116483,-1.675392828,-1.21313167,2.498598464,-1.438892649,0.640815319,0.956911198,0.667914743,0.055095054,0.860038294,0.364516395,-1.258581432,1,Intrusion
2.391701007,0.342231866,0.136974708,-0.231519868,0.251137704,0.355242802,0.083802488,0.115222573,-9.800380544,-3.914246162,-1.746052243,-0.834038801,-1.901323163,1.525342757,-1.7596814,-1.277244246,1.297937282,0.132495451,-0.535917411,1.83010711,0.601714847,0.633724024,2.447617641,-0.997157017,1.231382101,8.429920983,0.932518342,-0.072735974,-7.371374622,-0.993939318,1.420188111,-2.747701667,2.987524654,-0.969275472,1.439473111,-0.504179182,0.114656731,0.382272595,0.677738322,0.301311128,1,Intrusion
2.571337062,0.106720347,-0.011068834,0.967036069,-0.792513305,0.695372472,-2.006748734,0.020357037,-2.628340396,-1.249452168,-1.475816566,0.632861435,-1.713251962,-0.034808743,-3.033329159,0.916486784,1.181809946,0.42069567,1.116015622,-1.309415444,-0.995247816,-1.902992264,-2.149208568,0.898175465,-0.25310293,6.003168713,-2.241123253,-1.380595821,5.139768068,2.807625148,0.56833936,-0.518936406,0.68690121,0.861789741,-5.90653581,-0.982517679,0.095670483,2.147445094,0.080292804,-0.356650145,0,Normal
-2.37274942,-0.503150792,-0.226526798,-0.09367828,-0.398018235,0.924085147,-1.067295507,-0.629189605,-0.664376308,-1.773102744,1.880938353,-0.105458557,1.905078069,0.994281052,-1.436389586,-0.638357461,-1.009859823,-0.743661511,1.084529617,-0.988790506,0.82797886,2.256855488,3.279407352,0.312421001,1.197274525,-0.616131515,0.353878798,1.738001773,-3.747947066,-0.348641842,-1.474231322,-1.369370725,0.634681405,2.487473469,1.403859996,-0.347490486,1.683573698,1.941303708,-0.389370605,-0.185367978,0,Normal
4.297779318,-1.097578664,0.049260175,-0.835268488,-0.46538507,0.061369455,-0.563212689,-0.268998092,-9.695422549,-2.06417073,-0.677173345,-0.181514359,-2.754744438,0.068163316,-1.855045859,0.264920677,0.649006756,1.075957612,0.438214883,-0.249578883,-2.244083322,-0.817467238,2.703262558,-0.243453775,-0.382099074,6.162906308,-0.841796637,0.655013403,-7.878765044,-4.105769543,0.588239544,0.283320641,3.51573079,0.518905678,2.954054715,0.111950008,0.276900906,-1.626157626,0.7091688,1.065561252,1,Intrusion
0.613575423,0.686983531,1.079828228,0.07006333,-0.057615701,0.24814917,0.957228694,0.298029835,-0.998247117,-1.854021097,-0.671697155,0.561646389,-1.899896167,0.196945131,1.761897257,0.990715012,0.118766531,0.502686713,-1.03514954,-1.430122465,0.385479106,1.166766224,-2.304696935,-0.110759636,0.516615945,4.505714735,0.144223388,-1.283167741,1.299566532,1.99896085,0.81199187,-0.318889461,0.141059196,0.199443024,-3.620123,-0.220659571,0.027873963,-0.074312327,-0.21721253,-0.081435403,0,Normal
0.148531293,2.009386467,0.173058252,-0.399899949,-0.146023263,0.218484338,0.953540517,0.524558316,-0.629241272,-1.911123232,0.038122584,0.99697442,-1.174941253,0.332084491,1.215820523,0.568769822,0.865298317,-0.019216153,-0.435667806,1.496310894,0.03798333,2.856015484,-1.958140034,1.567666901,0.192928221,1.286722752,1.256847484,0.930521008,-2.747149727,-1.355656608,0.080252875,1.701640756,0.973801131,0.471818412,0.002293368,-0.696364914,-0.062467287,-0.217401298,0.074007386,-2.680400195,0,Normal
-1.186830654,-0.704598968,1.117796459,-0.178425263,-0.15309377,0.691255443,0.322169313,0.507263398,-4.098394559,-0.175936919,0.650429736,-1.683156012,0.025162338,-0.289633338,0.090941681,1.770488232,-1.33758133,0.696536763,-1.161399119,-0.612974048,0.402086491,0.366424924,0.414458215,0.227002683,-0.531453263,1.72742763,-0.589235019,-0.515390889,-3.791787884,-0.318207257,-0.03849282,-1.561997984,4.0920109,0.015844109,3.310021062,1.437639061,-0.333958057,-0.518559854,0.256674132,0.574661376,0,Normal
-0.600743337,1.368624506,-0.545442638,-0.610718798,-0.279573762,0.265930965,1.274334485,-0.865707386,-5.717993294,-2.761023151,-0.207770045,1.511331881,1.25673355,-0.505432755,-0.065284787,2.345337677,-1.135900808,-1.555684502,0.551811419,1.250693616,1.928461534,-1.026689777,5.028236573,-0.115364675,2.481341665,4.11494676,0.362140492,-1.739088844,-2.236670082,0.768296675,0.644985699,-3.187262181,1.854517721,-0.328874867,-0.296465361,-1.910314621,-3.312612984,0.200343769,1.332944301,1.685030398,0,Normal
-2.071811418,0.675708885,0.850267447,-0.137853653,-0.022347651,0.959763492,-1.276704314,0.816495454,-2.425079795,-1.984016101,-0.555114758,0.019297785,1.354532774,-0.674496812,-0.669907839,-0.237606673,0.538195514,0.413761458,-1.498548011,-0.272884034,0.829575943,-0.596456857,0.335204464,0.804704057,0.441245603,0.71722671,0.958962787,0.577171068,-1.727491487,0.744483176,-1.423271758,-2.994190422,-0.250581918,-0.874098175,3.304590834,0.5952036,0.193928019,-1.029651074,-1.704795495,1.06729054,0,Normal
0.480050559,-0.752538329,2.025680738,-1.830926082,-0.793553829,-0.792986361,0.407355809,-0.46837769,2.506019462,-0.896457734,0.012206182,0.158631264,-3.234821055,0.385137129,0.826704317,-1.616305568,1.515743863,0.665002018,-0.557715278,1.436801438,0.596540933,5.03467055,-2.749228027,-0.786068629,-1.015685697,0.860268944,1.778740331,1.152556388,-4.7142535,-1.096283275,1.045166578,1.827055428,-2.09962099,0.377830257,0.125217049,-0.211796106,-0.290865992,-0.025450112,1.571357976,0.52250571,0,Normal
3.11168172,0.520757773,-0.660661777,-1.85251576,-0.924409879,-0.895003007,1.104255034,0.610391,-0.524408071,0.194146408,-0.392688328,0.748797958,-2.920791302,-0.712384467,0.361927899,0.766285063,1.714024546,1.945968513,1.972706717,0.45609098,-0.258341367,0.890970153,-4.029888575,-0.190441074,-0.147430823,2.382886868,-0.429653228,0.204437605,-0.682384956,-0.753831123,1.517153742,1.616407478,-0.340526888,0.601829443,-0.712196914,-0.230748786,-0.015881891,1.452238806,1.126549053,-0.863279846,0,Normal
0.572061404,1.568207328,-0.657177807,0.899983776,-0.472226001,-0.560692229,1.835993002,-0.824603806,-0.778782298,-1.578788691,1.012743759,-1.007097501,-2.207787605,-0.627899025,0.61746056,-1.397456967,-0.847942279,0.821895108,0.834391065,-0.92764678,0.836176119,2.804504575,-1.555924894,-0.317525002,-0.885161611,2.060364132,-1.516534791,3.680782173,-2.825680019,-1.44909129,0.107309162,2.256960822,1.22094971,1.465777707,-0.801057281,-0.270507912,0.585991367,0.064131084,1.097377479,-0.672983393,0,Normal
2.810526523,-1.051645478,-0.130349861,2.000591151,1.071376768,1.650276568,-1.255704381,0.034180542,-1.491120181,-0.96365403,1.033585299,0.594457769,-1.732765169,0.476689072,0.606557234,-0.209349876,0.901053074,-0.194847547,-0.522288284,1.379251472,0.36182074,-0.040265085,-3.113854108,-0.355143459,-0.796398044,2.521186337,-0.581680047,-0.339978126,0.833850823,-0.820883644,-0.250748198,1.814775748,0.317359832,0.290215593,-1.735674931,1.092876516,-0.571365159,0.849226119,-1.339074773,-1.251780368,0,Normal
0.112387032,0.633944318,0.729798467,-0.551686496,0.033155755,-0.550951205,-1.395844744,0.875519408,-1.976283823,-2.637306659,-1.607526975,-1.577508098,-1.359588464,-1.055889237,-0.39284729,-0.138660595,-0.547474453,-0.262836887,-1.907685224,1.306558313,-0.149705241,1.621125238,-1.361718727,0.481487608,0.572047149,4.489354776,0.151134395,0.80449916,0.118157265,1.273044768,0.377581087,-0.062022632,1.225311176,0.894282534,-3.173882104,0.540122318,-0.812314513,-0.768656384,-1.493420987,1.279259729,0,Normal
4.2298923,-2.383307499,0.953461513,0.200875262,-0.623844682,-0.384716896,-1.269106776,0.020344066,-1.583934359,-0.238028205,0.354720231,-0.016053403,-2.224759534,0.625720889,-1.059987608,0.271032972,0.123939209,-0.484442925,-0.260887934,-0.677616359,-0.23668038,0.155372124,0.832346621,0.518800514,-0.116745645,2.608293357,0.161120012,1.549779469,-0.219373358,-2.167609191,-0.022552206,3.320314138,0.71415991,0.271592643,-3.869411208,1.450519216,1.115416841,-0.62529948,-0.128479343,-0.45501879,0,Normal
-2.430354914,0.208725915,-0.451358262,-0.019096975,-0.480315807,-1.060732193,-0.52711477,0.016663993,2.221785498,-0.300093193,-0.42640821,-0.864958672,2.839919186,0.233589128,-0.028606188,0.542760322,-0.769808513,-1.44697597,1.400519033,1.626355201,-1.312125082,1.267849891,0.192383275,1.236070387,-0.095235863,-1.455218414,0.605836202,-0.50699621,0.966318131,2.782065716,1.630280116,-3.270278292,-1.402786399,-1.483160903,0.065302833,0.425912304,-0.450924461,-1.883811976,1.225020212,0.326172083,0,Normal
2.30110566,-1.427259681,1.286138837,1.731752058,-0.136876627,-1.045572947,0.497875199,-0.173689571,-1.635947107,-0.813919922,-0.089027371,0.883111623,-4.088215931,1.21376826,0.79686483,-0.179104131,-0.073522205,0.113731096,-2.221517669,0.512357332,0.383488472,2.016660658,0.16767913,-0.871267485,0.966549368,4.113880902,0.421053299,0.541105152,-3.140442783,-1.360538265,-0.956037067,2.310085542,0.632921527,0.889304095,-2.3667031,-0.060799148,0.36325467,0.988098919,0.378462415,-1.202793835,0,Normal
